# columns:
# 1 L
# 2 T
# 3 J
# 4 E_per_spin
# 5 <m>
# 6 <|m|>
# 7 <m^2>
# 8 <m^4>
# 9 chi
# 10 binder
# 11 acceptance
5 1.0000000000 1.0000000000 -1.9968800000 0.9992080000 0.9992080000 0.9984832000 0.9972118159 0.0016643184 0.6665853819 0.0007320000
5 1.5000000000 1.0000000000 -1.9499440000 0.9861560000 0.9861560000 0.9741740800 0.9543852790 0.0278403944 0.6647804513 0.0136640000
5 1.8000000000 1.0000000000 -1.8608560000 0.6514040000 0.9571000000 0.9240934400 0.8740096041 0.1118476389 0.6588360173 0.0412540000
5 1.9000000000 1.0000000000 -1.8064240000 -0.1995560000 0.9366760000 0.8914515200 0.8261409812 0.1853893556 0.6534727024 0.0585760000
5 2.0000000000 1.0000000000 -1.7526000000 0.0119000000 0.9162080000 0.8591635200 0.7801969644 0.2465802592 0.6476848294 0.0774420000
5 2.1000000000 1.0000000000 -1.6815040000 0.0329280000 0.8870160000 0.8153843200 0.7203706716 0.3403206636 0.6388313406 0.1026740000
5 2.1500000000 1.0000000000 -1.6384960000 -0.0820440000 0.8681480000 0.7880768000 0.6852163666 0.3999517453 0.6322358532 0.1182960000
5 2.1750000000 1.0000000000 -1.6172720000 0.1819840000 0.8574760000 0.7736268800 0.6679770522 0.4409401083 0.6279706649 0.1254680000
5 2.2000000000 1.0000000000 -1.5978640000 0.0383440000 0.8512280000 0.7630124800 0.6519590441 0.4366292275 0.6267190930 0.1333120000
5 2.2250000000 1.0000000000 -1.5823840000 0.0527080000 0.8451040000 0.7539027200 0.6402299802 0.4460893167 0.6245223147 0.1387720000
5 2.2500000000 1.0000000000 -1.5465360000 0.0843880000 0.8250480000 0.7287193600 0.6119098900 0.5335017522 0.6158988543 0.1519880000
5 2.2750000000 1.0000000000 -1.5369440000 -0.0243960000 0.8247600000 0.7251334400 0.6041654866 0.4934547516 0.6169999852 0.1553660000
5 2.3000000000 1.0000000000 -1.5164560000 0.0301640000 0.8137600000 0.7101740800 0.5866617917 0.5213993739 0.6122632954 0.1644620000
5 2.3250000000 1.0000000000 -1.4822320000 -0.1173120000 0.7982400000 0.6897100800 0.5628929434 0.5647632516 0.6055686708 0.1761400000
5 2.3500000000 1.0000000000 -1.4588800000 0.0049200000 0.7863200000 0.6744467200 0.5456877015 0.5973146553 0.6001219024 0.1858080000
5 2.3750000000 1.0000000000 -1.4324400000 -0.0398480000 0.7725640000 0.6566476800 0.5258041958 0.6293952200 0.5935211396 0.1961280000
5 2.4000000000 1.0000000000 -1.4100720000 -0.0922800000 0.7624760000 0.6428595200 0.5093020344 0.6405194732 0.5892079815 0.2058320000
5 2.5000000000 1.0000000000 -1.3099520000 0.0074840000 0.7118120000 0.5786771200 0.4388822241 0.7200079666 0.5631280977 0.2460500000
5 2.6000000000 1.0000000000 -1.2361520000 0.0460160000 0.6763200000 0.5336576000 0.3896265728 0.7331620923 0.5439610719 0.2762260000
5 2.7000000000 1.0000000000 -1.1334320000 0.0298200000 0.6212120000 0.4676896000 0.3228824842 0.7572708431 0.5079516203 0.3216080000
5 2.8000000000 1.0000000000 -1.0709520000 0.0145520000 0.5888560000 0.4291718400 0.2853629276 0.7358968863 0.4835671485 0.3500140000
5 3.0000000000 1.0000000000 -0.9351360000 -0.0081720000 0.5187080000 0.3484448000 0.2084101468 0.6615567561 0.4278240105 0.4127260000
5 3.5000000000 1.0000000000 -0.7158320000 0.0029440000 0.4048280000 0.2296204800 0.1092455547 0.4695340744 0.3093448120 0.5225120000
5 4.0000000000 1.0000000000 -0.5773680000 0.0091800000 0.3361840000 0.1648275200 0.0634505155 0.3237989884 0.2215074671 0.6002400000
5 4.5000000000 1.0000000000 -0.4932640000 0.0029800000 0.2973440000 0.1312902400 0.0429434122 0.2382043648 0.1695558870 0.6505080000
5 5.0000000000 1.0000000000 -0.4357280000 -0.0005600000 0.2764000000 0.1139852800 0.0330496000 0.1879416000 0.1520945786 0.6881200000
5 5.5000000000 1.0000000000 -0.3913680000 -0.0061960000 0.2613160000 0.1025152000 0.0273842545 0.1555870370 0.1314333690 0.7170000000
5 6.0000000000 1.0000000000 -0.3510160000 -0.0007760000 0.2466720000 0.0919308800 0.0223676826 0.1295158517 0.1177799957 0.7433820000
5 6.5000000000 1.0000000000 -0.3261600000 0.0003320000 0.2382560000 0.0857472000 0.0195249807 0.1114664556 0.1148243380 0.7627420000
5 7.0000000000 1.0000000000 -0.2967440000 -0.0043160000 0.2266440000 0.0786451200 0.0169697710 0.0974200617 0.0854421783 0.7820700000
10 1.0000000000 1.0000000000 -1.9970680000 0.9992540000 0.9992540000 0.9985245200 0.9971135342 0.0015963484 0.6666458328 0.0007510000
10 1.5000000000 1.0000000000 -1.9510500000 0.9865800000 0.9865800000 0.9737311600 0.9496089769 0.0260709067 0.6661545813 0.0134450000
10 1.8000000000 1.0000000000 -1.8589140000 0.9567670000 0.9567670000 0.9173783800 0.8481579865 0.1097382062 0.6640624895 0.0415400000
10 1.9000000000 1.0000000000 -1.8109380000 0.9391880000 0.9391880000 0.8854070000 0.7942351055 0.1754158240 0.6622915542 0.0572105000
10 2.0000000000 1.0000000000 -1.7364960000 -0.6735770000 0.9037970000 0.8285517400 0.7102201750 0.5851361396 0.6551482113 0.0819910000
10 2.1000000000 1.0000000000 -1.6690100000 0.1800930000 0.8743650000 0.7790940200 0.6374189947 0.6942793702 0.6499548985 0.1059390000
10 2.1500000000 1.0000000000 -1.6173220000 -0.1457610000 0.8476830000 0.7371316600 0.5801185185 0.8634972796 0.6441185551 0.1248400000
10 2.1750000000 1.0000000000 -1.5957760000 0.4718010000 0.8321490000 0.7165357000 0.5569935118 1.1063789333 0.6383793560 0.1326535000
10 2.2000000000 1.0000000000 -1.5637520000 -0.1064360000 0.8167500000 0.6913780400 0.5231532047 1.1044307955 0.6351818194 0.1443890000
10 2.2250000000 1.0000000000 -1.5287520000 0.2809770000 0.7922290000 0.6601855000 0.4893288367 1.4633128791 0.6257622509 0.1567185000
10 2.2500000000 1.0000000000 -1.4967540000 -0.0617520000 0.7714980000 0.6314550800 0.4563293026 1.6109295998 0.6185196436 0.1686445000
10 2.2750000000 1.0000000000 -1.4530980000 -0.0722580000 0.7323860000 0.5868599600 0.4142348339 2.2184926156 0.5990812175 0.1857925000
10 2.3000000000 1.0000000000 -1.4425480000 0.1454430000 0.7382090000 0.5866583800 0.4052372476 1.8132979269 0.6075199873 0.1893690000
10 2.3250000000 1.0000000000 -1.3933180000 -0.0006010000 0.6915310000 0.5325463800 0.3554777920 2.3368282167 0.5821923906 0.2088410000
10 2.3500000000 1.0000000000 -1.3722320000 0.0048590000 0.6821550000 0.5198301000 0.3412806314 2.3189215309 0.5790141094 0.2173750000
10 2.3750000000 1.0000000000 -1.3331840000 -0.1212970000 0.6517350000 0.4827284200 0.3058830601 2.4408383063 0.5624492471 0.2330210000
10 2.4000000000 1.0000000000 -1.3178200000 0.1156500000 0.6435360000 0.4725480400 0.2944721870 2.4337273627 0.5604269131 0.2391445000
10 2.5000000000 1.0000000000 -1.1905620000 0.1216260000 0.5494880000 0.3647053600 0.1980125172 2.5107319142 0.5037653365 0.2899780000
10 2.6000000000 1.0000000000 -1.0833240000 0.0075450000 0.4573910000 0.2727387400 0.1299164603 2.4435466584 0.4178307466 0.3368120000
10 2.7000000000 1.0000000000 -0.9973040000 -0.0110200000 0.3917120000 0.2094612400 0.0846391710 2.0749240391 0.3569528677 0.3742605000
10 2.8000000000 1.0000000000 -0.9303520000 0.0203720000 0.3466760000 0.1693307600 0.0601554005 1.7552325366 0.3006708159 0.4060885000
10 3.0000000000 1.0000000000 -0.8269380000 -0.0062990000 0.2792850000 0.1139556600 0.0304740157 1.1985182925 0.2177661053 0.4574370000
10 3.5000000000 1.0000000000 -0.6657320000 -0.0051720000 0.2051920000 0.0640085200 0.0109691032 0.6258503753 0.1075697178 0.5455275000
10 4.0000000000 1.0000000000 -0.5611920000 -0.0025430000 0.1698330000 0.0444171000 0.0055376501 0.3893463028 0.0643706071 0.6077840000
10 4.5000000000 1.0000000000 -0.4843460000 0.0043630000 0.1499470000 0.0349519400 0.0034658399 0.2770630487 0.0543189825 0.6545135000
10 5.0000000000 1.0000000000 -0.4284560000 0.0006710000 0.1328430000 0.0275256600 0.0021835698 0.1975679470 0.0393386181 0.6914915000
10 5.5000000000 1.0000000000 -0.3847580000 -0.0028060000 0.1271000000 0.0251680800 0.0018388476 0.1638849091 0.0323365835 0.7212345000
10 6.0000000000 1.0000000000 -0.3480020000 0.0004400000 0.1218000000 0.0231054000 0.0015353007 0.1378360000 0.0413828222 0.7457280000
10 6.5000000000 1.0000000000 -0.3189380000 0.0031100000 0.1163240000 0.0212352000 0.0013241979 0.1185219542 0.0211437350 0.7660670000
10 7.0000000000 1.0000000000 -0.2973440000 -0.0006510000 0.1127390000 0.0197554600 0.0011270823 0.1006482554 0.0373684886 0.7829950000
20 1.0000000000 1.0000000000 -1.9971850000 0.9992807500 0.9992807500 0.9985659787 0.9971497400 0.0015845717 0.6666614096 0.0007222500
20 1.5000000000 1.0000000000 -1.9509350000 0.9864087500 0.9864087500 0.9731077712 0.9473442669 0.0281464462 0.6665239146 0.0134683750
20 1.8000000000 1.0000000000 -1.8587815000 0.9564672500 0.9564672500 0.9153488887 0.8397101699 0.1153974283 0.6659320277 0.0415870000
20 1.9000000000 1.0000000000 -1.8101435000 0.9387620000 0.9387620000 0.8822069950 0.7814032381 0.1964004960 0.6653329482 0.0573460000
20 2.0000000000 1.0000000000 -1.7472295000 0.9118730000 0.9118730000 0.8333845175 0.7002803118 0.3744298742 0.6639067380 0.0790155000
20 2.1000000000 1.0000000000 -1.6556895000 0.8656755000 0.8656755000 0.7538382850 0.5800575836 0.8465168952 0.6597536507 0.1102791250
20 2.1500000000 1.0000000000 -1.6127375000 -0.8401802500 0.8401802500 0.7124734963 0.5235999115 1.2224453507 0.6561722835 0.1261186250
20 2.1750000000 1.0000000000 -1.5839255000 -0.0285455000 0.8207380000 0.6833109275 0.4871582889 1.7839196057 0.6522139888 0.1366386250
20 2.2000000000 1.0000000000 -1.5465780000 -0.1877492500 0.7896142500 0.6406403863 0.4381597461 3.1181313540 0.6441371972 0.1502565000
20 2.2250000000 1.0000000000 -1.5074195000 0.0459342500 0.7503477500 0.5895648288 0.3852157720 4.7717901699 0.6305806234 0.1646367500
20 2.2500000000 1.0000000000 -1.4715865000 -0.2032060000 0.7079440000 0.5407544925 0.3408541994 7.0346285092 0.6114498134 0.1782930000
20 2.2750000000 1.0000000000 -1.4354730000 0.2378537500 0.6798242500 0.5017552838 0.2998818905 6.9616303933 0.6029501134 0.1917605000
20 2.3000000000 1.0000000000 -1.3876930000 -0.3097147500 0.6296492500 0.4396991513 0.2424713489 7.5201692564 0.5819502970 0.2101108750
20 2.3250000000 1.0000000000 -1.3370970000 0.1849095000 0.5632910000 0.3719902000 0.1912680028 9.4096256893 0.5392577158 0.2294737500
20 2.3500000000 1.0000000000 -1.3143420000 -0.2012482500 0.5558607500 0.3562404313 0.1725254522 8.0441289974 0.5468463276 0.2383797500
20 2.3750000000 1.0000000000 -1.2692555000 -0.0077625000 0.4885275000 0.2919257600 0.1300363994 8.9712238726 0.4913736659 0.2559888750
20 2.4000000000 1.0000000000 -1.2372590000 0.0947447500 0.4550982500 0.2597724288 0.1081058773 8.7763352662 0.4659991587 0.2693420000
20 2.5000000000 1.0000000000 -1.1193535000 0.0296045000 0.3266200000 0.1453992175 0.0420903224 6.1949748960 0.3363534226 0.3181825000
20 2.6000000000 1.0000000000 -1.0290675000 -0.0370285000 0.2430565000 0.0862458875 0.0176728326 4.1799115858 0.2080311162 0.3575953750
20 2.7000000000 1.0000000000 -0.9641950000 -0.0253295000 0.2007255000 0.0614806525 0.0099526592 3.1392483185 0.1223104193 0.3879750000
20 2.8000000000 1.0000000000 -0.9086205000 0.0085627500 0.1718917500 0.0454638688 0.0057024766 2.2738707188 0.0803777361 0.4150612500
20 3.0000000000 1.0000000000 -0.8197835000 0.0023617500 0.1367467500 0.0289248463 0.0023399394 1.3633563486 0.0677310033 0.4603860000
20 3.5000000000 1.0000000000 -0.6610345000 -0.0025617500 0.1004662500 0.0157524488 0.0007278823 0.6467407270 0.0222141394 0.5477900000
20 4.0000000000 1.0000000000 -0.5581010000 -0.0006365000 0.0844230000 0.0111065100 0.0003627921 0.3979267071 0.0196495942 0.6090321250
20 4.5000000000 1.0000000000 -0.4831550000 0.0016895000 0.0729860000 0.0082837150 0.0001997490 0.2628230048 0.0296844243 0.6558472500
20 5.0000000000 1.0000000000 -0.4282565000 -0.0006185000 0.0670155000 0.0070400925 0.0001476472 0.2039212208 0.0070047496 0.6922272500
20 5.5000000000 1.0000000000 -0.3851405000 -0.0011987500 0.0629607500 0.0062387388 0.0001176808 0.1654314698 -0.0078377142 0.7212682500
20 6.0000000000 1.0000000000 -0.3495225000 -0.0004417500 0.0597462500 0.0056348088 0.0000964255 0.1376796241 -0.0123075882 0.7456733750
20 6.5000000000 1.0000000000 -0.3201825000 -0.0010367500 0.0580182500 0.0052875613 0.0000838241 0.1182427026 0.0006057221 0.7656181250
20 7.0000000000 1.0000000000 -0.2960510000 0.0004782500 0.0562147500 0.0049411138 0.0000713557 0.1017723219 0.0257784844 0.7826572500
40 1.0000000000 1.0000000000 -1.9972257500 0.9992938125 0.9992938125 0.9985890665 0.9971838841 0.0015084536 0.6666654097 0.0007111875
40 1.5000000000 1.0000000000 -1.9515648750 0.9866228125 0.9866228125 0.9734498540 0.9477027153 0.0269651615 0.6666321596 0.0132970000
40 1.8000000000 1.0000000000 -1.8597817500 0.9570226250 0.9570226250 0.9160176330 0.8395444606 0.1114028505 0.6664854554 0.0412645312
40 1.9000000000 1.0000000000 -1.8097536250 0.9384750000 0.9384750000 0.8809610936 0.7768793896 0.1901203947 0.6663286738 0.0574706563
40 2.0000000000 1.0000000000 -1.7450048750 0.9111838750 0.9111838750 0.8307170906 0.6915972129 0.3688292520 0.6659390677 0.0793626875
40 2.1000000000 1.0000000000 -1.6620855000 0.8678168750 0.8678168750 0.7544681394 0.5731061041 1.0377225450 0.6643922584 0.1083873750
40 2.1500000000 1.0000000000 -1.6094721250 0.8342761250 0.8342761250 0.6987223919 0.4949022242 2.0135733060 0.6620995047 0.1273350625
40 2.1750000000 1.0000000000 -1.5778347500 0.8104498750 0.8104498750 0.6609361466 0.4461515630 3.0213492782 0.6595587661 0.1388695000
40 2.2000000000 1.0000000000 -1.5544228750 0.7986151250 0.7986151250 0.6411773742 0.4191240878 2.4663682473 0.6601674383 0.1475036563
40 2.2250000000 1.0000000000 -1.5064322500 0.7387230000 0.7387236250 0.5608197664 0.3361090606 10.8635845559 0.6437848871 0.1652111875
40 2.2500000000 1.0000000000 -1.4649603750 0.1086804375 0.6980061875 0.5007805901 0.2706061140 9.6483216283 0.6403157883 0.1806860000
40 2.2750000000 1.0000000000 -1.4073991250 0.3280807500 0.5775065000 0.3747915080 0.1796216831 29.0305057945 0.5737562514 0.2021177500
40 2.3000000000 1.0000000000 -1.3798753750 -0.4515603125 0.5689399375 0.3573131048 0.1591469966 23.3881407187 0.5844920830 0.2129598750
40 2.3250000000 1.0000000000 -1.3148885000 0.2563026250 0.4234832500 0.2234384606 0.0799303985 30.3486607102 0.4663274534 0.2377433438
40 2.3500000000 1.0000000000 -1.2709826250 -0.0588186250 0.3481332500 0.1602954555 0.0468174464 26.6203885707 0.3926429910 0.2546482812
40 2.3750000000 1.0000000000 -1.2393722500 -0.0762136250 0.3025572500 0.1259363219 0.0321063491 23.1716596867 0.3252115220 0.2675658437
40 2.4000000000 1.0000000000 -1.2102063750 0.0300885625 0.2491655625 0.0905453773 0.0187907532 18.9745998198 0.2360052613 0.2792457187
40 2.5000000000 1.0000000000 -1.1074546250 0.0291552500 0.1598346250 0.0396382708 0.0044446328 9.0183445967 0.0570574586 0.3225531875
40 2.6000000000 1.0000000000 -1.0270241250 -0.0043718125 0.1202863125 0.0225187854 0.0014556812 4.9538390251 0.0431252236 0.3582614687
40 2.7000000000 1.0000000000 -0.9636918750 -0.0057146250 0.1005947500 0.0154931392 0.0006882260 3.1844951059 0.0442792824 0.3880862812
40 2.8000000000 1.0000000000 -0.9088896250 -0.0021305000 0.0849738750 0.0111599178 0.0003541775 2.2510619314 0.0520667743 0.4146666875
40 3.0000000000 1.0000000000 -0.8168612500 -0.0041000000 0.0674640000 0.0070739327 0.0001436167 1.3453553921 0.0433303765 0.4611998750
40 3.5000000000 1.0000000000 -0.6607731250 0.0013776250 0.0495762500 0.0038694098 0.0000451628 0.6453052707 -0.0054730228 0.5473599062
40 4.0000000000 1.0000000000 -0.5570540000 0.0007081250 0.0414238750 0.0026934505 0.0000215271 0.3910052195 0.0108860459 0.6093975938
40 4.5000000000 1.0000000000 -0.4844712500 -0.0010433750 0.0365178750 0.0020894845 0.0000131005 0.2687748753 -0.0002050286 0.6555818125
40 5.0000000000 1.0000000000 -0.4280587500 0.0007941875 0.0336161875 0.0017617620 0.0000092783 0.2021484451 0.0035512059 0.6921788125
40 5.5000000000 1.0000000000 -0.3844095000 0.0005071875 0.0318291875 0.0015958763 0.0000077972 0.1695357531 -0.0205158782 0.7213457500
40 6.0000000000 1.0000000000 -0.3497972500 -0.0002466250 0.0301623750 0.0014323450 0.0000062312 0.1393536358 -0.0124112661 0.7451113750
40 6.5000000000 1.0000000000 -0.3205356250 0.0006086875 0.0284825625 0.0012861276 0.0000050378 0.1168913752 -0.0152002718 0.7654700313
40 7.0000000000 1.0000000000 -0.2952915000 0.0000633125 0.0282781875 0.0012558327 0.0000047534 0.1042689934 -0.0046506324 0.7830919375
