nms2/nms2/gaia_query.ecsv
# %ECSV 1.0
# ---
# delimiter: ' '
# datatype:
# -
#   name: ra
#   datatype: float64
#   unit: deg
#   description: Right ascension
#   meta:
#     ucd: pos.eq.ra;meta.main
#     utype: stc:AstroCoords.Position3D.Value3.C1
#     CoosysSystem: ICRS
#     CoosysEpoch: J2016.0
# -
#   name: dec
#   datatype: float64
#   unit: deg
#   description: Declination
#   meta:
#     ucd: pos.eq.dec;meta.main
#     utype: stc:AstroCoords.Position3D.Value3.C2
#     CoosysSystem: ICRS
#     CoosysEpoch: J2016.0
# -
#   name: parallax
#   datatype: float64
#   unit: mas
#   description: Parallax
#   meta:
#     ucd: pos.parallax.trig
# -
#   name: parallax_over_error
#   datatype: float32
#   description: Parallax divided by its standard error
#   meta:
#     ucd: stat.snr;pos.parallax.trig
# -
#   name: phot_g_mean_mag
#   datatype: float32
#   unit: mag
#   description: G-band mean magnitude
#   meta:
#     ucd: phot.mag;em.opt
# meta:
#   QUERY_STATUS: OK
#   QUERY: 
#   |
#    SELECT TOP 2000 gaia_source.ra,gaia_source.dec,gaia_source.parallax,gaia_source.parallax_over_error,gaia_source.phot_g_mean_mag
#    FROM gaiadr3.gaia_source 
#    WHERE (gaiadr3.gaia_source.parallax_over_error>=5 AND gaiadr3.gaia_source.phot_g_mean_mag<=5.5)
#   CITATION: https://www.cosmos.esa.int/web/gaia-users
#   RELEASE: Gaia DR3
#   JOBID: 38050949-3cf2-11f1-900e-bc97e148b76b-O
ra dec parallax parallax_over_error phot_g_mean_mag
[from data line 215]
88.87483789134227 -37.12074843715131 10.142690211170954 36.324806 4.682606
80.11222751822649 -21.2398015883729 7.822349465520583 69.72597 4.71341
94.92830924227715 -7.822912210337268 2.664480771576969 20.523771 5.2126594
115.31146191996875 -9.551220883265277 22.38391398947461 166.01057 3.6608422
108.54505241758181 -3.9018134605480905 3.7035958626550185 43.715748 5.2909684
119.58537274339776 2.225204602073261 12.71173343169387 163.3446 5.047312
106.02184264041104 -5.323984650671346 1.99537029318115 30.332237 5.264415
81.18678542582163 1.846446899728481 2.9321394722522793 24.050005 4.6411395
71.37569807929303 -3.2547165420992292 5.812500966407835 21.554352 4.00829
67.10991863798837 16.359757172448226 16.802952078264994 161.93144 4.6231513
66.3729376285106 17.927768735352878 21.086509524006694 152.63867 4.295662
91.24316966632924 4.158649114570995 2.134006789449511 7.6169243 5.3518066
84.2270617541914 9.289315600777243 28.672196661235088 154.19344 3.7976506
76.14236864858779 15.403964175539897 7.806759669030735 55.68844 4.6403
87.2539810627655 24.56739978992664 6.352816909370305 5.8335295 4.5764666
87.76035890286224 37.30536699975672 5.735845053078788 27.905642 3.9505138
180.21308260717453 -19.65895082036001 1.6890567730668358 11.078758 5.235829
206.12433640270262 -16.179099735281028 3.777013889621134 57.732655 5.340338
221.29853452087985 -1.4175420814042388 3.9845361915920643 43.568256 5.2657595
195.54291476874843 10.95923674149768 30.210957333166505 158.40178 2.619051
156.43385410891608 -7.059247472524369 7.127026863265358 41.88525 4.935474
142.28773185495155 -2.7690784103141683 54.9186971699019 121.41538 4.4650126
164.00601562941623 6.1853401757926 8.745383837761048 12.290874 3.834727
184.0004067103691 14.89892987587069 15.330878882978 143.58861 5.0733414
285.61519373408595 -24.847612327833133 12.488177119095623 149.28305 5.2824984
278.4728472798821 -24.032314643183064 1.7715454322748339 16.660236 4.7401404
287.440967928891 -21.02377872569698 6.241001258151316 21.759373 2.803014
289.4086141104717 -18.952954747215895 6.777254726264007 56.927727 4.610157
283.6796303399249 -15.603066511473397 1.7668059473392144 14.0718775 5.0078907
270.1215640302489 -3.6904755879023337 43.48225068697341 328.5237 4.5056276
305.79443412910786 5.342805164187034 12.606834720547607 135.18329 5.042223
290.14871833231086 -0.8921425909353663 6.658723243989761 83.30035 5.4386754
275.32505935876196 -2.9019428805540897 52.44130794438597 257.52072 2.9904501
292.54390371441406 2.9040693655961323 1.6880028938366798 13.980152 5.1534834
293.44178284648535 5.465586395833105 4.6194126610306325 41.000763 4.5666766
297.75794101185363 10.41511259772722 51.31327446246717 571.7107 4.9761753
265.0497219562628 -2.152336977125038 5.668170069165319 94.97751 5.116931
245.51741446723025 1.0292684506013956 35.53879718864754 260.17795 4.739257
251.94333015762658 5.246571902304528 7.7183720537095635 67.26547 5.198735
248.15040614331562 11.487689050289838 8.952336703856218 61.574383 4.2325697
275.5363084455299 23.28551743458474 5.452340156573915 51.59358 4.6650925
263.41412129724665 16.317299923481663 10.10791493535939 230.7914 5.412944
21.272347080059838 -64.3695486242912 3.4638256595396935 74.6458 5.2771287
87.45757439869 -56.166989810338 17.576357682340994 114.40737 4.1727095
14.651598785584167 -29.35743084547439 4.622407535077458 24.252493 4.268622
58.42807412986235 -24.6122574101642 9.95848020725859 57.838684 4.596625
29.167801413987608 -22.52689417375069 7.328993991597423 58.00413 4.4074054
130.33061919102113 -78.9632435000351 10.16790816850499 152.86343 5.442643
125.15793284529501 -77.48429877760321 21.346217851181166 211.2633 4.0109277
136.40984566742884 -70.53845796451294 2.4705658407283346 26.601772 4.599252
149.51991330645797 -58.86115458326822 2.8824787677975467 18.037657 4.818587
142.80522590576416 -57.03435042166543 14.623396609093676 78.71472 2.5465453
160.66897013737804 -59.21574664835191 0.4715162019040973 7.0495057 5.271519
161.42095102948417 -47.45980120676098 2.511500548865757 66.94716 5.414826
147.67446453064946 -46.93377828822762 5.422660016218994 100.63794 5.455289
141.2824251841136 -43.97641926022668 3.5307428127688247 50.339306 5.0859585
95.75588390830103 -63.68305840579644 2.8437197374286844 75.925095 5.469974
92.57458961026852 -54.96860694005012 2.1502738856897965 14.182561 4.720275
105.21436937243438 -51.402496442687614 4.3904550603083 48.416058 4.2988853
118.2650856736453 -49.61297718879144 4.084498273173237 37.729195 4.572828
122.37211545208517 -47.3452393935982 2.6051958137295665 21.0988 4.196464
122.39956751171958 -44.122753377771616 3.059060106532097 25.768995 5.1504083
130.48708723542606 -45.410691833782316 0.5990418486351304 8.7413225 5.1157784
122.97231601779875 -35.77303387474525 3.043099422928098 64.3859 5.268675
121.06742601306047 -32.67480007276501 0.8125831094136867 8.022105 4.0994883
98.08948353584422 -37.697059702338336 11.469225803972678 146.70892 4.9751806
105.42975475577698 -27.934808608833123 2.508532778196012 15.78005 2.7605493
142.4769948009222 -26.589612013832753 4.044697469312607 55.33425 5.0724587
145.55812521272944 -23.914401382944526 66.8827127039656 595.5052 4.772147
139.8882356331842 -15.834901702951452 6.492709783757276 93.442474 5.3955507
145.07639180659032 -14.332378738833503 6.995165569673457 36.87843 5.028224
121.8856299797689 -24.304115553778075 51.39988628348321 210.19208 2.7505891
119.21462935159946 -22.880091781615068 5.680558604171129 44.409985 4.0176034
139.9431298177414 -11.974797638401844 9.451398159796312 70.05204 4.520355
141.94395258828746 -6.071625333156992 32.299425427350585 89.61689 5.1625314
139.1739963187711 -6.353130548472965 9.37793333207303 17.30504 4.8943553
132.34043464815636 -3.4431266282679234 7.595431952277188 69.77667 5.2753963
229.7047355591172 -60.49634901289514 1.209117049707579 14.750633 5.378384
267.5463147469851 -40.090441230775156 0.8147793941012971 6.4356785 4.686216
243.81359658185508 -47.37222336439839 8.904933793013871 83.08115 5.102956
241.6479992105244 -36.802413825718396 7.368508935965101 29.060553 4.1565685
233.97173763292383 -44.958481101484004 6.8459509593973475 51.980003 4.680546
195.88844359853007 -49.527314676186336 14.827648816023322 138.24344 4.8096676
197.84603522608407 -43.36864671556862 14.078844394624666 135.57674 4.9470434
233.65554656177224 -28.04716328166895 9.384895401942979 15.557259 4.6517353
237.74469925297092 -25.751404905972027 6.781097417418729 47.251003 4.593921
241.36061531561322 -19.801970815483358 8.23681525702171 16.463682 4.8045835
226.65648166537989 -16.256921928036633 5.177242284986571 49.48312 4.5563684
231.0492139557202 -10.322955721475939 34.622240443369186 56.83515 4.782545
220.76559123742143 -5.6596064403480675 52.18150644577868 135.34793 3.7671251
308.3237630446946 -80.96495881686316 4.282340265947909 25.948816 5.4169326
312.3249274287583 -68.77674196691326 10.125139433110455 163.86842 5.103087
321.61171581249374 -65.3626399731515 108.01020563892783 1018.3547 4.0891333
329.47986679144515 -54.99259895540606 21.22153377386448 19.769741 4.239373
311.2390853775673 -66.20316637313928 23.801133037350663 129.34186 3.4054875
310.0138189119736 -60.55142507247136 40.568279192151905 453.45978 4.9773397
340.2042814749778 -57.422344356174754 4.707330070792729 117.26511 5.4650664
347.5905760162791 -45.246834538955106 15.856632630340396 30.116125 3.6254985
344.89895463645706 -29.46228988424695 10.460589214368216 125.88492 5.445175
282.2105218250738 -43.680117898897606 8.895474308416244 29.255445 5.422138
287.36856645660606 -37.904903337796014 27.088397531639504 75.96247 4.0972977
305.1659635365818 -12.759147847638765 12.173668154797797 76.22308 4.75221
57.067886248816585 11.143196305561473 7.30711506934553 60.6223 5.053788
67.15467370962931 19.180273317307044 22.36535445562801 129.94432 3.2804532
51.077055224534945 24.72387555992421 14.990925378040536 152.83763 5.1460037
42.133895791770826 18.283646586571003 7.301999018272555 79.10874 5.4522367
70.56126220749623 22.956827136792597 8.231040238855318 20.329557 4.3216267
56.07975605974174 32.28820323631351 3.0223525151861725 7.897248 3.842228
55.731412103792316 47.78739289427855 6.243474592998773 12.510032 2.9823132
76.66908986187244 51.59695829274448 37.055064098479605 270.20157 4.898983
29.432332558988996 27.804110346172397 6.143232526957839 31.451746 4.951292
20.280865282065655 28.737876150744036 7.743097860546614 84.956825 4.7491145
22.525416770962924 47.0070830338264 9.794715457125504 83.98168 5.011265
8.249996717303175 62.9317732684215 1.0644361052472915 6.5404034 4.118094
47.27540485964256 49.612873858437766 94.54120718732504 652.8541 3.9026392
50.80513782717752 49.213159855361674 5.681716351227562 67.95127 5.2972746
61.11314961992613 59.15551363797133 1.5557644695113364 14.864416 4.8538966
24.628647617442248 73.03997759097248 7.077087078733251 141.78096 5.026896
80.6378397862045 79.23187117015195 48.109843338113144 662.2083 4.9560766
137.00004423055893 29.65424386652119 12.034634753965154 119.55054 5.1898885
167.3292550032015 36.30927643772367 7.597592993910948 53.646374 4.433679
142.88474751755192 35.10283899903682 6.627115847712121 55.561466 4.718575
145.50113739407936 39.757639175089494 9.071357983019167 161.8818 5.379385
103.42609455061577 68.88834524989218 3.517180478330499 25.254854 5.0864677
144.27155032517524 81.32630730588205 3.5422715513901784 19.92903 3.785223
224.84632209803112 4.567736357051796 5.038863262831587 79.96106 5.0617785
226.11055789541126 26.947625937302757 12.61441242453569 140.75252 4.109814
230.03505793356243 29.616016255005576 11.911299573573233 208.18114 5.219635
220.85561001435758 26.527782631360317 5.512445131360102 38.94599 3.841982
259.41750492094536 37.291766258237836 18.654592968099944 219.73671 4.6189446
234.84438427599244 36.63577788094199 6.425871677276062 66.95058 4.985497
247.16079375745315 41.881650687920455 8.486623721850398 37.606518 2.7236698
234.45701655057889 40.35370041324991 18.575205572648223 334.66385 4.996858
237.6942691540535 48.482917538259905 3.398059147970198 29.43764 4.6493096
204.36459586474885 36.29500221004325 17.724343939956963 183.09625 4.89656
201.30730577290853 54.987845339784336 40.46506499292375 294.58597 3.9743545
187.48834130203278 58.40614456546628 11.798668673688727 36.375755 5.315717
267.3633617683253 76.96397841698551 31.587691417850124 364.60632 4.895288
251.49328885063915 82.03726905338733 9.863740345240691 68.9463 3.9690459
317.1171975690525 6.989370672170595 2.8645534123737715 53.757133 5.3485217
315.1152950642966 19.32931602135938 5.454983158798558 72.42983 4.795924
295.02420100421784 18.01380056331931 7.63529982115143 68.87817 4.1711555
331.29737015159884 26.673823945706733 7.39192971296263 145.79013 5.3534913
336.9429935522371 31.840175326672 4.041606777388269 90.00436 5.4824376
351.0368865577605 41.61286243204438 2.3076421176190878 42.0861 5.2482433
320.70237609415886 40.93243730176285 6.899880162085831 67.64992 4.6559525
296.60678841603806 33.72560570838146 47.65163375971132 705.5243 4.873973
296.2039264447437 40.716695136729605 3.3715439952077304 65.22812 5.3045487
299.9741265716999 52.14986686419233 3.1532084120950286 42.25244 5.119159
337.2928846512036 58.41520817273959 3.5550642334569473 24.095732 3.8505998
339.66271762184084 63.58438561837723 10.647741020295081 167.96397 5.162956
330.9498703431263 64.6283669591411 32.1200261538732 39.821358 4.3197494
317.38189524895535 68.49069786975204 5.439977069004045 15.652064 4.64416
311.8886154140123 80.55209460631015 7.7308638372617695 109.18428 5.026581
2.893445075101943 -27.7996623376141 5.7131873240948705 70.18573 4.986435
5.380160576637315 -28.981791292687635 9.572373859502258 119.69933 4.9200583
13.169449814459528 -24.005690655603203 6.061895751989178 88.67304 5.0670624
2.139642121089229 -17.578364695103318 2.3085018346406954 32.952484 5.32114
12.357219476591224 -13.561735412506614 9.981714338763407 125.07685 5.17749
356.05046034296106 -18.27695873545424 7.590156138744312 25.432337 5.2236905
355.44092680677056 -17.816528929503807 4.5742609667254985 36.705647 4.6048746
0.9350673848393924 -17.336031385276243 10.507528415461392 88.99653 4.5165873
354.4149924490531 -13.060123674107357 11.011908567185886 177.51573 5.3765326
27.865310207287475 -10.335213090796154 12.877029083346933 61.32698 3.4277625
19.15075342521739 -2.5006521246476354 13.362183677269268 144.92987 5.280871
14.957123790787932 6.483203931533456 3.291155054143678 50.61886 5.23396
324.43847284374436 -7.854310194669084 18.23237478392839 132.7439 4.641373
1.4250386163348494 13.396241805911085 8.52596870276476 142.87367 5.311919
17.863600155794938 21.03460379402876 8.058174262985677 67.872314 4.3905344
9.981682169159237 21.43837170198038 7.505725604841456 104.35804 5.113717
91.43981189014927 -24.19562687012799 3.8974515986062066 37.452026 4.4638066
76.36538394458108 -22.371367602513757 15.599908298075055 145.2582 2.6534927
97.84623639671285 -12.392090908529328 8.523684395383926 48.537376 4.7773094
105.72822063907358 -4.239222040833818 2.616731858604434 17.121252 4.9240804
115.51340060203538 14.208461835326624 2.7257722973450464 22.058493 4.508947
83.51682784848883 -1.4703826160384472 6.207356179490488 63.66607 5.30662
83.56977894828836 3.7668275087787135 5.992829046631875 24.272793 5.3215394
71.50755198684372 11.705550634967647 15.422908890377675 173.00294 5.3164186
63.6509272749023 10.011349471180235 7.682226292367239 86.12434 5.1887217
89.7064927736685 0.5529919199175638 6.01043325989647 12.441073 5.1930594
110.486637288396 20.443552830396566 7.681236482047807 68.26065 4.4577756
102.99975006953139 23.601682615516822 7.274806414892579 98.44471 5.1445856
75.77426596731988 21.58977916305356 18.385106095758662 103.77738 4.583001
87.85733390574998 32.12469326492145 3.2540010440908724 21.57816 5.169213
188.59681758232725 -23.397012233844624 22.00492733579523 94.33057 2.448283
188.4444131958129 -9.452076775719696 11.686459983888229 80.38149 5.495604
185.086116816907 3.312288368336339 9.67000146218532 63.194607 4.59977
205.7641509760706 3.537569768634904 13.174935467628679 121.617256 5.10714
187.36258815879484 24.108927749508783 16.53040367915794 230.9739 5.3566923
277.85955143972217 -18.402795747260637 15.526957422485482 183.83812 5.1051507
295.6300284600269 -16.12404164957275 18.53475185161491 282.12912 4.9655333
301.0964463044536 -0.7098333876187539 7.4356086584750525 114.03234 5.2150507
289.6354530587189 1.0852076030005207 7.7682716225728 53.9772 4.8066545
242.9999646561224 -10.064281046765052 22.637915079666705 46.106472 4.902428
232.158943460297 1.8419274765521172 24.94854859345089 266.09457 5.10021
251.45787513632158 8.58267567834019 7.61421800225963 77.06399 4.512991
253.5017194336191 10.165206239842995 13.187038309111976 95.73195 4.326058
242.15200240530908 8.613046070894324 5.54681952276812 28.987724 4.8595753
272.1895398368398 20.814527882285596 2.8035935346765757 19.162575 4.334155
270.37674681285415 21.595951987426805 7.552600239991825 105.98469 4.8668303
87.47278969391049 -66.90110883988154 5.497004216133455 28.023207 5.092032
59.68654043977156 -61.400248435410774 6.038161508490298 46.117496 3.804274
16.828466602796897 -61.77533875169585 10.665785049307855 198.47298 5.1259003
41.36468148995741 -63.704592343495065 17.73732092598051 546.06824 5.48901
45.73292620685164 -46.97501079560927 3.7566199089098946 81.86224 5.4062586
63.50072823564913 -42.295271463682425 27.720985665984383 231.98256 3.5266554
62.71191289115035 -41.99329197232518 17.79870745529007 36.9258 4.776711
70.7885626742548 -30.76586152613707 5.326020129644852 127.8596 5.1771407
56.98363469226377 -30.16891124545046 11.53262927288706 225.18826 5.2567034
40.167596942337 -39.85549757179939 22.285267156631964 204.48055 3.821736
6.551492767246445 -43.67968625508389 41.72283479422134 307.24023 3.9185052
44.34952158451031 -23.862328235374992 20.54064042171187 323.56982 5.399037
