nms2/nms2/gaia_query.ecsv
# %ECSV 1.0
# ---
# delimiter: ' '
# datatype:
# -
#   name: ra
#   datatype: float64
#   unit: deg
#   description: Right ascension
#   meta:
#     ucd: pos.eq.ra;meta.main
#     utype: stc:AstroCoords.Position3D.Value3.C1
#     CoosysSystem: ICRS
#     CoosysEpoch: J2016.0
# -
#   name: dec
#   datatype: float64
#   unit: deg
#   description: Declination
#   meta:
#     ucd: pos.eq.dec;meta.main
#     utype: stc:AstroCoords.Position3D.Value3.C2
#     CoosysSystem: ICRS
#     CoosysEpoch: J2016.0
# -
#   name: parallax
#   datatype: float64
#   unit: mas
#   description: Parallax
#   meta:
#     ucd: pos.parallax.trig
# -
#   name: parallax_over_error
#   datatype: float32
#   description: Parallax divided by its standard error
#   meta:
#     ucd: stat.snr;pos.parallax.trig
# -
#   name: phot_g_mean_mag
#   datatype: float32
#   unit: mag
#   description: G-band mean magnitude
#   meta:
#     ucd: phot.mag;em.opt
# meta:
#   QUERY_STATUS: OK
#   QUERY: 
#   |
#    SELECT TOP 2000 gaia_source.ra,gaia_source.dec,gaia_source.parallax,gaia_source.parallax_over_error,gaia_source.phot_g_mean_mag
#    FROM gaiadr3.gaia_source 
#    WHERE (gaiadr3.gaia_source.parallax_over_error>=5 AND gaiadr3.gaia_source.phot_g_mean_mag<=5.5)
#   CITATION: https://www.cosmos.esa.int/web/gaia-users
#   RELEASE: Gaia DR3
#   JOBID: 38050949-3cf2-11f1-900e-bc97e148b76b-O
ra dec parallax parallax_over_error phot_g_mean_mag
[from data line 1712]
126.68299510475792 12.654147928033563 3.557497838975876 27.234713 4.4691615
156.47800139920705 33.79585502679851 13.464997808957971 109.64645 4.6493287
162.8486052169429 59.319891881063775 12.019923892432764 271.21942 5.251284
115.06099452967095 38.344495083672236 3.2400041844541296 41.487263 5.059237
108.95911015474843 47.23913713441689 59.340805456361466 1109.9232 5.38816
134.15568954886737 64.60342756603522 10.696925799366609 86.51141 5.321272
121.19537462771487 79.47939124529734 9.56997757429851 109.197716 5.3738437
100.12062000393435 77.99575740884993 4.495170648938949 98.77988 5.207614
242.90837791130033 23.494748184678972 4.749321667600259 35.90385 4.393531
221.30997540798023 16.96404317675555 12.681361451087424 91.58667 4.3405294
227.09911536242956 26.301084215546695 6.679799021882517 93.53844 5.2760253
215.55813236665452 29.36980519086603 4.52293567926001 46.48144 4.8893595
252.9386359234523 24.65645744438263 4.29812206725826 59.433952 4.678733
259.3315097591969 33.10007734753541 3.435643408857473 29.513243 4.815964
251.8322914851383 42.23879996662785 4.227758627953926 55.155216 4.6038456
248.5256674650253 42.43720619729277 10.856003592235812 27.01103 4.132682
231.1217925864527 37.37755402807135 26.575915380636612 33.764606 4.1502557
199.38485314248146 40.57268849014382 12.778260883599385 110.99067 4.652891
203.61271623521003 49.01609558061012 17.59519389006045 159.64081 4.650836
190.08863172278453 55.84656005460889 3.0799637105629594 30.58706 5.2288294
185.21241545725354 57.86380686073491 5.561258729571158 63.31083 5.003103
231.96409588878208 60.670204243234494 5.248082247404739 131.06264 5.349001
240.78877137362252 59.41060011149045 3.2867117836313247 90.299965 5.4620624
246.99559580704525 68.76828974822335 6.791145270841434 90.82134 4.9263086
260.81454971649515 71.86998496376968 2.241671028544058 42.6287 5.392524
229.2745974667176 71.82394415715765 7.926043134899238 90.73569 4.5566783
180.07569600294806 80.85301289290338 3.021425905621026 54.539894 5.2836695
318.95621022408744 5.24749263724808 17.19852048253453 70.828835 3.782287
314.5681110420155 22.3258866040755 6.254058413478202 60.603687 4.7995257
341.63310142716244 23.565612345440783 8.59870356298172 27.214062 3.6866872
337.82387715226025 50.28256960268281 31.494325261657497 156.16132 3.7837074
350.6356117205665 60.13348089811874 2.1568998405838333 39.600105 4.90236
293.7122776759436 29.463031899774748 5.374120721324603 52.73412 5.214047
291.5380536682029 36.3179578830132 5.776487857883453 57.326187 5.1330085
285.0794353187082 40.68393209775818 3.2398911847943013 69.1779 5.282724
313.3115554151719 44.38727303416941 5.80880068669316 54.077663 4.72838
276.49754084162925 65.56336161882217 11.055986825557596 131.4089 4.4495015
11.930235450261195 -18.061182682710253 8.927806864030897 157.05367 5.2826414
349.74051931964345 -9.610784051582801 14.113231940721828 112.60089 4.9926295
21.405340510346907 -14.598865991272206 11.372579685621279 40.84058 4.5115356
34.50764165140524 1.7594557030687372 44.59628648650446 128.50417 5.4543943
19.449604930106762 3.6143719327151964 13.172056186336334 115.35374 5.1231375
355.5111070884186 1.7793546356289867 31.196955470626982 187.82455 4.465787
347.9340903690832 8.720092977700189 13.459847755499853 122.51408 5.116712
341.67431037726243 12.170694096276746 60.916077332634366 350.31726 4.069358
2.2607622275867927 18.211852998463677 10.828390320306209 155.07414 5.286279
343.6485152808574 16.94180027900253 2.1404701813977445 26.325281 5.027484
9.637781933874779 29.310627871477646 19.24514879156418 161.95753 4.0968304
97.0424607538235 -32.57995519114459 7.407723981521385 69.18442 4.4270487
95.07833734068376 -30.06334878363528 9.49220621127137 21.191143 3.0076509
110.59618145846603 -20.506633381113932 2.376773405814293 47.689598 5.376627
110.55636700315657 -19.016629889873656 5.465724930604307 53.213615 4.9122424
117.54406864793292 -9.183442468209659 1.6991510554663902 30.514057 5.156718
126.41483546720484 -3.90653144815045 25.343764773149612 123.5744 3.9022553
120.30585724131599 -1.3929416337388272 7.853704573509436 64.162346 4.11286
107.96608069087159 -0.4927431185499252 7.876772202912782 27.595106 4.140848
106.41279339725808 9.185740498041325 4.674944380635964 57.044 5.1829305
108.91439297203007 7.977756338340574 5.78959034606704 42.833046 4.6743164
111.24234607414148 11.669454120395095 10.979602986329592 114.50386 5.3448977
112.95186858704972 17.085709082339218 11.329768566997604 148.25362 5.137375
69.54473362633105 -14.304709387338377 28.876933013531165 171.80128 3.601026
76.69026146329378 -4.655169255973252 10.727776575191065 98.29866 5.0855536
76.34886739642991 1.1776099338614843 2.0397879427330197 12.866684 4.5757837
72.46212402119102 6.9613310085374644 124.61980141424488 554.926 3.0879216
67.78015225802815 15.104806070330083 5.7070815071322984 99.73361 5.3207455
81.79209131428372 17.96212821946359 5.064000124387539 36.415928 5.3722873
74.34304268823341 17.15366638688511 6.870635394766511 34.89922 5.1121507
76.95144562765014 20.418234021186215 16.12077711021528 132.23415 5.270969
89.22830184513133 35.578771656986895 3.8884123356271565 39.05984 5.375787
189.76424466426334 -30.422424509087076 5.691992827125803 17.534119 5.4896684
177.18767068873186 -26.74982527348771 6.97692663465877 27.88202 3.7452638
198.9963172374498 -19.943611174674064 26.687613753364285 247.50375 4.9260554
173.198035279961 -7.827524627547009 5.784214676314396 146.4736 5.490694
197.43861065474897 -10.329381078121767 4.853227946120889 75.098114 5.3773284
150.92074639575785 -9.573827598868109 3.4744611444948887 43.400864 5.342178
144.9642118182715 -1.143088703608386 12.905524033282878 73.704994 3.4662993
156.3133624712736 8.784670399639923 4.046172925889932 40.973484 4.7997847
187.22781200467418 25.912784460466373 12.999079488024995 34.93725 5.2418747
175.19582271001883 21.35252317443621 13.668789390597908 112.41091 5.0022736
163.902962252303 24.74966310017492 10.742001981652932 16.981623 4.3839993
185.6262410347842 25.84612163011928 11.490344843601314 65.878555 4.6245327
261.838735867248 -29.86764800517026 29.116108317133303 147.3909 4.191681
273.8037832649009 -20.72827600390888 0.8769077486837962 5.257903 5.279456
303.3079458281855 -1.0094520567854866 5.16979847585393 8.947614 4.859192
284.06122727499337 4.202253679782467 24.53104250131988 226.54736 4.9258733
294.7985302043944 5.397752187865087 4.155745560910121 53.625797 5.153899
294.3225477866751 16.46286570505008 5.737094679632612 118.37811 5.411448
261.6286762232637 4.140389425891086 3.7578238107583117 24.10205 3.818025
279.1159628473803 9.121918482561009 25.09161340813512 344.1667 5.2724357
260.9900857861421 8.85254209104408 3.4108920046963567 79.636215 5.3894033
275.70466549777103 17.826685189576782 8.391665657245852 121.87429 4.8558702
281.4154805359527 20.544817390173186 51.674311685441225 425.60614 4.0786414
283.068413989183 21.425096804846568 7.855778822298135 107.93738 5.377762
263.4283536323589 14.841271705025589 4.198303175532068 75.02876 5.09522
267.2047544090795 25.6226957612272 15.473571841828887 188.25563 4.7685795
272.0088020827517 36.400439641949546 15.995754569439583 325.39166 5.1657453
3.3323204357298737 -84.99389853109346 3.8517053347770025 76.94831 4.928329
63.60655843373849 -62.473612611773696 20.34313182746785 109.423836 3.1259058
39.89838786398462 -68.26694674585823 21.323382292237085 105.72165 4.112274
24.186847094893977 -58.270967792047486 3.7255670534298564 69.405754 5.191002
83.40631067329583 -62.489769239431524 2.930785424074064 21.067585 3.5934615
57.3632752224758 -36.20047675499633 14.978090441844442 163.60646 3.9283319
26.52704177480257 -53.52176944397532 16.057535557154335 231.54488 5.02311
17.096327954824456 -55.24561894228843 11.208002282500875 32.31872 4.032716
26.52515702180314 -50.81632806365178 4.730046384867251 46.749825 4.5798664
0.3338832970372009 -50.33731743360657 5.3742966086194714 74.24527 4.765762
6.57215550145885 -42.30782032569077 39.91825815729799 54.808517 2.0899775
15.610555623815172 -31.551939627663835 16.186296689920784 75.167915 5.490139
45.59719677022088 -23.624717283377432 36.95023734708943 252.38617 4.066773
64.56700762558273 -20.71517129290492 3.226228355039513 38.130943 4.8088913
59.11531442598395 -13.597520491801161 2.1035629287113715 35.23702 5.4929447
157.58426675491737 -71.99292785296961 11.793433720958443 115.02224 4.7091293
160.04749532405842 -65.10016306667245 6.541971245402184 98.46632 5.4652286
161.6230989157035 -64.26319513246548 6.689756034001393 60.251698 5.1973004
152.17744039956145 -65.81525641483633 9.711852102135603 91.58204 5.0117784
152.8975254337992 -58.82764968372626 3.8388117259040913 72.90346 4.9387364
126.43376105915713 -66.13756340421502 30.21278124514609 285.30832 3.4457974
134.84923965459402 -59.08245809600036 38.07726615492478 431.19333 5.074011
128.8325641755373 -58.00911680041993 14.909106139130444 74.43412 4.560734
134.71758473336595 -47.23444458894849 13.868113072400082 254.94069 5.106528
171.6474478916146 -61.115160073508335 2.2216379075478807 34.079376 5.237007
173.6898122311546 -54.26402127446299 8.109120148444278 60.42216 4.5993133
168.13704515029696 -49.10084838626338 18.2940543101629 58.142357 5.3432136
153.68308364353916 -42.1217211333132 31.636907726252893 187.83879 3.8466654
98.74402761716749 -52.97556197948061 1.923474381363655 20.769062 4.3258247
119.56012476254185 -49.2448713266434 2.72072800036969 13.967959 4.4602137
119.24078110358354 -43.50036083393706 1.6210405455781687 5.055249 5.272162
102.47756207116845 -46.612900315158655 39.66652033814636 559.98804 5.0112824
118.49455277019482 -26.34879707944864 3.2241125535507633 54.593166 5.0387583
140.80039902026272 -28.833758615992597 17.072621175688152 130.45302 4.4627023
129.9268486784677 -29.5614909333924 13.862988815454186 202.2667 4.6242075
129.46718497545245 -26.25505526817657 13.219808279242624 171.16612 5.2303495
133.8819452914857 -27.682301439527848 14.080795745516028 47.194603 4.8415384
119.96689507257705 -18.39941121299901 14.598361566199953 70.30012 4.5920415
129.9323656718547 -9.587035855144352 2.4900361930268105 26.374346 5.4461756
245.08645354299293 -78.69591351848779 5.250752722687099 27.034058 3.3667247
238.7838064740902 -63.43251144584002 80.48541193436336 367.94763 2.784391
181.1921448685118 -76.51885920330143 6.491624184893763 76.984215 4.466885
223.8928744838133 -60.114668809872995 18.851889597498452 228.09253 4.8329735
254.65491303478962 -55.99029939641002 5.772484443283007 33.429127 2.5107856
235.2963466961976 -44.6623899936602 57.475860390190874 438.12054 4.5205355
240.03043321410547 -38.39682619869986 7.594244118996563 17.571537 3.4078684
234.94161333458936 -34.41197080109512 14.731655392285658 118.32565 4.385198
255.46929223193882 -32.14374569216994 7.656414222303707 36.27291 5.0137057
211.51139315781728 -41.17972197961865 6.488206301970395 29.983706 4.30829
229.45760380022062 -30.14871591550372 8.285556107825933 56.205486 4.049004
242.99885595280662 -19.460815946757542 7.0567511406859245 32.2407 4.2813463
236.01816994173114 -15.673115616647049 22.83965348216838 247.9295 5.357767
302.94136099957115 -59.936933644731276 3.3269963771892783 15.112039 5.041631
359.3969690883292 -64.29850428664867 20.420751018056777 64.15667 4.978343
340.87495789649853 -41.41476159735719 13.415834740100744 120.753716 4.5501084
345.3310647246127 -28.854056883463468 6.26958894210792 73.84623 5.104867
277.4868657603744 -57.52324894053354 9.26129869074512 200.08365 5.4861298
308.47954110885985 -44.51620275312119 12.936068570234816 135.41293 4.8498907
310.35305043899257 -42.13392949130889 3.957255698121121 48.430172 5.1030364
290.97175028895674 -40.616470922153454 18.108803428561057 62.65839 3.9504597
278.08906531444217 -39.70416790161313 14.572129950609133 104.05368 5.1422296
329.682579428868 -21.182944206450454 3.0848254566610507 24.470451 5.0717754
325.02361799924387 -16.662413768068262 19.103692360380798 28.239279 3.6419108
304.5138436900398 -12.544841401195866 29.913986848375306 181.16716 3.3274162
56.58167144917715 23.94814381017594 7.067028703633884 24.691994 4.172742
44.80294838728357 21.340395601442104 9.029628929425066 48.78482 5.2128115
40.86301884320913 27.707098597675948 5.2875703667524565 10.768778 4.6149535
81.16308634193963 37.38530042174584 6.3542655539151776 71.23505 4.5159707
72.4774475737337 37.488453737740706 7.1331272162887105 52.95488 4.326641
84.14669405461649 54.428611374584875 3.712140168184981 58.49945 5.0149446
74.28978349225564 59.1202046105815 3.3522420040937577 58.268864 5.195844
10.866796821938363 47.02438183926442 18.62929924290336 163.13007 4.9178357
18.142176508667188 45.337619914002424 3.5213982565576853 59.18532 5.338117
25.915331575110873 50.68866947906711 5.404817058905686 27.45292 4.081212
27.9972659087144 55.1473469804437 2.6944122829392523 30.353619 5.490368
5.809620449498801 55.79253114637743 3.637657007649778 20.262194 5.3434258
13.266856595321226 61.124725084691256 52.901729475880146 510.25284 4.6359124
46.19914439438418 53.50642323794812 14.125159961030231 18.381695 2.651
23.482455582360476 59.23197152420271 16.25534240667033 171.07419 4.4079986
46.53180913962083 79.41858143372502 4.247039602281674 54.723072 4.726453
130.8013277570349 12.68087876121741 4.9659526888466194 98.13052 5.4937205
147.9709976475102 24.39458679327415 27.134504788241312 159.72878 5.2331233
127.89859598008834 18.094166548299846 7.557663930167999 74.99757 4.6407075
120.19706589573826 17.30868504406468 4.0598374060932585 47.63808 5.210528
134.88583045176568 32.41840484597619 10.748057447424413 111.35276 4.998731
163.93433874937443 33.50680761336378 13.572667509826342 141.38455 4.7067347
164.8869838570261 36.092875726190634 4.463027824489206 49.79374 5.0993595
174.58481467465106 43.625271727103105 20.5973518964851 83.13109 5.4570312
138.4507038399446 43.21768928870954 5.268663758359426 33.41884 5.2414556
147.14879992678325 46.02059693079518 53.12767593593349 687.5733 4.916553
171.48739047094261 55.850671999736186 9.183251069584296 275.36 5.46621
122.11395840540737 51.506646114508555 13.326893456128802 44.418213 4.7916656
99.66460519530735 39.39036772620314 6.970224406568046 86.37699 5.245038
147.74478153974084 59.03805958941325 28.378297904109104 185.58258 3.705446
228.79724120141185 4.9393754112616906 6.307737057609023 26.330961 4.973391
243.8689899549026 18.807712396212146 10.711548171807408 158.33722 5.413513
213.5204219101113 12.959200053475362 29.711124664581675 520.2471 5.392254
214.36861453107085 15.263414701432119 3.168224073564909 33.35904 4.997034
228.52539480305128 31.787720603998032 5.0110768553571345 36.832115 5.3411274
255.0721423618982 30.92652313621418 19.763930047930945 127.71848 3.9134347
253.2414317445224 31.7015944029988 33.60143023642934 707.5506 5.255359
258.7616572468772 36.809174548038804 8.899064345249363 67.281784 2.7025177
250.7242233003289 38.92187538840611 29.259479569758373 204.10844 3.2446299
238.17156439238116 42.45431545672387 62.90276574302901 779.13855 4.424265
249.6865291654748 48.92845927997814 7.728817300160124 80.3275 4.0151134
194.0056156711975 38.31862104268021 32.722737796620656 55.991497 2.9043932
184.9528667753451 48.984172152779195 5.1236797166449275 62.046883 4.521284
183.0499920871888 77.61633033521059 29.579438647454563 365.50546 5.0619016
328.0758398142776 21.273269022675954 3.1294226056605385 28.166674 4.891479
322.487178472437 23.63885637276082 7.282392278901804 50.480186 3.7691293
303.5606032657661 28.694732208010468 10.43015377357361 149.90012 5.1382403
323.4950664261138 45.59142329775108 25.93591620682942 250.4691 3.7549741
344.26882118736074 48.684044190234545 3.479985712011382 49.303017 5.0668297
344.10832216302356 49.73353177685781 1.4018111325391363 12.415088 4.216367
337.38260044640924 47.706882023498416 1.4838483825810553 10.725948 3.5363603
339.65844191354597 56.795491107670266 7.223356589961869 44.73503 3.861995
294.8441991156026 30.153480944944825 12.778585219113934 105.87452 4.4000697
