nms2/nms2/gaia_query.ecsv
# %ECSV 1.0
# ---
# delimiter: ' '
# datatype:
# -
#   name: ra
#   datatype: float64
#   unit: deg
#   description: Right ascension
#   meta:
#     ucd: pos.eq.ra;meta.main
#     utype: stc:AstroCoords.Position3D.Value3.C1
#     CoosysSystem: ICRS
#     CoosysEpoch: J2016.0
# -
#   name: dec
#   datatype: float64
#   unit: deg
#   description: Declination
#   meta:
#     ucd: pos.eq.dec;meta.main
#     utype: stc:AstroCoords.Position3D.Value3.C2
#     CoosysSystem: ICRS
#     CoosysEpoch: J2016.0
# -
#   name: parallax
#   datatype: float64
#   unit: mas
#   description: Parallax
#   meta:
#     ucd: pos.parallax.trig
# -
#   name: parallax_over_error
#   datatype: float32
#   description: Parallax divided by its standard error
#   meta:
#     ucd: stat.snr;pos.parallax.trig
# -
#   name: phot_g_mean_mag
#   datatype: float32
#   unit: mag
#   description: G-band mean magnitude
#   meta:
#     ucd: phot.mag;em.opt
# meta:
#   QUERY_STATUS: OK
#   QUERY: 
#   |
#    SELECT TOP 2000 gaia_source.ra,gaia_source.dec,gaia_source.parallax,gaia_source.parallax_over_error,gaia_source.phot_g_mean_mag
#    FROM gaiadr3.gaia_source 
#    WHERE (gaiadr3.gaia_source.parallax_over_error>=5 AND gaiadr3.gaia_source.phot_g_mean_mag<=5.5)
#   CITATION: https://www.cosmos.esa.int/web/gaia-users
#   RELEASE: Gaia DR3
#   JOBID: 38050949-3cf2-11f1-900e-bc97e148b76b-O
ra dec parallax parallax_over_error phot_g_mean_mag
[from data line 642]
223.21268893326186 -37.80325214524727 6.964374644907447 41.941986 4.9827056
228.65545275510803 -31.519119241768724 1.524260806992173 12.0305605 4.7960844
335.0085033956125 -80.43993881612172 11.121963173952466 61.32472 3.318115
297.35553740088693 -72.50330979804147 23.569875193621403 150.03627 5.3461046
295.40543509953454 -65.85473343135834 4.42711417295894 105.37267 5.4296136
298.8083265571602 -59.195844286206686 5.744327189965269 9.357214 4.3813267
347.540691756403 -40.59174607451708 5.1431881263677015 31.926636 4.6798654
335.3981480592304 -21.59860715844817 17.347473247209557 183.07765 4.810523
283.11363998157844 -46.59512436304904 4.01749435754871 36.822124 4.790763
308.10012508821757 -9.852896020510071 40.424057561794726 813.82166 5.4923334
44.26913576658498 4.501125525228609 3.049690678222294 30.39202 5.0265765
41.24047883463906 12.445372394055434 25.252210654077494 180.91263 5.1208315
39.70411505408759 21.96133492919045 12.09326884149687 37.053177 5.4162683
29.481705461334002 23.596004083756643 24.774763239413197 113.19612 4.7035136
75.49223197537926 43.823296688371194 0.9878818319946335 5.51411 2.847648
59.119555307466186 35.08087855943673 2.3620113495385464 8.520608 5.4416313
57.518182826386294 44.96772963314105 11.18564464104006 39.867805 5.4314513
63.724475082644574 48.40925558769521 3.939483224357637 14.712374 3.8461115
64.17941618940675 53.611799245562445 12.244295528244148 66.400345 5.169462
17.7781290673056 31.4246887595633 3.8814167733691067 29.483053 5.08214
24.198321215249642 41.4037617615712 74.19396780666189 356.19266 3.966133
14.189228786797868 38.49948894197979 26.704629786620664 41.293198 3.8432207
7.057422880369243 44.394402272307204 12.737711958902523 51.9443 5.136685
9.791274289742324 49.35457536595513 2.112910297527087 30.1325 4.8154073
9.03480008335226 54.16844144321516 6.6398293355234275 81.38438 5.055149
14.165468052948397 59.18085526702047 16.646493230199713 193.73244 4.345562
61.5133542544675 68.6799850011742 5.46525756065002 120.23252 5.236513
12.682034097380217 64.247504199429 4.149205392784091 19.255484 5.160959
41.94905439572068 81.44816218743921 6.608205495205801 91.34781 5.485071
134.31257024511896 15.322857248148475 20.329420344122425 228.15268 5.1951
116.530669625217 18.509768411353402 10.508646623110893 27.880718 4.289497
154.17266567485967 23.417280264419933 14.03767909082779 48.69862 3.3467774
163.7421008816382 34.03459948349997 9.941795959455465 192.63693 5.447774
142.16657382977394 45.60090611585789 11.816251677759006 189.80937 5.1204247
103.19723612430526 33.9610470125569 16.87007592104058 64.93069 3.593621
102.6912781062249 41.78062052772636 9.60727918043765 75.38522 4.60387
134.20733689486661 45.63144773394924 13.368057138782412 239.67827 5.405166
134.7989643318015 48.040871471105525 68.00099930164292 161.01564 3.120973
125.16805441730764 72.4071206115551 3.5668327074951898 92.42269 5.384897
239.31014940029755 14.414868651587165 13.518180778459424 191.44002 5.2017417
212.5996092421406 25.091411036228337 27.484029395702848 234.56273 4.6620293
247.55452931903397 21.48954466071868 22.002254438170677 22.29921 2.547638
240.26003097651244 33.30007876899923 57.107641921520774 1124.4531 5.2328
245.5892955765601 33.798882352399026 5.024497171705122 59.604843 4.37462
242.19224169754472 44.935069860399565 13.575070466567965 27.264482 4.1901174
232.73120015328175 64.20903696982595 9.775321438628472 239.57701 5.4821506
187.52704098892693 69.20088011314691 5.723319281924228 30.44965 4.034973
242.70632973891884 75.8776197411546 5.627321264214415 71.08816 5.4570007
320.52216241512485 19.804789713946604 20.848168338475414 143.53479 3.7720094
332.4967815408398 33.17813168894966 11.19900191063106 62.764324 4.1570067
339.34303203886293 51.54466029252701 18.678269833542714 122.9983 4.5664697
286.6576093546303 28.628971799366685 24.421684086181983 533.2105 5.4561434
302.3567613002785 36.83967906995688 3.892071190945987 34.472103 4.911437
299.97998599019235 37.04288445584435 2.442993505032221 26.26433 5.164696
333.7626125856422 57.04380276749173 38.15977025155719 156.88957 4.1220145
345.88726821871256 67.20925630642787 8.13798294927527 135.32176 4.8701515
353.7460805864376 71.64204123766595 1.8264176318663485 34.82795 5.173991
299.90209686220606 76.4811296874692 6.178066566754374 157.41539 5.3780046
333.2977684583711 86.10817865829598 12.86478886906682 77.409645 5.250244
5.44309657449073 -20.058076322931655 3.9693822420035465 12.086927 3.9033446
351.5113649839112 -20.642302407986215 10.58735744663141 58.11048 3.8150816
349.7792060351376 -13.459104922440806 39.40193916260075 37.283955 4.9478116
3.6153971443598576 -7.7804821892488185 5.490709797748934 32.776474 4.1474133
18.600727000304673 -7.921590239401472 41.57471919228731 392.8332 5.0169754
17.639772803762188 2.445613477985853 4.1948362205997896 75.7733 5.404278
15.735512173204086 7.890247528188163 17.80735980667423 97.81624 3.9971802
338.83948596713566 -0.11774204386089672 18.37086586167718 46.655376 4.025545
5.149406202406405 8.190314806598314 7.058144367739125 73.97535 4.9451966
7.530907981516181 29.751305905392798 16.09632613263473 183.60019 5.130911
353.6591535713918 33.49742285308539 10.558036561880897 176.06992 5.3546395
97.8498840684673 -32.868511501071445 2.37793317529329 60.220356 5.2678285
84.91226376039107 -34.07421247244894 11.400786448797566 25.606083 2.6532035
84.43571539288124 -28.689501838606315 24.080142757315098 364.67212 5.155013
103.25119371373226 -26.95792453527667 4.219605347516932 75.84865 4.8086596
91.92355104726148 -19.16561323870943 4.582055056117236 49.09568 4.4822264
80.87565202279559 -13.927357531318496 2.700911797623544 31.367062 5.1893196
78.0747361229714 -11.869273947049956 14.174024401697316 43.260742 4.403952
120.56627842916214 2.335041455668743 12.523434116871659 109.679184 3.972009
112.00863127048596 6.941776685024152 10.217159086630694 95.593475 5.180653
61.0947203418243 -12.792221744355938 8.7060836627139 165.29349 5.322019
79.40154704838251 -6.844450161811125 6.014663648195368 17.894514 3.5883799
56.23566675090167 -0.29672942212815423 7.986332175039152 136.96661 5.055646
49.841600693178854 3.3706161908023495 107.8023393880993 586.64813 4.6564903
68.91382566166997 10.160613646111896 19.5060692848111 23.568174 4.1073446
66.65150724381539 14.713647035052777 8.04033392724786 76.26896 4.4098325
67.16608051054888 15.870784455320392 21.81251596251546 58.402836 3.3779078
100.32176226125397 11.00324037644291 2.541596581516793 46.41334 5.3377247
102.60623433673533 13.41315017987486 2.7019870867833933 50.98326 5.302592
98.40062227408488 14.154780002108398 11.36448425144599 144.68648 5.2585754
97.24075374613999 20.212076430854843 4.447477074560435 10.085448 4.058969
102.88766589542932 21.7609862639353 7.615760971366814 91.11668 5.2503476
82.00678237863265 17.238926964515514 5.13937259593637 51.8829 5.0602307
88.59482419468164 20.275852148021837 114.94966074779107 217.71623 4.241686
182.53082136956726 -22.619722010989726 10.598376382247242 52.00395 2.6297014
199.596298132351 -18.31592210064546 117.1726460991387 804.7965 4.5325284
201.86262149636423 -15.973488519071648 12.012748203326701 100.3964 4.4660563
191.40392617113886 7.673346682631095 12.448722875300152 101.17551 5.159354
157.36937676349666 -2.739133659330822 9.415999762636522 52.39378 5.1682386
136.74969956784759 1.4626223893200736 2.811647583290898 51.287876 5.2731647
144.6129672839531 4.649066398035406 10.335831777206447 76.58828 4.2132688
150.05321394732067 8.044122387056774 6.85128238512063 45.820183 3.8831792
184.08544681175624 23.945378979536137 13.086149176047984 112.39672 4.678099
266.89007492146686 -27.830834617754377 2.8057114280856257 20.043385 4.327284
275.0368070544211 -15.831871000068807 6.318837595684822 74.17541 4.843679
262.8539786454766 -23.962756896863066 7.953774305548008 75.970085 4.746484
288.3147280073813 -12.282714893582998 7.3162599125188255 47.64573 4.954533
249.28979755823173 -10.566976077121021 7.408845727983025 11.233081 2.5565956
241.09197630052805 -11.373351065071562 35.65761614558747 208.945 4.8511515
243.90633606005997 -8.371641161548801 70.73714672122247 1120.6014 5.327651
237.57324636439893 2.1962973662369305 13.10255222351121 188.45299 4.9263935
236.60988904592512 7.352758689332476 83.921443569609 559.2784 4.246856
246.3541550195987 14.03300257246024 13.103440100615007 78.94625 4.5735435
289.05432815608134 21.390403216045335 4.206547512057241 27.023434 4.734439
253.73014486036172 20.958501646077245 11.16435715781669 197.2417 5.1342406
262.68471721561906 26.11071754030528 8.294322128817813 90.10459 3.9097338
271.75611083115626 30.56234690690805 63.39426362278724 845.2499 4.947728
272.495860890157 36.466315887002104 8.47504754335658 68.576065 5.3320346
78.43961065911974 -67.1850888396544 6.018596030287751 49.786945 4.4365106
63.7022455994885 -62.1913760533171 12.456152958997214 257.7428 5.1416836
13.751384271528654 -69.52727838786237 14.472621125380405 262.95813 5.136412
15.678873880525687 -65.45608453041348 3.3935294921081227 76.25695 5.2970905
75.70255975133574 -49.15128404372467 38.09408938610385 1001.3173 5.268986
83.2144962349797 -38.51341833164325 18.784367179257394 406.40573 5.0971932
83.28132240614411 -35.139493800200356 11.21333115765265 261.46838 5.446808
37.00719699757215 -33.81101542618449 20.966292077519366 302.72147 5.111584
7.855036176693115 -48.80342693752844 18.470512945750432 139.34512 4.755616
44.568054513155744 -40.30462235988498 19.526953780935603 142.32884 4.3152275
44.52422866863303 -23.605776875744283 5.020050435191016 121.260056 5.3713427
24.716399605244064 -21.275220982457558 13.89811885055661 235.25615 5.498285
41.98299452292189 -12.460853543737004 3.046604729500953 30.358313 4.8683524
159.8158995358722 -74.4933894263793 2.60150123141093 69.97939 5.3679385
138.23184386177107 -59.413860285911625 6.169902969414678 155.95413 5.314828
128.6815560201254 -49.94412196707303 2.691768513433559 39.8182 4.5791163
131.50677499291484 -46.04150716596181 2.3017049618929617 13.14549 3.8647258
152.23421986888698 -51.81125879311411 2.0767494184080415 20.338097 4.7994413
171.37213514928888 -36.062981661342164 12.436274576835286 175.12495 4.968951
97.82711247415092 -51.82549525968892 27.12171633595461 569.7083 5.448207
122.42976653785009 -47.93714850212322 2.9097759847852913 38.583904 5.18087
126.46619141386769 -42.15301329288296 4.297690952500743 64.85856 5.412157
116.39431122718193 -34.164961809798164 65.4543891564485 305.13885 5.1940136
109.71359535302815 -26.585837622159936 1.8810351876842022 20.490768 5.024112
135.0222934570892 -41.253378557616124 15.145961819632193 118.97059 4.2614346
133.20004885322865 -38.724006685507 4.455342782787895 84.463585 5.0788636
131.5939821847781 -13.5477903707752 15.883953785611398 39.839092 4.0671697
139.17228340704375 -8.744755787449673 4.153298442592262 42.271168 5.4582686
130.91816693378837 -7.2337345698369715 3.4950694210988984 11.535836 4.358281
251.66646000894943 -67.10975101923742 4.962861882814169 50.861645 5.070085
191.5695494796672 -68.10814700338375 10.240972344520857 24.509117 3.5488756
218.15419586816392 -50.45723372490749 5.0316154839495955 24.120014 4.37895
262.77412911919896 -60.68428368485731 14.468825378028784 28.838741 3.596028
269.1975454005944 -44.342329479346624 9.368729792492447 60.62344 4.472706
259.2646708234889 -32.66308449301173 20.629789585677567 304.50275 5.404375
231.3339659506105 -38.733685026454914 17.83150260981621 60.662773 4.5595593
246.0058026651914 -39.192965569776966 77.56546482061312 1173.2123 5.215097
244.88683551231367 -30.906605188271072 22.708881691165278 469.92444 5.4003477
190.48548950851216 -59.68583946108148 3.864349093535447 47.653694 4.8601685
193.64817506017252 -57.17798404607355 8.015184957947573 37.52667 3.9990456
193.6534512999999 -57.168711407421895 8.266773469896965 70.67837 5.1472073
198.5609508085928 -59.10391799181995 54.82467908671826 677.849 4.7883224
208.0199728563305 -52.811648929070785 10.744862080790751 121.85653 5.2453594
215.75918733222224 -39.5119099153161 8.328745017956468 46.16341 4.362966
192.67135484510152 -33.99940919530829 7.973097085804432 36.389473 4.844256
199.2215625522365 -31.50641525729194 12.597428979938506 138.83296 4.853926
233.15282911207262 -19.670631018962123 13.625188048666905 205.20474 5.478084
317.2016887961493 -88.9564785619393 11.100476396581694 180.13232 5.374763
297.00572024267717 -56.36322170259789 19.315220946605912 246.57219 5.297975
356.05034918058357 -64.40429889537737 4.603336436710271 101.75295 5.2485485
342.1395041838119 -51.31714292378511 25.79022671282131 109.65163 3.487227
329.82487585943215 -38.39509793466279 6.676430353680003 85.379425 5.247718
323.34786325922244 -44.848717198360724 5.3029486064506886 25.481777 5.2890773
337.16358811311056 -39.132498869498114 11.744580722568475 177.17285 5.2088003
347.08748824953915 -28.823820616651567 11.896257312032306 77.35227 5.3717766
285.7789905081032 -42.09530869089781 18.201938115140713 144.39012 4.7096405
276.07598760145254 -44.110353035762444 5.56710664478836 49.09768 5.1994576
277.98425777988456 -43.50742003014504 2.1537866888502335 13.491842 5.2776914
284.68002995157445 -37.10776456300982 31.808376429661376 283.5951 4.764698
312.49208486418803 -33.779808544115205 8.250754512099435 52.78281 4.6341085
34.737508930378254 28.64267933716647 8.997126240507571 123.40664 5.2744393
44.765068361382745 35.18316029459311 9.050135297952748 80.31685 4.561302
66.35476960697082 22.199791471312718 22.017740203586687 170.92014 5.224731
77.90967095770287 29.90347020028328 3.1106844438221026 20.029263 5.399586
79.56551852719764 42.79197517530932 5.483477146344811 33.24042 4.1710677
58.99250823051131 47.87132724860545 4.609401022769629 37.485767 5.3459225
64.56121354485205 50.29525307791064 8.546713574512976 36.603043 4.582041
76.53516570207518 58.97234148087393 4.75425539790406 38.855118 5.261821
17.004537765311323 43.94182155173697 16.432048643588953 92.9784 5.01231
4.581543815043471 36.7850369465716 23.254163192588408 128.56688 4.5015187
2.580228866135009 46.07226998767092 2.17818912953463 17.631353 4.9088907
9.24298360611852 53.89686812148113 6.665665800676212 22.202562 3.664362
10.12724197930297 56.53718879378639 14.090976249252234 28.251026 1.9425238
52.50040205319733 55.45175365797865 16.739322327787395 217.0175 5.087484
65.16772282540082 65.14042154048151 9.406755604352519 146.35393 5.0496335
21.45661245731054 60.235067611380984 32.02972419177956 80.01958 2.6805298
133.84799100696154 5.9456285938922715 21.313272879490093 92.01132 2.8702028
129.41372353647762 5.703754203252759 18.430135068748182 56.868683 4.136101
137.33973969278807 22.045479071649428 8.004005083908611 24.35534 4.8959565
113.98046139731666 26.89527337662016 12.876056855002979 56.28813 3.3864715
116.87625619458441 33.4155709365502 5.554739352578901 39.882977 4.415376
125.70865948297298 43.18768339881599 8.88283223057729 42.31285 3.613737
97.51234253923758 46.68559166523903 4.85600218622157 96.49157 5.364408
115.30130628928843 48.13095057524972 9.446847631136604 137.9233 5.304179
112.4839174979886 49.672091036241135 49.01447010490516 348.546 5.2239323
142.88317471411838 63.061979025953285 42.09035883464328 260.4004 3.5820162
112.76849327167622 82.41128209857068 6.554870064107842 41.789814 3.7795882
221.52437843000473 15.131856044868343 5.108426808605989 16.978592 3.8274627
224.29864567328988 16.388108341386207 5.07037615052529 95.34311 5.4768443
206.8133909945028 17.457173637726076 64.04697623237095 585.8834 4.356021
208.30371370154526 17.93289163199248 5.305817223328663 107.63562 5.4988513
217.95693766582724 30.371969326102114 19.854976065680784 125.141685 3.164287
247.63936199783848 20.478897763250384 4.713680767552206 62.77196 4.7962575
240.52321018321214 52.915778092200995 3.64260142888109 83.587944 5.3574986
263.0679671237433 55.173182955417175 33.41866248317232 256.6253 4.792332
268.38296843103956 56.87299266128546 29.06031538624813 251.61746 3.3842714
