nms2/nms2/gaia_query.ecsv
# %ECSV 1.0
# ---
# delimiter: ' '
# datatype:
# -
#   name: ra
#   datatype: float64
#   unit: deg
#   description: Right ascension
#   meta:
#     ucd: pos.eq.ra;meta.main
#     utype: stc:AstroCoords.Position3D.Value3.C1
#     CoosysSystem: ICRS
#     CoosysEpoch: J2016.0
# -
#   name: dec
#   datatype: float64
#   unit: deg
#   description: Declination
#   meta:
#     ucd: pos.eq.dec;meta.main
#     utype: stc:AstroCoords.Position3D.Value3.C2
#     CoosysSystem: ICRS
#     CoosysEpoch: J2016.0
# -
#   name: parallax
#   datatype: float64
#   unit: mas
#   description: Parallax
#   meta:
#     ucd: pos.parallax.trig
# -
#   name: parallax_over_error
#   datatype: float32
#   description: Parallax divided by its standard error
#   meta:
#     ucd: stat.snr;pos.parallax.trig
# -
#   name: phot_g_mean_mag
#   datatype: float32
#   unit: mag
#   description: G-band mean magnitude
#   meta:
#     ucd: phot.mag;em.opt
# meta:
#   QUERY_STATUS: OK
#   QUERY: 
#   |
#    SELECT TOP 2000 gaia_source.ra,gaia_source.dec,gaia_source.parallax,gaia_source.parallax_over_error,gaia_source.phot_g_mean_mag
#    FROM gaiadr3.gaia_source 
#    WHERE (gaiadr3.gaia_source.parallax_over_error>=5 AND gaiadr3.gaia_source.phot_g_mean_mag<=5.5)
#   CITATION: https://www.cosmos.esa.int/web/gaia-users
#   RELEASE: Gaia DR3
#   JOBID: 38050949-3cf2-11f1-900e-bc97e148b76b-O
ra dec parallax parallax_over_error phot_g_mean_mag
36.204501672929474 10.610491886630948 4.248273226042387 28.119543 5.4581585
65.5946947605691 20.82140529982512 2.0368682528691893 28.53015 5.0882215
61.09029732357322 24.105949858002553 3.125239507458184 31.764614 5.1078277
81.9120102569552 34.47570666443864 6.435932942088573 58.764553 4.629645
59.74126438868437 35.7910420686924 2.445698847170818 9.34916 3.9748838
61.645918626664646 50.351100087356684 7.525917307861522 65.92455 4.236291
24.837369083178974 44.38621335342802 12.359235161535432 118.186455 4.772018
9.33836579713746 35.399489729130536 3.1951606217875694 48.974228 5.203083
19.271182174351736 44.901813794646344 4.038446954292223 97.028404 5.438884
24.113230169343527 48.72269921305712 6.338953367541521 145.7626 5.480146
0.4042171929551975 61.22279997745116 1.3825004403231975 26.582731 5.453592
59.35608929998724 63.07229235302788 8.461372383609426 89.32797 4.9333005
73.02213088188175 63.505003588919166 8.097995976520538 78.84235 4.4339333
75.08638114180661 81.19421908422336 9.455657837479889 112.26728 4.6715593
142.12144093992566 8.188161643853874 7.146068075273603 58.11965 5.420982
145.9329524980636 14.021694130394637 5.304785382216835 59.605854 4.580817
154.932943049452 19.469961355767943 47.12548973212048 280.70395 4.6571474
151.8576283862173 35.24469813102067 36.321763489195156 254.57751 4.4239016
164.8647031186751 40.43050097561348 72.00696109116399 739.29584 4.866588
116.11171060337323 24.39777124966751 22.090679593280267 127.90203 3.3391395
116.66382607948331 37.51745337223508 8.245193294309276 57.93677 4.3180504
139.04756552623564 54.022125757141154 27.908076851877105 319.82404 4.7538834
175.61766017588582 66.74507990702959 6.038271988116253 84.57375 4.9314823
129.79848216263676 65.02129699890843 69.2575995687921 1428.2395 5.4989767
135.63596066238887 67.62969623064188 10.165762024522257 64.31568 3.8032541
145.7378857090748 72.25249804713006 6.835602207228884 93.65038 4.8888545
240.5737362131325 22.804556359359836 18.695011084996924 192.23257 4.7943797
219.81617086543795 32.53949241225904 2.7150605184273675 21.195034 5.2950773
225.62763590675115 31.683937173378464 3.7282102581446104 65.00427 5.0964603
232.73239370968219 40.83301114019052 3.3492105046040446 43.518417 4.3609033
228.54309830786252 42.17133977363522 3.1796400570622563 65.72711 5.2383447
197.9642816133702 27.882105372524595 108.72500920524958 661.10034 4.093279
219.70885000712505 44.404420367941746 17.18442293226082 113.32338 5.3838267
214.0947072134731 46.089012341251085 32.5884923592116 231.1779 4.1690445
193.73538377865802 47.19668749848795 4.172469409988188 25.515953 4.2112246
188.43142838333532 41.358776694084185 118.02660559667956 771.2605 4.094672
308.3032697386287 11.303179251591162 8.914894013608523 44.72917 4.0156035
305.08927409284684 17.79278463802332 7.048753897776607 112.22342 5.224592
309.90982926217725 15.912023765956633 13.72980762879482 39.210255 3.7358906
311.21861475409605 25.269805271037367 8.625541158872387 33.63097 4.569888
340.43916082719153 29.30751266914261 11.654603169833507 68.24297 4.7996097
339.81531786163464 39.050245202400795 2.1920082768196245 16.687725 4.825453
354.5343337368374 43.26806751702891 6.431315844137457 46.762177 4.2537193
341.0227734604234 41.8192497938002 11.526830584114373 170.05733 4.8547273
331.3185537706103 46.7447433629176 3.5302690678632755 51.941 4.9794254
359.7523130508916 55.754909524380686 2.7418745414857484 18.389711 4.983272
332.7922253864202 50.823573536482165 17.885033139940425 271.0552 5.352735
342.443633109185 55.90294480160674 8.292369640236569 112.17801 5.064219
289.43181874564004 23.02550989420483 1.8211744156391885 20.689621 5.44591
292.6803397469523 27.959624176962155 8.981563552668588 20.074404 2.651682
285.00347297566384 32.14555499144238 2.626871943255913 28.233229 4.4706326
305.6887345057028 41.02579470702405 3.3096861466599714 73.80219 5.2539515
298.9656913425931 38.486707144233186 2.561155233300059 13.590052 4.910045
275.3859333049117 49.1218190294722 4.908845924800492 44.806957 4.1651783
284.1874276759789 57.814541589262 11.31054461458353 215.69167 5.3429675
293.8507779529774 69.80556556572053 2.793909456151498 23.429434 5.348976
354.83578083298244 77.63312481414683 72.51669209892496 493.34683 2.9429574
277.43737350452494 77.54706867369683 7.100861251648417 194.00597 5.3069158
11.184668731777494 -22.005769628203897 36.82763400693113 362.64227 5.1266494
350.314487065015 -26.9868190860127 9.861875375350879 158.68307 5.4396467
347.4360547530333 -28.08855900978368 5.136411445857012 145.65506 5.4599795
349.8504514838891 -18.075328496547506 2.75374326246213 39.47082 5.373022
14.68263440564479 -11.380039485011364 9.750091531891513 146.31274 5.3584676
13.926633091238134 -7.347347105380337 5.595406485700293 79.48079 5.2796674
17.93102078424254 -2.2511749781970884 5.621275141903771 105.58382 5.4396024
31.55103523570328 8.248055454978026 3.479733371412767 49.65532 5.2615104
24.27436244166704 12.141825955491715 30.349341229786074 41.936913 5.4418836
334.2187739945085 -9.040099937117764 9.416294454615407 149.7683 5.4661636
347.80866191861065 5.004313633338974 3.9005842759682565 16.641855 4.6237364
323.67825895244374 1.8291168616511493 3.324585215309954 32.11779 4.8618784
359.1728130983553 22.648066077994596 3.9017187626736796 74.11469 5.3997025
95.52831507928491 -33.43663025921882 15.049040159579686 33.778706 3.6113985
87.83148955157748 -20.881971538960876 28.423443137771343 168.22078 3.4712873
93.93708163526547 -13.718462280670954 8.155647129012362 74.77799 4.966546
82.98274667917148 -7.301559457042783 2.456718407704508 17.511282 4.5462146
129.6892367271998 3.3413639401239155 8.688730128103515 69.948944 4.107481
96.80734806861902 0.2992043358231788 3.8855777293090648 36.172787 4.879373
85.61905824956831 1.4745655288462125 10.674374374826312 92.93906 4.5347657
57.19800682881657 -7.015084097241315 3.058121693308289 44.732677 5.318966
63.8836641862082 8.892257670241154 6.446277963124443 30.76457 4.259019
67.14423196264237 15.962025308010457 24.76925610737078 56.773273 3.577121
94.11128944061781 12.272992041846027 51.051817618826355 526.6543 4.9164104
83.78449673650563 9.934150110721673 2.5935737953210762 6.4322896 3.528103
81.94005432439646 15.873953797987655 6.481430881645026 63.91516 5.4919605
72.84398461826676 18.839698327208737 26.122121718577166 35.043003 5.033988
93.84416519301544 29.496916029568094 18.27027873304325 113.53571 4.028311
178.67747697530453 -25.71355067130207 11.419404524036517 164.55905 5.033878
167.18294346262527 -28.08075244563961 18.313902228427466 243.58977 5.421471
176.19086105478968 -18.35078590188443 9.511298612148256 46.58766 4.4437094
200.7544111395892 -17.735404825737145 11.038278384229617 145.28368 5.0929937
211.67779704141816 -9.313497352055263 17.56269136742913 176.74435 5.373695
213.06566557520827 2.4093101388858527 13.228111261805555 102.43795 4.9613647
193.89877797423057 3.3972301950318524 17.4064804454874 69.276474 2.4037774
169.16492606970593 -3.651765921963768 17.28272485768198 89.16571 4.417504
176.4647373314568 6.528561818446899 9.84462371253032 35.878094 3.3209586
274.2984269146689 -17.373966192115233 3.067223051379602 31.96794 5.2285385
258.83511696459266 -26.60789783205067 168.13027793748972 1555.6709 4.828591
254.99047156795936 -25.09227017963234 6.048476014070639 70.54144 4.9917355
250.39316595282335 -17.742173535515366 8.481791471350974 71.16929 4.572637
294.39290982705467 -14.302449709836804 31.577043537278104 324.9848 5.3356085
307.4128129463103 -2.8856284168606123 16.879675482688768 118.49999 4.580437
286.5621591057804 -4.882960200216354 25.640893345717434 60.893948 3.4336429
274.02319173267955 2.377391553408376 4.148170682604949 63.61952 4.836709
247.4456746512309 -14.5508245572879 9.11816102510978 31.488268 5.432307
243.0306833035025 -8.547581759457774 12.725823890032233 143.32677 5.401822
246.93107398026117 -7.598612097215736 5.840739020989461 34.169926 4.255892
259.65416068684664 10.864040541800598 6.378368966479942 61.027763 4.4389596
25.449989342062583 -60.78951167262235 8.137456548346844 175.68079 5.3256307
44.6993868223538 -64.0712652011524 10.156727824787877 108.683105 4.93999
79.8423924881069 -50.60495484354134 27.869370365417826 594.5678 5.3059335
76.24219619490037 -49.577843913965815 7.32699901623978 87.931946 4.454087
82.80326527079693 -35.470650672179325 11.729989775724453 85.34379 3.5456567
57.149930346798186 -37.62017349202808 18.809318472511507 84.72333 4.7488933
64.47392596972604 -33.79837213753377 18.400194296882404 79.21282 3.5517442
36.74646913494038 -47.703866097379695 6.20522299818747 44.866043 4.201355
22.930201282615307 -30.28335904265981 8.765657642109396 65.63668 5.499884
50.34991856175339 -23.635261668925406 8.014262698588755 105.59108 5.2626553
45.292227781112175 -7.663325477485179 10.421623930175922 250.87715 5.4710355
45.212037547459815 -2.8785850733433422 2.5943799226150905 37.980896 5.2713413
161.4448613788698 -80.54016006425408 8.727327483385146 82.45528 4.399862
169.32950259029903 -67.82354741370285 2.1452621446176026 44.958336 5.066885
132.64611311749735 -66.79254329691774 19.29603506182192 136.7638 5.2618637
119.9063897425201 -60.587012750445204 2.2335487872596307 19.367987 4.2988462
130.15422888445784 -59.76098171605692 1.8023100180053184 11.158012 4.297206
134.08014307195594 -52.72340937416571 8.298105275945394 78.36574 4.69606
130.91778483683606 -49.822782443457584 1.7815471522030992 16.067364 5.0899634
153.88162920132132 -43.112610602118686 6.037673270725774 108.72176 4.999767
142.8885456468005 -35.71551733584856 11.689976025138089 304.09222 5.462564
108.13922367542023 -46.758827129126175 46.9030776895444 395.7155 4.38301
124.63819225374212 -36.658842804982086 34.54388900252877 332.4263 4.39842
99.44897561119097 -32.33944403692668 7.990161844937773 149.39542 4.8742375
101.1185958829079 -31.070506985647015 1.6454048557314496 22.802925 5.071308
119.09466622007194 -30.284636471209808 2.415837815614961 26.29762 4.678067
108.5633486897137 -26.35248705694927 2.2693980414951946 5.3214216 4.5140247
115.70061905431116 -26.351459652829647 9.901778462074917 198.28793 5.366955
126.26543341885659 -24.046090459380803 6.5277877427013316 46.091587 4.7542863
121.82511949818539 -20.554339107161802 2.007086517511812 30.535683 5.30117
123.3331373853723 -15.788241335550063 3.1741067245416152 45.13813 4.7064776
245.11186570278724 -78.66763607920078 5.794998038944428 64.274635 4.7641354
248.58039860475637 -70.9881513597289 3.2585274523684014 65.84048 5.185569
264.13680106256214 -38.63621784603912 20.692225649038413 95.75513 3.9237142
234.0501336066563 -44.39707667052472 5.782810267582467 75.65364 4.886434
242.4689919401146 -33.54601105896155 8.11498830717425 108.188126 5.4854784
181.23815133578415 -60.9682795876952 4.345752740782431 88.72918 5.0968795
205.4362078677083 -54.559537134243286 11.280998960106954 118.01581 5.24228
185.48919975329468 -56.37438704029712 1.5081014228598517 37.382126 5.3387766
217.53571181966655 -45.321478156797546 7.4763244993803815 80.893776 5.484575
209.56763096582756 -42.10084266978547 7.100153567583698 25.88806 3.8089063
182.08939329942342 -50.72248107334658 5.7179329578318505 8.775543 2.508257
196.20087878698916 -41.196398966159286 3.49977684002212 38.715893 5.215502
198.01111684680066 -37.80281712584803 48.869144296726084 461.74277 4.662345
221.49960889191453 -25.443657577700677 32.64574971092013 239.00888 5.024685
224.44403949978792 -12.437660983488751 2.954363475961982 23.470942 5.0743613
318.3359906316328 -70.12635078549926 2.4875099708447252 6.79883 4.2036533
284.23752678628426 -67.23342348412878 5.2450901461131965 42.973003 4.262779
281.3624218338677 -64.87192513545952 34.7354715858406 220.52567 4.724598
313.70266376090893 -58.45425431237613 5.6425572191622555 40.895916 3.3229845
319.96742118214337 -53.44972146066485 33.05456223416199 348.72156 4.449587
311.01085387228005 -51.921213220706434 41.33567011420478 357.18042 4.435362
299.9645743166827 -34.69810847602353 20.50757124966379 245.83926 5.2690935
286.734746992432 -27.67154143141872 28.319548249048147 90.348206 2.9668314
311.52362917337143 -25.271595679561823 68.33702615446357 374.9592 4.030625
305.2529803545091 -14.781406001156812 8.396575006308046 13.227001 2.8368742
299.4877023782079 -15.491960181923996 15.475214479807867 49.478714 4.9820247
64.31506301993932 20.578332998961216 35.08043993927667 364.14108 4.864198
48.72528453666189 21.04411908941896 11.894242243151323 27.498938 4.8649964
69.17259751847932 41.26475172720214 3.6003144749177594 18.464691 3.8100004
17.915448478226075 30.08951923458857 18.965310858421024 125.90954 4.1980224
57.380326534704494 65.52591009149197 3.32880597098895 18.02413 3.267435
145.2869906228765 9.892141951709274 24.19762317452514 100.49942 3.4208007
136.93662365797928 10.668146083324464 5.3208939982720125 40.99289 5.1893725
171.95985103758377 45.18513699581265 3.0580362268758674 28.806993 5.0384574
112.33499918996836 28.118041714732566 18.5038034095918 190.16948 5.039443
107.78471823693071 30.244948146711195 8.326143649272213 52.344963 4.020316
106.54800637233228 34.47375109219404 9.94929591961634 154.12146 5.300716
114.79118942273922 34.583839079832245 19.333780371008984 153.12387 4.7710595
130.25462423179027 45.83441070551413 17.22889758748568 241.95828 5.077131
99.83261001191966 42.48862921137345 8.09273860407615 61.60181 4.4310064
101.55871798601483 59.441631642786994 13.310117616389578 74.21356 5.493077
94.9056792160276 59.0110906288025 20.468570886110093 25.481167 4.436156
238.64382451916265 20.311156939971916 5.002215923574681 46.8451 4.752333
237.39813874191995 26.068104449762515 19.49653371986044 229.45882 4.3782544
214.81831214728047 13.004162152629776 38.30640217005552 502.32867 5.288976
257.3882743789108 40.77706357970886 12.189522521904962 70.226746 4.6597524
186.00631881104468 51.56230716879521 8.664259593962635 111.69357 4.5386505
216.2974561533579 51.84896726025888 69.06857806595082 437.4726 3.9172292
308.48799252184915 13.027380340980725 18.143648031539694 40.053455 5.3795085
331.8749703445142 18.000566219113974 2.9774559206601037 52.28221 5.3605824
304.87199406633573 13.216683268467598 3.8556244016118093 87.28416 5.43967
308.82744324729606 14.674266140045408 14.944074344083583 116.368904 4.614309
304.1962667731314 24.67102570413477 7.970035097653958 118.22315 5.0590305
312.2133779146625 22.994130558473763 3.956288705106401 50.887657 5.2893662
318.2340887866534 30.226696772221253 21.81303235858556 158.61517 2.9821486
335.2503132741254 26.93512455948905 4.402858412321586 42.067284 5.2938
331.7542260532072 25.34522096646813 84.00535559575758 415.1926 3.6638713
346.0469090829516 50.052835828247595 17.262907944371435 188.10388 4.337494
349.84902843575185 62.73976670471046 0.9987950383024217 25.449566 5.377756
288.85375828772095 30.526266253735436 3.4206099560569325 54.76211 5.0616364
286.8571936144978 32.501841609844206 22.8557465506264 292.15085 5.130968
296.1590716322537 34.414174482803865 2.639601169311785 58.178955 5.0723734
296.2439176177008 45.13102484391075 21.14741161121059 40.48849 2.9163165
303.8680187380917 47.71421578458536 3.2558384788946304 17.222992 3.3171265
296.8616365570033 47.907405919899276 2.7847829445905834 36.307873 5.349056
279.15555907048775 33.46904058909137 6.105618882215341 109.03448 5.385694
273.47793312479706 64.3974430759749 43.18372559003232 459.34937 4.861512
326.36215544560565 61.12079660682435 0.9320880212508735 10.774252 4.121482
329.1630789062305 63.6255485672108 1.0033079115530021 9.349422 3.94011
283.60007971689686 71.29738620421924 8.660058475519278 38.148697 4.4897413
3.4262050172591847 -26.022692261394834 3.541175971044718 45.275295 5.2871804
0.4561134922408335 -3.027549190475563 7.584454310165935 45.46742 5.0900393
38.039156607736466 -1.0350312130393102 12.171720961532358 126.48567 5.093464
26.348759050139087 9.157989522154077 12.52963226916752 98.15284 4.01252
342.3978595434945 -13.592800139917461 10.017146428389767 57.778557 3.350818
3.3089703843753013 15.183550741446307 6.947422027434692 16.182438 2.8534293
