6 0.0188959664210131
6.012006003001501 0.018465657859565
6.024012006003002 0.01804349747209244
6.036018009004502 0.01762937099233852
6.048024012006003 0.01722316300075022
6.060030015007504 0.01682475718915555
6.072036018009005 0.01643403659701903
6.084042021010506 0.01605088383285391
6.096048024012006 0.01567518127107093
6.108054027013507 0.01530681124768307
6.120060030015008 0.01494565622373756
6.132066033016509 0.0145915989481793
6.144072036018009 0.01424452259655595
6.156078039019509 0.01390431090378996
6.16808404202101 0.0135708482843242
6.180090045022511 0.01324401993608859
6.192096048024012 0.01292371194328013
6.204102051025512 0.01260981135791184
6.216108054027013 0.01230220628468004
6.228114057028514 0.01200078594436604
6.240120060030015 0.01170544074322777
6.252126063031516 0.01141606232271641
6.264132066033016 0.01113254360974025
6.276138069034517 0.01085477885895614
6.288144072036018 0.01058266368765004
6.300150075037519 0.0103160951085286
6.31215607803902 0.01005497155157542
6.32416208104052 0.009799192891193798
6.336168084042021 0.009548660457479485
6.348174087043522 0.009303277051781578
6.360180090045023 0.009062946956227336
6.372186093046524 0.008827575939520216
6.384192096048024 0.00859707126030429
6.396198099049525 0.008371341667025689
6.408204102051026 0.008150297397484962
6.420210105052527 0.007933850172218371
6.432216108054027 0.007721913190035679
6.444222111055527 0.007514401118903891
6.456228114057028 0.007311230086603615
6.468234117058529 0.007112317669605517
6.48024012006003 0.006917582878582351
6.49224612306153 0.006726946147569635
6.504252126063031 0.006540329315928517
6.516258129064532 0.006357655614660729
6.528264132066033 0.006178849648783569
6.540270135067534 0.006003837380696098
6.552276138069034 0.005832546110802639
6.564282141070535 0.005664904460466857
6.576288144072036 0.005500842352237356
6.588294147073537 0.005340290991457053
6.600300150075038 0.005183182845435397
6.612306153076538 0.005029451624691816
6.624312156078039 0.004879032263032101
6.63631815907954 0.004731860897322804
6.648324162081041 0.004587874847180373
6.660330165082541 0.004447012594772204
6.672336168084042 0.004309213765534281
6.684342171085543 0.004174419108226246
6.696348174087044 0.004042570474153351
6.708354177088545 0.003913610797484424
6.720360180090045 0.003787484076822167
6.732366183091546 0.003664135355069931
6.744372186093047 0.003543510700060537
6.756378189094547 0.00342555718525972
6.768384192096048 0.003310222872499935
6.780390195097548 0.003197456791633968
6.792396198099049 0.003087208923583162
6.80440220110055 0.002979430182167064
6.816408204102051 0.002874072395663063
6.828414207103552 0.002771088290124624
6.840420210105052 0.002670431472173718
6.852426213106553 0.002572056412008195
6.864432216108054 0.002475918426709356
6.876438219109555 0.002381973664443926
6.888444222111056 0.00229017908833562
6.900450225112556 0.002200492460517012
6.912456228114057 0.002112872327519
6.924462231115558 0.00202727800424185
6.936468234117059 0.00194366956049663
6.948474237118559 0.001862007805237376
6.96048024012006 0.001782254273571482
6.972486243121561 0.001704371211810773
6.984492246123062 0.001628321565013024
6.996498249124563 0.001554068962771993
7.008504252126063 0.001481577706726966
7.020510255127563 0.001410812757850266
7.032516258129064 0.00134173972347984
7.044522261130565 0.001274324845661923
7.056528264132066 0.001208534988940357
7.068534267133566 0.001144337628938175
7.080540270135067 0.001081700840258826
7.092546273136568 0.001020593286078508
7.104552276138069 0.0009609842067894725
7.11655827913957 0.0009028434093809601
7.12856428214107 0.0008461412566722615
7.140570285142571 0.0007908486576324592
7.152576288144072 0.0007369370565304401
7.164582291145573 0.0006843784239172201
7.176588294147074 0.0006331452463186338
7.188594297148574 0.0005832105172838276
7.200600300150075 0.0005345477279457
7.212606303151576 0.000487130857837581
7.224612306153077 0.0004409343664812937
7.236618309154577 0.0003959331840532876
7.248624312156078 0.0003521027037636237
7.260630315157579 0.0003094187726389031
7.27263631815908 0.0002678576840722258
7.284642321160581 0.000227396169547589
7.296648324162081 0.0001880113907284375
7.308654327163582 0.0001496809319982972
7.320660330165083 0.0001123827928877219
7.332666333166584 7.609538083697132e-05
7.344672336168085 4.079750352792288e-05
7.356678339169584 6.468362550027251e-06
7.368684342171085 -2.691245429553568e-05
7.380690345172586 -5.936497927794271e-05
7.392696348174087 -9.09088715017603e-05
7.404702351175588 -0.0001215634236915175
7.416708354177088 -0.0001513475683361243
7.428714357178589 -0.0001802798840953024
7.44072036018009 -0.0002083786019486666
7.452726363181591 -0.0002356616112382248
7.464732366183092 -0.0002621464657703854
7.476738369184592 -0.000287850389479205
7.488744372186093 -0.0003127902821502548
7.500750375187594 -0.0003369827253034696
7.512756378189095 -0.0003604439873308163
7.524762381190595 -0.0003831900292765589
7.536768384192096 -0.000405236510026219
7.548774387193597 -0.0004265987914646718
7.560780390195098 -0.0004472919437890077
7.572786393196599 -0.0004673307504419189
7.584792396198099 -0.0004867297131565529
7.596798399199599 -0.0005055030567144847
7.6088044022011 -0.0005236647339552647
7.620810405202601 -0.0005412284302273029
7.632816408204102 -0.0005582075682510901
7.644822411205602 -0.0005746153125714137
7.656828414207103 -0.0005904645740069103
7.668834417208604 -0.0006057680141507982
7.680840420210105 -0.0006205380495862833
7.692846423211606 -0.000634786856164804
7.704852426213106 -0.000648526373339009
7.716858429214607 -0.0006617683080654135
7.728864432216108 -0.0006745241389691792
7.740870435217609 -0.0006868051203112735
7.75287643821911 -0.0006986222859109992
7.76488244122061 -0.0007099864529960254
7.776888444222111 -0.0007209082259045374
7.788894447223612 -0.0007313979999346021
7.800900450225113 -0.0007414659649974675
7.812906453226613 -0.0007511221091172082
7.824912456228114 -0.0007603762220901311
7.836918459229615 -0.0007692378989245796
7.848924462231116 -0.0007777165432418798
7.860930465232617 -0.0007858213707685469
7.872936468234117 -0.0007935614125733625
7.884942471235618 -0.0008009455182799163
7.896948474237119 -0.0008079823594258073
7.90895447723862 -0.0008146804325501744
7.920960480240121 -0.0008210480623044303
7.932966483241621 -0.000827093404527246
7.944972486243121 -0.0008328244493187587
7.956978489244622 -0.0008382490238577067
7.968984492246123 -0.0008433747955184367
7.980990495247624 -0.0008482092745765168
7.992996498249124 -0.0008527598171456652
8.005002501250626 -0.000857033627878534
8.017008504252125 -0.000861037762801109
8.029014507253628 -0.0008647791318945885
8.041020510255127 -0.0008682645018239787
8.053026513256629 -0.0008715004985114239
8.065032516258128 -0.0008744936097285771
8.077038519259631 -0.0008772501875733418
8.08904452226113 -0.0008797764510335981
8.101050525262632 -0.000882078488292859
8.113056528264131 -0.0008841622593091514
8.125062531265632 -0.0008860335980411804
8.137068534267133 -0.0008876982148220414
8.149074537268634 -0.0008891616986796413
8.161080540270135 -0.0008904295195195089
8.173086543271635 -0.0008915070304126305
8.185092546273136 -0.0008923994696898307
8.197098549274637 -0.0008931119631789275
8.209104552276138 -0.0008936495262396038
8.221110555277638 -0.0008940170658648938
8.233116558279139 -0.0008942193827093381
8.24512256128064 -0.0008942611731202477
8.257128564282141 -0.0008941470310667166
8.269134567283642 -0.0008938814501084635
8.281140570285142 -0.0008934688253049439
8.293146573286643 -0.0008929134550719198
8.305152576288144 -0.000892219543028927
8.317158579289645 -0.0008913911998204016
8.329164582291146 -0.0008904324449175993
8.341170585292646 -0.000889347208311686
8.353176588294147 -0.0008881393322948128
8.365182591295648 -0.0008868125731380239
8.377188594297149 -0.0008853706027350805
8.389194597298649 -0.0008838170102693776
8.40120060030015 -0.0008821553038036445
8.413206603301651 -0.0008803889118730868
8.425212606303152 -0.0008785211850122487
8.437218609304653 -0.0008765553973448248
8.449224612306153 -0.0008744947480184562
8.461230615307654 -0.0008723423627074178
8.473236618309155 -0.0008701012950852738
8.485242621310656 -0.0008677745281860938
8.497248624312157 -0.0008653649759074733
8.509254627313657 -0.0008628754842683051
8.521260630315158 -0.0008603088328499042
8.533266633316659 -0.0008576677360953577
8.54527263631816 -0.0008549548445898336
8.55727863931966 -0.0008521727463885465
8.569284642321161 -0.0008493239682351994
8.58129064532266 -0.0008464109768245298
8.593296648324163 -0.0008434361800147699
8.605302651325662 -0.0008404019280022212
8.617308654327164 -0.0008373105145164511
8.629314657328663 -0.0008341641779682635
8.641320660330166 -0.0008309651025576875
8.653326663331665 -0.0008277154193964686
8.665332666333168 -0.0008244172076310452
8.677338669334667 -0.0008210724954649529
8.689344672336169 -0.0008176832612221407
8.701350675337668 -0.0008142514344069152
8.713356678339169 -0.0008107788966789098
8.72536268134067 -0.0008072674828641796
8.737368684342171 -0.0008037189819536938
8.749374687343671 -0.000800135138017577
8.761380690345172 -0.0007965176511792599
8.773386693346673 -0.0007928681785226571
8.785392696348174 -0.0007891883350116535
8.797398699349674 -0.0007854796943666115
8.809404702351175 -0.0007817437899475532
8.821410705352676 -0.000777982115602871
8.833416708354177 -0.0007741961265137071
8.845422711355678 -0.0007703872400185025
8.857428714357178 -0.0007665568364195463
8.869434717358679 -0.0007627062597871936
8.88144072036018 -0.0007588368187166766
8.893446723361681 -0.000754949787130893
8.905452726363182 -0.0007510464049792498
8.917458729364682 -0.0007471278790196489
8.929464732366183 -0.0007431953835045843
8.941470735367684 -0.000739250060924887
8.953476738369185 -0.0007352930226590185
8.965482741370685 -0.0007313253496999197
8.977488744372186 -0.0007273480932811008
8.989494747373687 -0.0007233622755675115
9.001500750375188 -0.0007193688902706052
9.013506753376689 -0.0007153689032875776
9.025512756378189 -0.0007113632533250203
9.03751875937969 -0.0007073528524914607
9.049524762381191 -0.0007033385869079645
9.061530765382692 -0.0006993213172574314
9.073536768384193 -0.0006953018793940738
9.085542771385693 -0.0006912810848818188
9.097548774387194 -0.0006872597215404688
9.109554777388695 -0.0006832385539816271
9.121560780390196 -0.0006792183241552188
9.133566783391696 -0.0006751997518356506
9.145572786393197 -0.0006711835351540518
9.157578789394698 -0.0006671703510692864
9.169584792396197 -0.0006631608558764768
9.1815907953977 -0.0006591556856711672
9.193596798399199 -0.0006551554568089285
9.205602801400701 -0.0006511607663799573
9.2176088044022 -0.0006471721926321269
9.229614807403703 -0.0006431902954425958
9.241620810405202 -0.0006392156167137064
9.253626813406704 -0.0006352486808118493
9.265632816408203 -0.0006312899949808826
9.277638819409706 -0.0006273400497365626
9.289644822411205 -0.000623399319263588
9.301650825412706 -0.0006194682618163895
9.313656828414207 -0.0006155473200761992
9.325662831415707 -0.0006116369215450369
9.337668834417208 -0.0006077374788832218
9.349674837418709 -0.000603849390301614
9.36168084042021 -0.0005999730398702184
9.37368684342171 -0.0005961087978914939
9.385692846423211 -0.0005922570212174016
9.397698849424712 -0.0005884180535843074
9.409704852426213 -0.0005845922259255891
9.421710855427714 -0.0005807798566981291
9.433716858429214 -0.0005769812521773249
9.445722861430715 -0.0005731967067643499
9.457728864432216 -0.0005694265032775113
9.469734867433717 -0.0005656709132409524
9.481740870435218 -0.0005619301971674685
9.493746873436718 -0.0005582046048330895
9.505752876438219 -0.0005544943755479495
9.51775887943972 -0.0005507997384199929
9.529764882441221 -0.0005471209126142185
9.541770885442721 -0.0005434581076037351
9.553776888444222 -0.0005398115234198503
9.565782891445723 -0.0005361813508888702
9.577788894447224 -0.0005325677718771016
9.589794897448725 -0.0005289709595197693
9.601800900450225 -0.0005253910784373643
9.613806903451726 -0.0005218282849753092
9.625812906453227 -0.0005182827274062655
9.637818909454728 -0.0005147545461514566
9.649824912456229 -0.0005112438739801016
9.661830915457729 -0.0005077508362180266
9.67383691845923 -0.000504275550943999
9.685842921460731 -0.000500818129186488
9.697848924462232 -0.0004973786751063212
9.709854927463732 -0.000493957286190545
9.721860930465233 -0.000490554053428632
9.733866933466732 -0.0004871690614888131
9.745872936468235 -0.0004838023888954802
9.757878939469734 -0.0004804541081983183
9.769884942471236 -0.0004771242861327189
9.781890945472735 -0.0004738129837867887
9.793896948474238 -0.0004705202567586234
9.805902951475737 -0.000467246155305974
9.81790895447724 -0.0004639907245064835
9.829914957478739 -0.0004607540043983227
9.841920960480241 -0.000457536030125166
9.85392696348174 -0.0004543368320796635
9.865932966483243 -0.0004511564360375597
9.877938969484742 -0.0004479948632985179
9.889944972486242 -0.0004448521308095098
9.901950975487743 -0.0004417282512985538
9.913956978489244 -0.0004386232334000657
9.925962981490745 -0.0004355370817739172
9.937968984492246 -0.0004324697972287617
9.949974987493746 -0.0004294213768360183
9.961980990495247 -0.000426391814045704
9.973986993496748 -0.0004233810987981715
9.985992996498249 -0.0004203892176313558
9.99799899949975 -0.0004174161537875906
10.01000500250125 -0.0004144618873175472
10.02201100550275 -0.0004115263951824611
10.03401700850425 -0.0004086096513490397
10.04602301150575 -0.0004057116268922434
10.05802901450725 -0.0004028322900844266
10.07003501750875 -0.0003999716064882024
10.08204102051026 -0.0003971295390452143
10.09404702351176 -0.0003943060481712965
10.10605302651326 -0.0003915010918272574
10.11805902951476 -0.0003887146256163427
10.13006503251626 -0.0003859466028574565
10.14207103551776 -0.0003831969746671193
10.15407703851926 -0.0003804656900365288
10.16608304152076 -0.0003777526959064751
10.17808904452226 -0.0003750579372416339
10.19009504752376 -0.0003723813571018869
10.20210105052526 -0.0003697228967131129
10.21410705352676 -0.0003670824955323993
10.22611305652826 -0.0003644600913187733
10.23811905952977 -0.0003618556201958343
10.25012506253126 -0.0003592690167149304
10.26213106553277 -0.0003567002139171294
10.27413706853427 -0.0003541491433923629
10.28614307153577 -0.0003516157353403108
10.29814907453727 -0.0003490999186255318
10.31015507753877 -0.0003466016208315617
10.32216108054027 -0.0003441207683193108
10.33416708354177 -0.0003416572862767042
10.34617308654327 -0.0003392110987694395
10.35817908954477 -0.0003367821287942312
10.37018509254627 -0.0003343702983243015
10.38219109554777 -0.0003319755283590995
10.39419709854927 -0.0003295977389685669
10.40620310155078 -0.0003272368493397598
10.41820910455228 -0.0003248927778201939
10.43021510755378 -0.0003225654419606074
10.44222111055528 -0.0003202547585542275
10.45422711355678 -0.0003179606436817198
10.46623311655828 -0.0003156830127464642
10.47823911955978 -0.0003134217805137846
10.49024512256128 -0.0003111768611488239
10.50225112556278 -0.0003089481682531188
10.51425712856428 -0.0003067356148985338
10.52626313156578 -0.0003045391136611859
10.53826913456728 -0.0003023585766563515
10.55027513756878 -0.0003001939155695401
10.56228114057028 -0.0002980450416886988
10.57428714357179 -0.0002959118659334389
10.58629314657329 -0.0002937942988870631
10.59829914957479 -0.0002916922508224107
10.61030515257629 -0.0002896056317321918
10.62231115557779 -0.0002875343513551684
10.63431715857929 -0.0002854783192031644
10.64632316158079 -0.0002834374445859007
10.65832916458229 -0.0002814116366360413
10.67033516758379 -0.000279400804334356
10.68234117058529 -0.0002774048565327403
10.69434717358679 -0.0002754237019751927
10.70635317658829 -0.0002734572493231424
10.7183591795898 -0.000271505407173946
10.7303651825913 -0.0002695680840829966
10.7423711855928 -0.0002676451885843156
10.7543771885943 -0.0002657366292084752
10.7663831915958 -0.0002638423145033819
10.7783891945973 -0.0002619621530503204
10.7903951975988 -0.0002600960534846247
10.8024012006003 -0.0002582439245101004
10.8144072036018 -0.0002564056749170436
10.8264132066033 -0.0002545812135984257
10.8384192096048 -0.0002527704495644625
10.8504252126063 -0.0002509732919591253
10.8624312156078 -0.000249189650073207
10.87443721860931 -0.0002474194333598821
10.8864432216108 -0.0002456625514467396
10.89844922461231 -0.0002439189141502202
10.91045522761381 -0.0002421884314877632
10.92246123061531 -0.0002404710136903272
10.93446723361681 -0.000238766571213616
10.94647323661831 -0.0002370750147507688
10.95847923961981 -0.0002353962552414297
10.97048524262131 -0.000233730203884308
10.98249124562281 -0.000232076772146698
10.99449724862431 -0.0002304358717734436
11.00650325162581 -0.0002288074147980756
11.01850925462731 -0.0002271913135506172
11.03051525762881 -0.0002255874806666449
11.04252126063032 -0.0002239958290966388
11.05452726363182 -0.0002224162721124034
11.06653326663332 -0.0002208487233171645
11.07853926963482 -0.0002192930966510222
11.09054527263632 -0.0002177493063981511
11.10255127563782 -0.0002162172671954169
11.11455727863932 -0.0002146968940378215
11.12656328164082 -0.0002131881022843347
11.13856928464232 -0.000211690807664992
11.15057528764382 -0.0002102049262858658
11.16258129064532 -0.0002087303746350587
11.17458729364682 -0.0002072670695877346
11.18659329664832 -0.0002058149284111669
11.19859929964982 -0.0002043738687692094
11.21060530265133 -0.0002029438087273528
11.22261130565283 -0.0002015246667570302
11.23461730865433 -0.0002001163617389233
11.24662331165583 -0.0001987188129675419
11.25862931465733 -0.00019733194015445
11.27063531765883 -0.000195955663432766
11.28264132066033 -0.0001945899033584175
11.29464732366183 -0.0001932345809154582
11.30665332666333 -0.0001918896175171571
11.31865932966483 -0.000190554935009564
11.33066533266633 -0.0001892304556742998
11.34267133566783 -0.0001879161022297974
11.35467733866933 -0.0001866117978345232
11.36668334167084 -0.0001853174660883762
11.37868934467234 -0.0001840330310351912
11.39069534767384 -0.0001827584171635521
11.40270135067534 -0.0001814935494091302
11.41470735367684 -0.0001802383531558608
11.42671335667834 -0.0001789927542367664
11.43871935967984 -0.0001777566789357628
11.45072536268134 -0.0001765300539883405
11.46273136568284 -0.0001753128065824584
11.47473736868434 -0.0001741048643592469
11.48674337168584 -0.0001729061554136712
11.49874937468734 -0.0001717166082952928
11.51075537768885 -0.0001705361520079858
11.52276138069034 -0.0001693647160114908
11.53476738369185 -0.0001682022302197367
11.54677338669335 -0.0001670486250029421
11.55877938969485 -0.0001659038311861031
11.57078539269635 -0.0001647677800494658
11.58279139569785 -0.0001636404033285447
11.59479739869935 -0.0001625216332131917
11.60680340170085 -0.0001614114023478214
11.61880940470235 -0.0001603096438305371
11.63081540770385 -0.0001592162912127411
11.64282141070535 -0.0001581312784986286
11.65482741370685 -0.0001570545401440649
11.66683341670835 -0.0001559860110562016
11.67883941970986 -0.0001549256265926354
11.69084542271136 -0.0001538733225599772
11.70285142571286 -0.0001528290352136585
11.71485742871436 -0.0001517927012560185
11.72686343171586 -0.0001507642578358608
11.73886943471736 -0.000149743642546928
11.75087543771886 -0.00014873079342661
11.76288144072036 -0.0001477256489551282
11.77488744372186 -0.0001467281480535691
11.78689344672336 -0.0001457382300828501
11.79889944972486 -0.0001447558348422578
11.81090545272636 -0.0001437809025677936
11.82291145572786 -0.0001428133739307306
11.83491745872936 -0.0001418531900362026
11.84692346173087 -0.0001409002924211274
11.85892946473237 -0.0001399546230529428
11.87093546773387 -0.0001390161243279488
11.88294147073537 -0.0001380847390690543
11.89494747373687 -0.0001371604105244899
11.90695347673837 -0.0001362430823658796
11.91895947973987 -0.0001353326986862058
11.93096548274137 -0.0001344292039981176
11.94297148574287 -0.0001335325432320305
11.95497748874437 -0.0001326426617340609
11.96698349174587 -0.0001317595052640166
11.97898949474737 -0.0001308830199936448
11.99099549774887 -0.0001300131525044745
12.00300150075038 -0.0001291498497858659
12.01500750375187 -0.0001282930592325732
12.02701350675338 -0.0001274427286432778
12.03901950975488 -0.0001265988062179689
12.05102551275638 -0.0001257612405560907
12.06303151575788 -0.0001249299806541102
12.07503751875938 -0.0001241049759039857
12.08704352176088 -0.0001232861760902242
12.09904952476238 -0.0001224735313881449
12.11105552776388 -0.0001216669923616954
12.12306153076538 -0.0001208665099609223
12.13506753376688 -0.0001200720355201336
12.14707353676839 -0.000119283520755349
12.15907953976988 -0.0001185009177620984
12.17108554277139 -0.000117724179013544
12.18309154577289 -0.0001169532573575916
12.19509754877439 -0.0001161881060151005
12.20710355177589 -0.0001154286785772976
12.21910955477739 -0.0001146749290037017
12.23111555777889 -0.0001139268116198985
12.24312156078039 -0.000113184281114828
12.25512756378189 -0.0001124472925388552
12.26713356678339 -0.0001117158013014844
12.27913956978489 -0.000110989763168664
12.29114557278639 -0.0001102691342609522
12.30315157578789 -0.0001095538710508639
12.31515757878939 -0.0001088439303607202
12.3271635817909 -0.0001081392693602057
12.3391695847924 -0.000107439845564252
12.3511755877939 -0.000106745616830355
12.3631815907954 -0.0001060565413568706
12.3751875937969 -0.0001053725776800747
12.3871935967984 -0.0001046936846720331
12.3991995997999 -0.0001040198215385397
12.4112056028014 -0.000103350947816502
12.4232116058029 -0.0001026870233719231
12.4352176088044 -0.000102028008397306
12.4472236118059 -0.0001013738634094145
12.4592296148074 -0.0001007245492472528
12.4712356178089 -0.0001000800270694399
12.48324162081041 -9.944025835213497e-05
12.49524762381191 -9.88052048865588e-05
12.50725362681341 -9.817482877701501e-05
12.51925962981491 -9.754909243829207e-05
12.53126563281641 -9.692795859374116e-05
12.54327163581791 -9.631139027265086e-05
12.55527763881941 -9.569935080833792e-05
12.56728364182091 -9.50918038356563e-05
12.57928964482241 -9.448871328899481e-05
12.59129564782391 -9.389004339984512e-05
12.60330165082541 -9.329575869467411e-05
12.61530765382691 -9.270582399267699e-05
12.62731365682841 -9.212020440364241e-05
12.63931965982992 -9.153886532572419e-05
12.65132566283141 -9.096177244319361e-05
12.66333166583292 -9.038889172446688e-05
12.67533766883442 -8.982018941967858e-05
12.68734367183592 -8.925563205861734e-05
12.69934967483742 -8.869518644877571e-05
12.71135567783892 -8.813881967281981e-05
12.72336168084042 -8.758649908688519e-05
12.73536768384192 -8.703819231816671e-05
12.74737368684342 -8.649386726294555e-05
12.75937968984492 -8.595349208436411e-05
12.77138569284642 -8.541703521055708e-05
12.78339169584793 -8.488446533233405e-05
12.79539769884942 -8.435575140136816e-05
12.80740370185093 -8.383086262786072e-05
12.81940970485243 -8.330976847869652e-05
12.83141570785393 -8.279243867541185e-05
12.84342171085543 -8.22788431919792e-05
12.85542771385693 -8.176895225307389e-05
12.86743371685843 -8.126273633187523e-05
12.87943971985993 -8.076016614811082e-05
12.89144572286143 -8.02612126662187e-05
12.90345172586293 -7.97658470931069e-05
12.91545772886443 -7.927404087653377e-05
12.92746373186593 -7.878576570290933e-05
12.93946973486743 -7.830099349541849e-05
12.95147573786893 -7.781969641231548e-05
12.96348174087044 -7.734184684461099e-05
12.97548774387194 -7.686741741458295e-05
12.98749374687344 -7.639638097362002e-05
12.99949974987494 -7.59287106005361e-05
13.01150575287644 -7.54643795995957e-05
13.02351175587794 -7.500336149864029e-05
13.03551775887944 -7.454563004739801e-05
13.04752376188094 -7.409115921548068e-05
13.05952976488244 -7.363992319082217e-05
13.07153576788394 -7.319189637757499e-05
13.08354177088544 -7.274705339451112e-05
13.09554777388694 -7.230536907322694e-05
13.10755377688844 -7.186681845636524e-05
13.11955977988995 -7.14313767958645e-05
13.13156578289145 -7.099901955116523e-05
13.14357178589295 -7.056972238759989e-05
13.15557778889445 -7.01434611745936e-05
13.16758379189595 -6.972021198395126e-05
13.17958979489745 -6.929995108819018e-05
13.19159579789895 -6.888265495895148e-05
13.20360180090045 -6.846830026513e-05
13.21560780390195 -6.805686387145435e-05
13.22761380690345 -6.764832283660477e-05
13.23961980990495 -6.724265441182005e-05
13.25162581290645 -6.68398360390764e-05
13.26363181590795 -6.643984534960518e-05
13.27563781890946 -6.604266016225875e-05
13.28764382191095 -6.564825848187831e-05
13.29964982491246 -6.525661849784955e-05
13.31165582791396 -6.486771858242433e-05
13.32366183091546 -6.448153728914257e-05
13.33566783391696 -6.409805335148383e-05
13.34767383691846 -6.371724568112989e-05
13.35967983991996 -6.333909336656452e-05
13.37168584292146 -6.296357567155066e-05
13.38369184592296 -6.259067203364696e-05
13.39569784892446 -6.222036206268543e-05
13.40770385192596 -6.18526255393619e-05
13.41970985492746 -6.148744241373182e-05
13.43171585792896 -6.112479280381962e-05
13.44372186093047 -6.0764656994088e-05
13.45572786393197 -6.040701543415517e-05
13.46773386693347 -6.005184873724013e-05
13.47973986993497 -5.969913767883677e-05
13.49174587293647 -5.934886319535942e-05
13.50375187593797 -5.900100638264358e-05
13.51575787893947 -5.86555484947222e-05
13.52776388194097 -5.831247094237253e-05
13.53976988494247 -5.797175529177393e-05
13.55177588794397 -5.763338326322742e-05
13.56378189094547 -5.729733672978073e-05
13.57578789394697 -5.696359771595373e-05
13.58779389694847 -5.663214839639317e-05
13.59979989994997 -5.630297109461383e-05
13.61180590295148 -5.597604828167772e-05
13.62381190595298 -5.565136257499048e-05
13.63581790895448 -5.532889673698366e-05
13.64782391195598 -5.500863367383058e-05
13.65982991495748 -5.469055643433718e-05
13.67183591795898 -5.437464820854964e-05
13.68384192096048 -5.406089232665059e-05
13.69584792396198 -5.374927225770461e-05
13.70785392696348 -5.343977160845371e-05
13.71985992996498 -5.313237412214873e-05
13.73186593296648 -5.282706367735352e-05
13.74387193596798 -5.252382428674118e-05
13.75587793896949 -5.222264009603366e-05
13.76788394197099 -5.192349538271094e-05
13.77988994497248 -5.162637455500753e-05
13.79189594797399 -5.133126215069889e-05
13.80390195097549 -5.103814283594729e-05
13.81590795397699 -5.074700140432447e-05
13.82791395697849 -5.045782277552689e-05
13.83991995997999 -5.017059199446982e-05
13.85192596298149 -4.988529423003889e-05
13.86393196598299 -4.960191477409246e-05
13.87593796898449 -4.932043904044252e-05
13.88794397198599 -4.904085256366491e-05
13.89994997498749 -4.876314099816156e-05
13.911955977989 -4.848729011708583e-05
13.92396198099049 -4.821328581132069e-05
13.935967983992 -4.794111408842484e-05
13.9479739869935 -4.767076107165326e-05
13.959979989995 -4.74022129989352e-05
13.9719859929965 -4.713545622190468e-05
13.983991995998 -4.687047720485844e-05
13.9959979989995 -4.660726252383905e-05
14.008004002001 -4.634579886563224e-05
14.0200100050025 -4.608607302679421e-05
14.032016008004 -4.582807191272702e-05
14.0440220110055 -4.55717825367202e-05
14.056028014007 -4.531719201899216e-05
14.0680340170085 -4.506428758581717e-05
14.08004002001 -4.481305656851542e-05
14.09204602301151 -4.456348640265451e-05
14.10405202601301 -4.431556462704455e-05
14.11605802901451 -4.406927888287826e-05
14.12806403201601 -4.382461691284254e-05
14.14007003501751 -4.358156656025974e-05
14.15207603801901 -4.334011576816773e-05
14.16408204102051 -4.310025257848421e-05
14.17608804402201 -4.286196513112517e-05
14.18809404702351 -4.26252416632008e-05
14.20010005002501 -4.239007050811183e-05
14.21210605302651 -4.215644009473751e-05
14.22411205602801 -4.192433894663199e-05
14.23611805902951 -4.169375568115683e-05
14.24812406203102 -4.146467900870862e-05
14.26013006503252 -4.123709773188788e-05
14.27213606803402 -4.101100074468974e-05
14.28414207103552 -4.07863770317492e-05
14.29614807403702 -4.05632156675007e-05
14.30815407703852 -4.034150581545061e-05
14.32016008004002 -4.012123672739141e-05
14.33216608304152 -3.99023977425889e-05
14.34417208604302 -3.968497828708878e-05
14.35617808904452 -3.946896787296557e-05
14.36818409204602 -3.925435609747748e-05
14.38019009504752 -3.904113264247037e-05
14.39219609804903 -3.882928727352735e-05
14.40420210105053 -3.861880983932462e-05
14.41620810405203 -3.840969027084058e-05
14.42821410705353 -3.820191858072727e-05
14.44022011005503 -3.799548486250951e-05
14.45222611305653 -3.779037928995647e-05
14.46423211605803 -3.758659211636098e-05
14.47623811905953 -3.738411367385649e-05
14.48824412206103 -3.718293437271997e-05
14.50025012506253 -3.698304470071765e-05
14.51225612806403 -3.678443522243202e-05
14.52426213106553 -3.658709657856631e-05
14.53626813406703 -3.639101948533492e-05
14.54827413706853 -3.619619473379508e-05
14.56028014007003 -3.600261318915886e-05
14.57228614307154 -3.581026579024001e-05
14.58429214607304 -3.561914354871179e-05
14.59629814907454 -3.542923754858316e-05
14.60830415207604 -3.524053894549648e-05
14.62031015507754 -3.505303896613601e-05
14.63231615807904 -3.486672890763789e-05
14.64432216108054 -3.468160013695221e-05
14.65632816408204 -3.449764409025813e-05
14.66833416708354 -3.431485227235388e-05
14.68034017008504 -3.413321625608818e-05
14.69234617308654 -3.395272768174768e-05
14.70435217608804 -3.377337825650121e-05
14.71635817908954 -3.359515975381195e-05
14.72836418209105 -3.341806401285204e-05
14.74037018509255 -3.324208293799889e-05
14.75237618809405 -3.306720849817738e-05
14.76438219109555 -3.289343272640415e-05
14.77638819409705 -3.272074771917145e-05
14.78839419709855 -3.254914563592901e-05
14.80040020010005 -3.237861869853463e-05
14.81240620310155 -3.220915919072568e-05
14.82441220610305 -3.204075945759513e-05
14.83641820910455 -3.187341190505529e-05
14.84842421210605 -3.170710899929975e-05
14.86043021510755 -3.15418432663376e-05
14.87243621810905 -3.13776072914191e-05
14.88444222111056 -3.121439371858884e-05
14.89644822411206 -3.105219525013841e-05
14.90845422711356 -3.08910046461246e-05
14.92046023011506 -3.073081472388713e-05
14.93246623311656 -3.057161835753115e-05
14.94447223611806 -3.041340847748235e-05
14.95647823911956 -3.025617806995745e-05
14.96848424212106 -3.009992017653242e-05
14.98049024512256 -2.994462789365788e-05
14.99249624812406 -2.979029437216623e-05
15.00450225112556 -2.963691281684122e-05
15.01650825412706 -2.948447648595456e-05
15.02851425712857 -2.933297869078366e-05
15.04052026013007 -2.91824127951905e-05
15.05252626313157 -2.903277221515576e-05
15.06453226613307 -2.888405041835913e-05
15.07653826913457 -2.873624092370003e-05
15.08854427213607 -2.858933730091106e-05
15.10055027513757 -2.844333317008911e-05
15.11255627813907 -2.829822220128159e-05
15.12456228114057 -2.815399811406689e-05
15.13656828414207 -2.801065467712782e-05
15.14857428714357 -2.786818570784148e-05
15.16058029014507 -2.772658507186321e-05
15.17258629314657 -2.758584668271399e-05
15.18459229614807 -2.744596450137702e-05
15.19659829914957 -2.730693253591355e-05
15.20860430215108 -2.71687448410412e-05
15.22061030515258 -2.703139551775087e-05
15.23261630815408 -2.689487871291362e-05
15.24462231115558 -2.675918861889999e-05
15.25662831415708 -2.662431947317655e-05
15.26863431715858 -2.649026555796252e-05
15.28064032016008 -2.635702119981119e-05
15.29264632316158 -2.622458076926322e-05
15.30465232616308 -2.609293868046257e-05
15.31665832916458 -2.596208939081447e-05
15.32866433216608 -2.583202740057966e-05
15.34067033516758 -2.570274725254864e-05
15.35267633816908 -2.557424353167224e-05
15.36468234117059 -2.544651086471083e-05
15.37668834417209 -2.531954391988144e-05
15.38869434717359 -2.519333740650509e-05
15.40070035017509 -2.50678860746661e-05
15.41270635317659 -2.494318471488152e-05
15.42471235617809 -2.481922815774201e-05
15.43671835917959 -2.469601127359546e-05
15.44872436218109 -2.45735289722013e-05
15.46073036518259 -2.445177620240416e-05
15.47273636818409 -2.433074795181133e-05
15.48474237118559 -2.421043924647019e-05
15.49674837418709 -2.409084515053556e-05
15.50875437718859 -2.397196076596952e-05
15.5207603801901 -2.385378123220231e-05
15.5327663831916 -2.373630172585219e-05
15.5447723861931 -2.361951746038865e-05
15.5567783891946 -2.350342368583078e-05
15.5687843921961 -2.338801568845307e-05
15.5807903951976 -2.327328879047601e-05
15.5927963981991 -2.315923834977625e-05
15.6048024012006 -2.304585975957115e-05
15.6168084042021 -2.29331484481507e-05
15.6288144072036 -2.282109987856237e-05
15.6408204102051 -2.270970954834226e-05
15.6528264132066 -2.259897298922013e-05
15.6648324162081 -2.248888576683595e-05
15.6768384192096 -2.237944348045799e-05
15.6888444222111 -2.227064176271491e-05
15.70085042521261 -2.216247627930395e-05
15.71285642821411 -2.205494272873128e-05
15.72486243121561 -2.19480368420355e-05
15.73686843421711 -2.184175438251784e-05
15.74887443721861 -2.173609114547427e-05
15.76088044022011 -2.163104295794116e-05
15.77288644322161 -2.152660567842697e-05
15.78489244622311 -2.142277519665006e-05
15.79689844922461 -2.131954743328473e-05
15.80890445222611 -2.121691833971255e-05
15.82091045522761 -2.111488389775871e-05
15.83291645822911 -2.101344011945279e-05
15.84492246123061 -2.091258304677341e-05
15.85692846423212 -2.081230875140226e-05
15.86893446723362 -2.071261333449157e-05
15.88094047023512 -2.061349292640192e-05
15.89294647323662 -2.051494368648702e-05
15.90495247623812 -2.04169618028321e-05
15.91695847923962 -2.031954349204259e-05
15.92896448224112 -2.022268499899167e-05
15.94097048524262 -2.012638259660318e-05
15.95297648824412 -2.003063258560852e-05
15.96498249124562 -1.993543129433403e-05
15.97698849424712 -1.984077507846496e-05
15.98899449724862 -1.974666032083062e-05
16.00100050025013 -1.965308343117555e-05
16.01300650325162 -1.956004084594787e-05
16.02501250625313 -1.946752902807663e-05
16.03701850925463 -1.937554446675222e-05
16.04902451225613 -1.928408367722892e-05
16.06103051525763 -1.919314320059226e-05
16.07303651825913 -1.910271960357325e-05
16.08504252126063 -1.901280947831322e-05
16.09704852426213 -1.892340944217797e-05
16.10905452726363 -1.883451613754593e-05
16.12106053026513 -1.874612623160812e-05
16.13306653326664 -1.865823641616578e-05
16.14507253626813 -1.85708434074255e-05
16.15707853926963 -1.848394394581459e-05
16.16908454227114 -1.839753479577587e-05
16.18109054527264 -1.831161274557469e-05
16.19309654827414 -1.822617460711272e-05
16.20510255127564 -1.814121721572534e-05
16.21710855427714 -1.805673743000913e-05
16.22911455727864 -1.797273213162059e-05
16.24112056028014 -1.788919822509533e-05
16.25312656328164 -1.780613263766784e-05
16.26513256628314 -1.772353231908293e-05
16.27713856928464 -1.764139424141408e-05
16.28914457228614 -1.755971539889687e-05
16.30115057528764 -1.747849280773449e-05
16.31315657828915 -1.739772350592973e-05
16.32516258129064 -1.73174045531099e-05
16.33716858429214 -1.723753303035402e-05
16.34917458729365 -1.715810604001914e-05
16.36118059029515 -1.707912070557217e-05
16.37318659329665 -1.700057417142174e-05
16.38519259629815 -1.692246360274349e-05
16.39719859929965 -1.684478618532351e-05
16.40920460230115 -1.676753912539165e-05
16.42121060530265 -1.669071964945728e-05
16.43321660830415 -1.661432500414334e-05
16.44522261130565 -1.653835245603435e-05
16.45722861430716 -1.646279929151297e-05
16.46923461730865 -1.638766281659933e-05
16.48124062031015 -1.631294035680714e-05
16.49324662331166 -1.623862925696945e-05
16.50525262631316 -1.616472688110564e-05
16.51725862931466 -1.609123061225272e-05
16.52926463231616 -1.601813785232497e-05
16.54127063531766 -1.594544602196061e-05
16.55327663831916 -1.587315256037378e-05
16.56528264132066 -1.580125492520664e-05
16.57728864432216 -1.572975059238339e-05
16.58929464732366 -1.565863705597002e-05
16.60130065032516 -1.558791182802549e-05
16.61330665332666 -1.551757243846218e-05
16.62531265632816 -1.544761643490243e-05
16.63731865932967 -1.537804138254803e-05
16.64932466233117 -1.530884486402884e-05
16.66133066533267 -1.524002447927386e-05
16.67333666833417 -1.517157784537279e-05
16.68534267133567 -1.510350259643962e-05
16.69734867433717 -1.503579638348179e-05
16.70935467733867 -1.496845687426775e-05
16.72136068034017 -1.490148175319037e-05
16.73336668334167 -1.483486872114128e-05
16.74537268634317 -1.476861549538142e-05
16.75737868934467 -1.47027198094077e-05
16.76938469234617 -1.463717941283527e-05
16.78139069534767 -1.457199207126021e-05
16.79339669834918 -1.450715556614401e-05
16.80540270135068 -1.444266769468381e-05
16.81740870435218 -1.437852626969203e-05
16.82941470735368 -1.431472911947283e-05
16.84142071035518 -1.425127408770437e-05
16.85342671335668 -1.418815903331588e-05
16.86543271635818 -1.412538183036826e-05
16.87743871935968 -1.406294036794079e-05
16.88944472236118 -1.400083255000929e-05
16.90145072536268 -1.393905629533417e-05
16.91345672836418 -1.387760953734183e-05
16.92546273136568 -1.381649022401556e-05
16.93746873436718 -1.375569631777566e-05
16.94947473736868 -1.369522579537488e-05
16.96148074037018 -1.363507664778516e-05
16.97348674337169 -1.357524688008197e-05
16.98549274637319 -1.351573451134397e-05
16.99749874937469 -1.345653757453808e-05
17.00950475237619 -1.339765411641515e-05
17.02151075537769 -1.333908219740164e-05
17.03351675837919 -1.328081989149776e-05
17.04552276138069 -1.322286528616671e-05
17.05752876438219 -1.316521648223704e-05
17.06953476738369 -1.310787159379511e-05
17.08154077038519 -1.305082874808753e-05
17.09354677338669 -1.299408608541154e-05
17.10555277638819 -1.293764175902835e-05
17.1175587793897 -1.288149393504897e-05
17.1295647823912 -1.28256407923435e-05
17.14157078539269 -1.277008052244428e-05
17.1535767883942 -1.271481132944333e-05
17.1655827913957 -1.265983142990059e-05
17.1775887943972 -1.260513905274621e-05
17.1895947973987 -1.25507324391865e-05
17.2016008004002 -1.249660984260893e-05
17.2136068034017 -1.244276952849286e-05
17.2256128064032 -1.23892097743106e-05
17.2376188094047 -1.233592886944322e-05
17.2496248124062 -1.228292511508287e-05
17.26163081540771 -1.223019682414778e-05
17.27363681840921 -1.217774232119028e-05
17.2856428214107 -1.212555994230966e-05
17.29764882441221 -1.207364803506146e-05
17.30965482741371 -1.202200495837628e-05
17.32166083041521 -1.197062908246501e-05
17.33366683341671 -1.191951878874004e-05
17.34567283641821 -1.186867246972764e-05
17.35767883941971 -1.181808852898477e-05
17.36968484242121 -1.176776538101027e-05
17.38169084542271 -1.171770145117203e-05
17.39369684842421 -1.166789517561399e-05
17.40570285142572 -1.161834500118321e-05
17.41770885442721 -1.156904938534168e-05
17.42971485742871 -1.152000679609219e-05
17.44172086043022 -1.14712157118954e-05
17.45372686343172 -1.142267462159074e-05
17.46573286643321 -1.137438202432127e-05
17.47773886943472 -1.132633642945074e-05
17.48974487243622 -1.127853635649247e-05
17.50175087543772 -1.123098033502997e-05
17.51375687843922 -1.118366690463872e-05
17.52576288144072 -1.113659461481565e-05
17.53776888444222 -1.108976202490366e-05
17.54977488744372 -1.104316770401558e-05
17.56178089044522 -1.099681023096156e-05
17.57378689344672 -1.09506881941768e-05
17.58579289644823 -1.090480019165176e-05
17.59779889944972 -1.085914483085538e-05
17.60980490245122 -1.081372072866813e-05
17.62181090545273 -1.076852651131119e-05
17.63381690845423 -1.072356081427589e-05
17.64582291145573 -1.06788222822532e-05
17.65782891445723 -1.063430956906846e-05
17.66983491745873 -1.059002133761074e-05
17.68184092046023 -1.054595625976421e-05
17.69384692346173 -1.050211301634603e-05
17.70585292646323 -1.045849029703236e-05
17.71785892946473 -1.041508680029983e-05
17.72986493246623 -1.037190123335719e-05
17.74187093546773 -1.032893231207693e-05
17.75387693846923 -1.028617876093781e-05
17.76588294147074 -1.024363931295558e-05
17.77788894447224 -1.020131270962046e-05
17.78989494747374 -1.015919770083847e-05
17.80190095047524 -1.011729304486415e-05
17.81390695347674 -1.007559750824014e-05
17.82591295647824 -1.003410986573711e-05
17.83791895947974 -9.992828900292743e-06
17.84992496248124 -9.951753402949833e-06
17.86193096548274 -9.910882172797875e-06
17.87393696848424 -9.870214016914268e-06
17.88594297148574 -9.829747750302976e-06
17.89794897448724 -9.789482195839006e-06
17.90995497748874 -9.749416184208199e-06
17.92196098049025 -9.709548553851998e-06
17.93396698349175 -9.669878150907082e-06
17.94597298649325 -9.630403829152873e-06
17.95797898949475 -9.591124449952065e-06
17.96998499249625 -9.552038882197151e-06
17.98199099549775 -9.51314600225366e-06
17.99399699849925 -9.474444693907763e-06
18.00600300150075 -9.435933848307921e-06
18.01800900450225 -9.397612363914357e-06
18.03001500750375 -9.359479146445185e-06
18.04202101050525 -9.321533108821984e-06
18.05402701350675 -9.283773171118926e-06
18.06603301650825 -9.246198260508021e-06
18.07803901950975 -9.208807311209801e-06
18.09004502251126 -9.171599264441327e-06
18.10205102551276 -9.134573068364502e-06
18.11405702851426 -9.097727678035934e-06
18.12606303151576 -9.061062055356544e-06
18.13806903451726 -9.024575169023078e-06
18.15007503751876 -8.98826599447567e-06
18.16208104052026 -8.95213351385295e-06
18.17408704352176 -8.916176715940252e-06
18.18609304652326 -8.880394596121887e-06
18.19809904952476 -8.844786156336438e-06
18.21010505252626 -8.809350405023787e-06
18.22211105552776 -8.774086357082165e-06
18.23411705852926 -8.738993033820836e-06
18.24612306153077 -8.704069462912737e-06
18.25812906453227 -8.669314678350105e-06
18.27013506753377 -8.634727720394999e-06
18.28214107053527 -8.600307635539895e-06
18.29414707353677 -8.566053476458251e-06
18.30615307653827 -8.531964301961657e-06
18.31815907953977 -8.498039176954414e-06
18.33016508254127 -8.46427717239267e-06
18.34217108554277 -8.430677365237274e-06
18.35417708854427 -8.397238838412539e-06
18.36618309154577 -8.363960680763843e-06
18.37818909454727 -8.330841987013509e-06
18.39019509754878 -8.297881857720005e-06
18.40220110055028 -8.265079399235611e-06
18.41420710355177 -8.232433723665415e-06
18.42621310655328 -8.199943948824793e-06
18.43821910955478 -8.167609198199976e-06
18.45022511255628 -8.135428600907272e-06
18.46223111555778 -8.103401291651311e-06
18.47423711855928 -8.071526410688232e-06
18.48624312156078 -8.03980310378289e-06
18.49824912456228 -8.008230522171391e-06
18.51025512756378 -7.976807822521547e-06
18.52226113056528 -7.945534166894237e-06
18.53426713356679 -7.914408722704632e-06
18.54627313656828 -7.883430662686174e-06
18.55827913956978 -7.852599164849119e-06
18.57028514257129 -7.821913412446227e-06
18.58229114557279 -7.791372593934276e-06
18.59429714857428 -7.760975902937576e-06
18.60630315157579 -7.730722538209695e-06
18.61830915457729 -7.700611703600073e-06
18.63031515757879 -7.670642608016325e-06
18.64232116058029 -7.640814465386994e-06
18.65432716358179 -7.611126494629042e-06
18.66633316658329 -7.581577919610209e-06
18.67833916958479 -7.552167969115631e-06
18.69034517258629 -7.522895876811486e-06
18.70235117558779 -7.49376088121306e-06
18.7143571785893 -7.464762225647561e-06
18.72636318159079 -7.435899158222581e-06
18.73836918459229 -7.407170931791674e-06
18.7503751875938 -7.378576803919819e-06
18.7623811905953 -7.35011603685255e-06
18.7743871935968 -7.321787897481759e-06
18.7863931965983 -7.293591657312963e-06
18.7983991995998 -7.265526592433201e-06
18.8104052026013 -7.237591983479139e-06
18.8224112056028 -7.209787115604257e-06
18.8344172086043 -7.182111278449076e-06
18.8464232116058 -7.154563766108012e-06
18.85842921460731 -7.127143877099205e-06
18.8704352176088 -7.099850914332626e-06
18.8824412206103 -7.07268418508047e-06
18.89444722361181 -7.045643000946542e-06
18.90645322661331 -7.018726677834936e-06
18.91845922961481 -6.991934535922547e-06
18.93046523261631 -6.965265899625289e-06
18.94247123561781 -6.938720097573282e-06
18.95447723861931 -6.912296462577892e-06
18.96648324162081 -6.88599433160434e-06
18.97848924462231 -6.859813045742823e-06
18.99049524762381 -6.83375195017923e-06
19.00250125062531 -6.807810394166996e-06
19.01450725362681 -6.78198773099938e-06
19.02651325662831 -6.756283317980829e-06
19.03851925962982 -6.73069651639956e-06
19.05052526263132 -6.705226691499327e-06
19.06253126563282 -6.679873212453699e-06
19.07453726863432 -6.6546354523367e-06
19.08654327163582 -6.629512788097616e-06
19.09854927463732 -6.604504600533719e-06
19.11055527763882 -6.579610274263051e-06
19.12256128064032 -6.55482919769917e-06
19.13456728364182 -6.530160763024595e-06
19.14657328664332 -6.505604366164092e-06
19.15857928964482 -6.481159406760584e-06
19.17058529264632 -6.456825288147383e-06
19.18259129564782 -6.432601417325027e-06
19.19459729864932 -6.408487204935322e-06
19.20660330165082 -6.384482065235446e-06
19.21860930465233 -6.360585416073991e-06
19.23061530765383 -6.336796678866704e-06
19.24262131065533 -6.31311527857139e-06
19.25462731365683 -6.289540643663309e-06
19.26663331665833 -6.266072206113022e-06
19.27863931965983 -6.242709401359819e-06
19.29064532266133 -6.219451668290063e-06
19.30265132566283 -6.196298449213169e-06
19.31465732866433 -6.173249189837691e-06
19.32666333166583 -6.150303339248399e-06
19.33866933466733 -6.127460349883728e-06
19.35067533766883 -6.104719677512499e-06
19.36268134067033 -6.082080781211778e-06
19.37468734367184 -6.059543123343067e-06
19.38669334667334 -6.037106169532223e-06
19.39869934967484 -6.014769388644744e-06
19.41070535267634 -5.992532252765688e-06
19.42271135567784 -5.97039423717691e-06
19.43471735867934 -5.948354820335842e-06
19.44672336168084 -5.926413483854113e-06
19.45872936468234 -5.904569712475216e-06
19.47073536768384 -5.882822994054221e-06
19.48274137068534 -5.861172819536954e-06
19.49474737368684 -5.839618682938326e-06
19.50675337668834 -5.818160081321951e-06
19.51875937968985 -5.796796514779768e-06
19.53076538269135 -5.775527486411322e-06
19.54277138569284 -5.754352502303739e-06
19.55477738869435 -5.733271071512047e-06
19.56678339169585 -5.712282706037378e-06
19.57878939469735 -5.691386920809616e-06
19.59079539769885 -5.670583233666043e-06
19.60280140070035 -5.649871165332551e-06
19.61480740370185 -5.629250239403875e-06
19.62681340670335 -5.608719982324575e-06
19.63881940970485 -5.588279923370147e-06
19.65082541270635 -5.567929594627137e-06
19.66283141570786 -5.547668530975369e-06
19.67483741870936 -5.527496270069277e-06
19.68684342171085 -5.507412352317986e-06
19.69884942471236 -5.487416320868869e-06
19.71085542771386 -5.467507721587485e-06
19.72286143071536 -5.447686103041086e-06
19.73486743371686 -5.427951016478568e-06
19.74687343671836 -5.408302015814579e-06
19.75887943971986 -5.388738657611104e-06
19.77088544272136 -5.369260501059292e-06
19.78289144572286 -5.349867107962286e-06
19.79489744872436 -5.330558042718461e-06
19.80690345172586 -5.31133287230359e-06
19.81890945472736 -5.292191166253345e-06
19.83091545772886 -5.273132496647345e-06
19.84292146073037 -5.254156438091634e-06
19.85492746373187 -5.235262567702001e-06
19.86693346673336 -5.216450465087464e-06
19.87893946973487 -5.197719712333904e-06
19.89094547273637 -5.179069893987217e-06
19.90295147573787 -5.160500597037811e-06
19.91495747873937 -5.142011410903531e-06
19.92696348174087 -5.123601927414614e-06
19.93896948474237 -5.105271740797262e-06
19.95097548774387 -5.0870204476576e-06
19.96298149074537 -5.06884764696646e-06
19.97498749374687 -5.050752940043812e-06
19.98699349674838 -5.03273593054298e-06
19.99899949974987 -5.014796224435868e-06
20.01100550275137 -4.996933429996851e-06
20.02301150575288 -4.979147157788404e-06
20.03501750875438 -4.961437020645918e-06
20.04702351175588 -4.943802633662806e-06
20.05902951475738 -4.926243614175458e-06
20.07103551775888 -4.908759581748905e-06
20.08304152076038 -4.891350158161727e-06
20.09504752376188 -4.874014967392602e-06
20.10705352676338 -4.856753635604673e-06
20.11905952976488 -4.839565791132168e-06
20.13106553276639 -4.822451064465793e-06
20.14307153576788 -4.805409088238717e-06
20.15507753876938 -4.788439497213214e-06
20.16708354177089 -4.771541928265612e-06
20.17908954477239 -4.75471602037368e-06
20.19109554777389 -4.737961414602449e-06
20.20310155077539 -4.721277754090362e-06
20.21510755377689 -4.70466468403648e-06
20.22711355677839 -4.688121851686503e-06
20.23911955977989 -4.671648906319813e-06
20.25112556278139 -4.655245499236573e-06
20.26313156578289 -4.638911283743803e-06
20.27513756878439 -4.622645915142827e-06
20.28714357178589 -4.60644905071707e-06
20.29914957478739 -4.590320349717693e-06
20.3111555777889 -4.57425947335236e-06
20.3231615807904 -4.558266084771807e-06
20.3351675837919 -4.542339849057631e-06
20.3471735867934 -4.526480433209677e-06
20.3591795897949 -4.510687506133416e-06
20.3711855927964 -4.49496073862828e-06
20.3831915957979 -4.47929980337501e-06
20.3951975987994 -4.463704374923892e-06
20.4072036018009 -4.448174129682213e-06
20.4192096048024 -4.432708745902951e-06
20.4312156078039 -4.417307903672512e-06
20.4432216108054 -4.401971284899007e-06
20.4552276138069 -4.386698573300761e-06
20.4672336168084 -4.371489454394702e-06
20.4792396198099 -4.35634361548458e-06
20.49124562281141 -4.341260745649603e-06
20.50325162581291 -4.32624053573355e-06
20.51525762881441 -4.311282678332929e-06
20.52726363181591 -4.296386867785798e-06
20.53926963481741 -4.281552800161077e-06
20.55127563781891 -4.266780173247397e-06
20.56328164082041 -4.252068686541446e-06
20.57528764382191 -4.237418041238225e-06
20.58729364682341 -4.22282794021929e-06
20.59929964982491 -4.208298088042734e-06
20.61130565282641 -4.193828190931931e-06
20.62331165582791 -4.179417956765109e-06
20.63531765882941 -4.165067095065204e-06
20.64732366183092 -4.150775316989113e-06
20.65932966483242 -4.136542335317343e-06
20.67133566783392 -4.122367864443874e-06
20.68334167083542 -4.108251620365379e-06
20.69534767383692 -4.094193320672288e-06
20.70735367683842 -4.080192684537333e-06
20.71935967983992 -4.066249432706385e-06
20.73136568284142 -4.052363287488469e-06
20.74337168584292 -4.038533972745364e-06
20.75537768884442 -4.024761213882554e-06
20.76738369184592 -4.011044737838897e-06
20.77938969484742 -3.997384273077131e-06
20.79139569784893 -3.983779549574576e-06
20.80340170085043 -3.970230298813258e-06
20.81540770385192 -3.956736253770495e-06
20.82741370685343 -3.94329714890957e-06
20.83941970985493 -3.929912720170552e-06
20.85142571285643 -3.916582704960586e-06
20.86343171585793 -3.903306842145236e-06
20.87543771885943 -3.890084872039036e-06
20.88744372186093 -3.87691653639633e-06
20.89944972486243 -3.86380157840263e-06
20.91145572786393 -3.850739742664936e-06
20.92346173086543 -3.837730775204201e-06
20.93546773386693 -3.824774423444928e-06
20.94747373686843 -3.811870436207292e-06
20.95947973986993 -3.799018563698433e-06
20.97148574287144 -3.786218557503468e-06
20.98349174587294 -3.773470170577146e-06
20.99549774887443 -3.760773157235404e-06
21.00750375187594 -3.748127273146458e-06
21.01950975487744 -3.735532275322949e-06
21.03151575787894 -3.722987922113103e-06
21.04352176088044 -3.710493973192852e-06
21.05552776388194 -3.698050189557293e-06
21.06753376688344 -3.685656333512683e-06
21.07953976988494 -3.673312168668318e-06
21.09154577288644 -3.661017459928124e-06
21.10355177588794 -3.64877197348317e-06
21.11555777888945 -3.636575476803401e-06
21.12756378189095 -3.62442773862974e-06
21.13956978489244 -3.612328528966242e-06
21.15157578789395 -3.600277619072312e-06
21.16358179089545 -3.588274781455119e-06
21.17558779389695 -3.576319789861762e-06
21.18759379689845 -3.564412419271442e-06
21.19959979989995 -3.552552445888231e-06
21.21160580290145 -3.540739647133327e-06
21.22361180590295 -3.528973801637579e-06
21.23561780890445 -3.517254689234151e-06
21.24762381190595 -3.505582090951025e-06
21.25962981490746 -3.493955789003792e-06
21.27163581790895 -3.482375566788148e-06
21.28364182091045 -3.470841208872983e-06
21.29564782391196 -3.459352500992906e-06
21.30765382691346 -3.44790923004118e-06
21.31965982991496 -3.436511184062881e-06
21.33166583291646 -3.425158152247433e-06
21.34367183591796 -3.413849924921944e-06
21.35567783891946 -3.402586293544167e-06
21.36768384192096 -3.391367050695557e-06
21.37968984492246 -3.380191990074371e-06
21.39169584792396 -3.369060906489197e-06
21.40370185092547 -3.357973595851524e-06
21.41570785392696 -3.346929855169966e-06
21.42771385692846 -3.335929482542638e-06
21.43971985992997 -3.324972277151099e-06
21.45172586293147 -3.314058039253656e-06
21.46373186593297 -3.303186570178971e-06
21.47573786893447 -3.292357672319095e-06
21.48774387193597 -3.28157114912359e-06
21.49974987493747 -3.270826805092737e-06
21.51175587793897 -3.260124445771391e-06
21.52376188094047 -3.249463877742505e-06
21.53576788394197 -3.238844908620986e-06
21.54777388694347 -3.228267347047451e-06
21.55977988994497 -3.217731002681749e-06
21.57178589294647 -3.207235686197463e-06
21.58379189594798 -3.196781209274918e-06
21.59579789894947 -3.186367384595933e-06
21.60780390195097 -3.175994025837295e-06
21.61980990495248 -3.165660947664863e-06
21.63181590795398 -3.155367965727755e-06
21.64382191095548 -3.1451148966524e-06
21.65582791395698 -3.134901558036523e-06
21.66783391695848 -3.124727768443368e-06
21.67983991995998 -3.114593347396126e-06
21.69184592296148 -3.104498115371816e-06
21.70385192596298 -3.094441893795894e-06
21.71585792896448 -3.084424505036516e-06
21.72786393196598 -3.074445772398542e-06
21.73986993496748 -3.064505520118417e-06
21.75187593796898 -3.054603573358452e-06
21.76388194097049 -3.044739758201171e-06
21.77588794397199 -3.034913901643842e-06
21.78789394697349 -3.025125831593162e-06
21.79989994997499 -3.015375376859788e-06
21.81190595297649 -3.005662367152791e-06
21.82391195597799 -2.995986633074559e-06
21.83591795897949 -2.986348006115317e-06
21.84792396198099 -2.976746318647908e-06
21.85992996498249 -2.967181403922508e-06
21.87193596798399 -2.957653096061461e-06
21.88394197098549 -2.948161230054139e-06
21.89594797398699 -2.938705641751771e-06
21.90795397698849 -2.929286167862149e-06
21.91995997999 -2.91990264594492e-06
21.9319659829915 -2.910554914406315e-06
21.943971985993 -2.90124281249411e-06
21.9559779889945 -2.891966180292825e-06
21.967983991996 -2.88272485871857e-06
21.9799899949975 -2.873518689514489e-06
21.991995997999 -2.864347515245297e-06
22.0040020010005 -2.855211179293061e-06
22.016008004002 -2.846109525852004e-06
22.0280140070035 -2.837042399923931e-06
22.040020010005 -2.828009647313219e-06
22.0520260130065 -2.81901111462239e-06
22.064032016008 -2.810046649247232e-06
22.07603801900951 -2.801116099372287e-06
22.088044022011 -2.792219313966123e-06
22.10005002501251 -2.783356142776596e-06
22.11205602801401 -2.774526436326664e-06
22.12406203101551 -2.765730045909531e-06
22.13606803401701 -2.756966823584253e-06
22.14807403701851 -2.748236622171245e-06
22.16008004002001 -2.739539295247797e-06
22.17208604302151 -2.730874697143828e-06
22.18409204602301 -2.722242682937073e-06
22.19609804902451 -2.713643108449325e-06
22.20810405202601 -2.705075830241604e-06
22.22011005502752 -2.696540705610026e-06
22.23211605802901 -2.688037592581576e-06
22.24412206103052 -2.679566349909794e-06
22.25612806403202 -2.671126837070591e-06
22.26813406703352 -2.662718914257878e-06
22.28014007003502 -2.654342442379736e-06
22.29214607303652 -2.645997283053976e-06
22.30415207603802 -2.637683298604052e-06
22.31615807903952 -2.629400352055292e-06
22.32816408204102 -2.621148307130311e-06
22.34017008504252 -2.612927028245454e-06
22.35217608804402 -2.604736380506474e-06
22.36418209104552 -2.596576229704703e-06
22.37618809404702 -2.58844644231303e-06
22.38819409704853 -2.580346885482031e-06
22.40020010005003 -2.572277427035942e-06
22.41220610305152 -2.564237935468865e-06
22.42421210605303 -2.55622827994097e-06
22.43621810905453 -2.548248330274514e-06
22.44822411205603 -2.540297956950152e-06
22.46023011505753 -2.532377031102973e-06
22.47223611805903 -2.524485424519067e-06
22.48424212106053 -2.516623009631425e-06
22.49624812406203 -2.508789659516452e-06
22.50825412706353 -2.500985247890271e-06
22.52026013006503 -2.493209649104909e-06
22.53226613306653 -2.485462738144825e-06
22.54427213606803 -2.477744390623166e-06
22.55627813906953 -2.470054482778271e-06
22.56828414207104 -2.462392891470017e-06
22.58029014507254 -2.454759494176253e-06
22.59229614807404 -2.447154168989411e-06
22.60430215107554 -2.439576794612878e-06
22.61630815407704 -2.432027250357508e-06
22.62831415707854 -2.424505416138253e-06
22.64032016008004 -2.417011172470617e-06
22.65232616308154 -2.409544400467334e-06
22.66433216608304 -2.402104981834939e-06
22.67633816908454 -2.394692798870317e-06
22.68834417208604 -2.387307734457451e-06
22.70035017508754 -2.379949672064157e-06
22.71235617808905 -2.372618495738494e-06
22.72436218109054 -2.365314090105788e-06
22.73636818409205 -2.35803634036519e-06
22.74837418709355 -2.35078513228648e-06
22.76038019009505 -2.34356035220681e-06
22.77238619309655 -2.336361887027541e-06
22.78439219609805 -2.329189624210978e-06
22.79639819909955 -2.322043451777343e-06
22.80840420210105 -2.314923258301484e-06
22.82041020510255 -2.307828932909815e-06
22.83241620810405 -2.300760365277176e-06
22.84442221110555 -2.293717445623821e-06
22.85642821410705 -2.286700064712241e-06
22.86843421710855 -2.279708113844228e-06
22.88044022011006 -2.272741484857723e-06
22.89244622311156 -2.265800070123917e-06
22.90445222611306 -2.258883762544177e-06
22.91645822911456 -2.251992455547151e-06
22.92846423211606 -2.245126043085704e-06
22.94047023511756 -2.23828441963412e-06
22.95247623811906 -2.231467480185053e-06
22.96448224112056 -2.224675120246674e-06
22.97648824412206 -2.217907235839872e-06
22.98849424712356 -2.211163723495225e-06
23.00050025012506 -2.204444480250349e-06
23.01250625312656 -2.197749403646801e-06
23.02451225612806 -2.19107839172766e-06
23.03651825912956 -2.184431343034275e-06
23.04852426213106 -2.177808156603888e-06
23.06053026513257 -2.171208731966693e-06
23.07253626813407 -2.164632969143012e-06
23.08454227113557 -2.158080768640692e-06
23.09654827413707 -2.151552031452522e-06
23.10855427713857 -2.145046659053182e-06
23.12056028014007 -2.138564553396911e-06
23.13256628314157 -2.13210561691468e-06
23.14457228614307 -2.125669752511644e-06
23.15657828914457 -2.119256863564375e-06
23.16858429214607 -2.112866853918379e-06
23.18059029514757 -2.106499627885512e-06
23.19259629814907 -2.1001550902413e-06
23.20460230115058 -2.093833146222445e-06
23.21660830415207 -2.087533701524347e-06
23.22861430715358 -2.081256662298374e-06
23.24062031015508 -2.07500193514958e-06
23.25262631315658 -2.068769427134042e-06
23.26463231615808 -2.062559045756464e-06
23.27663831915958 -2.056370698967679e-06
23.28864432216108 -2.050204295162203e-06
23.30065032516258 -2.044059743175785e-06
23.31265632816408 -2.037936952283011e-06
23.32466233116558 -2.031835832194867e-06
23.33666833416708 -2.025756293056355e-06
23.34867433716859 -2.01969824544413e-06
23.36068034017008 -2.013661600364167e-06
23.37268634317159 -2.007646269249287e-06
23.38469234617309 -2.001652163956975e-06
23.39669834917459 -1.995679196766991e-06
23.40870435217609 -1.989727280379008e-06
23.42071035517759 -1.983796327910475e-06
23.43271635817909 -1.97788625289411e-06
23.44472236118059 -1.971996969275893e-06
23.45672836418209 -1.966128391412604e-06
23.46873436718359 -1.960280434069762e-06
23.48074037018509 -1.954453012419204e-06
23.49274637318659 -1.94864604203703e-06
23.50475237618809 -1.942859438901422e-06
23.5167583791896 -1.937093119390291e-06
23.5287643821911 -1.931347000279314e-06
23.5407703851926 -1.925620998739621e-06
23.5527763881941 -1.919915032335729e-06
23.5647823911956 -1.914229019023369e-06
23.5767883941971 -1.908562877147482e-06
23.5887943971986 -1.902916525439906e-06
23.6008004002001 -1.897289883017479e-06
23.6128064032016 -1.891682869379849e-06
23.6248124062031 -1.886095404407489e-06
23.6368184092046 -1.880527408359563e-06
23.6488244122061 -1.874978801871923e-06
23.6608304152076 -1.869449505955055e-06
23.6728364182091 -1.863939441992134e-06
23.6848424212106 -1.858448531736958e-06
23.69684842421211 -1.852976697311918e-06
23.70885442721361 -1.847523861206108e-06
23.72086043021511 -1.842089946273245e-06
23.73286643321661 -1.836674875729885e-06
23.74487243621811 -1.831278573153318e-06
23.75687843921961 -1.82590096247965e-06
23.76888444222111 -1.820541968001971e-06
23.78089044522261 -1.815201514368365e-06
23.79289644822411 -1.809879526580039e-06
23.80490245122561 -1.804575929989458e-06
23.81690845422711 -1.79929065029844e-06
23.82891445722861 -1.794023613556264e-06
23.84092046023012 -1.788774746157822e-06
23.85292646323161 -1.783543974841923e-06
23.86493246623312 -1.778331226689223e-06
23.87693846923462 -1.773136429120545e-06
23.88894447223612 -1.767959509895078e-06
23.90095047523762 -1.762800397108474e-06
23.91295647823912 -1.757659019191247e-06
23.92496248124062 -1.752535304906732e-06
23.93696848424212 -1.747429183349594e-06
23.94897448724362 -1.742340583943846e-06
23.96098049024512 -1.737269436441223e-06
23.97298649324662 -1.732215670919439e-06
23.98499249624813 -1.727179217780434e-06
23.99699849924962 -1.722160007748656e-06
24.00900450225113 -1.71715797186934e-06
24.02101050525263 -1.712173041506894e-06
24.03301650825413 -1.70720514834309e-06
24.04502251125563 -1.702254224375518e-06
24.05702851425713 -1.697320201915814e-06
24.06903451725863 -1.69240301358807e-06
24.08104052026013 -1.687502592327207e-06
24.09304652326163 -1.682618871377177e-06
24.10505252626313 -1.677751784289585e-06
24.11705852926463 -1.672901264921897e-06
24.12906453226613 -1.66806724743585e-06
24.14107053526763 -1.663249666295944e-06
24.15307653826913 -1.658448456267742e-06
24.16508254127064 -1.653663552416405e-06
24.17708854427213 -1.648894890105002e-06
24.18909454727364 -1.64414240499304e-06
24.20110055027514 -1.639406033034886e-06
24.21310655327664 -1.634685710478151e-06
24.22511255627814 -1.629981373862382e-06
24.23711855927964 -1.625292960017187e-06
24.24912456228114 -1.620620406061064e-06
24.26113056528264 -1.615963649399673e-06
24.27313656828414 -1.61132262772444e-06
24.28514257128564 -1.606697279011007e-06
24.29714857428714 -1.602087541517818e-06
24.30915457728864 -1.597493353784587e-06
24.32116058029014 -1.59291465463088e-06
24.33316658329165 -1.588351383154635e-06
24.34517258629315 -1.583803478730714e-06
24.35717858929465 -1.579270881009486e-06
24.36918459229615 -1.574753529915368e-06
24.38119059529765 -1.570251365645445e-06
24.39319659829915 -1.565764328668026e-06
24.40520260130065 -1.56129235972123e-06
24.41720860430215 -1.556835399811644e-06
24.42921460730365 -1.552393390212855e-06
24.44122061030515 -1.547966272464166e-06
24.45322661330665 -1.543553988369125e-06
24.46523261630815 -1.539156479994245e-06
24.47723861930966 -1.534773689667574e-06
24.48924462231115 -1.530405559977414e-06
24.50125062531266 -1.526052033770925e-06
24.51325662831416 -1.521713054152859e-06
24.52526263131566 -1.517388564484143e-06
24.53726863431716 -1.513078508380654e-06
24.54927463731866 -1.508782829711827e-06
24.56128064032016 -1.504501472599428e-06
24.57328664332166 -1.500234381416207e-06
24.58529264632316 -1.495981500784635e-06
24.59729864932466 -1.491742775575606e-06
24.60930465232616 -1.487518150907184e-06
24.62131065532767 -1.483307572143351e-06
24.63331665832916 -1.479110984892693e-06
24.64532266133067 -1.474928335007178e-06
24.65732866433217 -1.470759568580969e-06
24.66933466733367 -1.466604631949097e-06
24.68134067033517 -1.462463471686279e-06
24.69334667333667 -1.458336034605681e-06
24.70535267633817 -1.454222267757743e-06
24.71735867933967 -1.450122118428901e-06
24.72936468234117 -1.446035534140448e-06
24.74137068534267 -1.441962462647304e-06
24.75337668834417 -1.437902851936837e-06
24.76538269134567 -1.433856650227693e-06
24.77738869434717 -1.429823805968608e-06
24.78939469734867 -1.425804267837241e-06
24.80140070035018 -1.42179798473903e-06
24.81340670335167 -1.417804905806014e-06
24.82541270635318 -1.413824980395692e-06
24.83741870935468 -1.409858158089926e-06
24.84942471235618 -1.405904388693716e-06
24.86143071535768 -1.401963622234155e-06
24.87343671835918 -1.39803580895925e-06
24.88544272136068 -1.394120899336873e-06
24.89744872436218 -1.390218844053575e-06
24.90945472736368 -1.386329594013545e-06
24.92146073036518 -1.382453100337456e-06
24.93346673336668 -1.37858931436145e-06
24.94547273636818 -1.374738187635967e-06
24.95747873936968 -1.370899671924758e-06
24.96948474237119 -1.367073719203705e-06
24.98149074537269 -1.363260281659892e-06
24.99349674837419 -1.359459311690394e-06
25.00550275137569 -1.355670761901358e-06
25.01750875437719 -1.351894585106855e-06
25.02951475737869 -1.34813073432793e-06
25.04152076038019 -1.34437916279144e-06
25.05352676338169 -1.340639823929173e-06
25.06553276638319 -1.336912671376699e-06
25.07753876938469 -1.333197658972402e-06
25.08954477238619 -1.329494740756505e-06
25.10155077538769 -1.325803870970018e-06
25.1135567783892 -1.32212500405369e-06
25.12556278139069 -1.318458094647124e-06
25.1375687843922 -1.3148030975877e-06
25.1495747873937 -1.31115996790964e-06
25.1615807903952 -1.307528660842983e-06
25.1735867933967 -1.303909131812638e-06
25.1855927963982 -1.300301336437427e-06
25.1975987993997 -1.296705230529108e-06
25.2096048024012 -1.293120770091395e-06
25.2216108054027 -1.289547911319044e-06
25.2336168084042 -1.285986610596886e-06
25.2456228114057 -1.28243682449891e-06
25.25762881440721 -1.278898509787258e-06
25.2696348174087 -1.27537162341139e-06
25.28164082041021 -1.271856122507087e-06
25.29364682341171 -1.268351964395551e-06
25.30565282641321 -1.2648591065825e-06
25.31765882941471 -1.261377506757232e-06
25.32966483241621 -1.257907122791762e-06
25.34167083541771 -1.254447912739871e-06
25.35367683841921 -1.250999834836233e-06
25.36568284142071 -1.247562847495549e-06
25.37768884442221 -1.244136909311618e-06
25.38969484742371 -1.240721979056497e-06
25.40170085042521 -1.237318015679564e-06
25.41370685342671 -1.233924978306734e-06
25.42571285642821 -1.230542826239512e-06
25.43771885942972 -1.227171518954183e-06
25.44972486243121 -1.223811016100938e-06
25.46173086543272 -1.220461277503001e-06
25.47373686843422 -1.21712226315584e-06
25.48574287143572 -1.213793933226238e-06
25.49774887443722 -1.210476248051549e-06
25.50975487743872 -1.207169168138798e-06
25.52176088044022 -1.203872654163885e-06
25.53376688344172 -1.200586666970717e-06
25.54577288644322 -1.197311167570464e-06
25.55777888944472 -1.194046117140665e-06
25.56978489244622 -1.190791477024482e-06
25.58179089544772 -1.18754720872985e-06
25.59379689844922 -1.184313273928689e-06
25.60580290145073 -1.181089634456097e-06
25.61780890445223 -1.177876252309608e-06
25.62981490745373 -1.174673089648301e-06
25.64182091045523 -1.17148010879212e-06
25.65382691345673 -1.168297272221051e-06
25.66583291645823 -1.165124542574322e-06
25.67783891945973 -1.161961882649677e-06
25.68984492246123 -1.158809255402557e-06
25.70185092546273 -1.15566662394541e-06
25.71385692846423 -1.152533951546858e-06
25.72586293146573 -1.149411201630976e-06
25.73786893446723 -1.146298337776532e-06
25.74987493746874 -1.143195323716263e-06
25.76188094047023 -1.14010212333612e-06
25.77388694347174 -1.137018700674495e-06
25.78589294647324 -1.133945019921515e-06
25.79789894947474 -1.13088104541837e-06
25.80990495247624 -1.127826741656446e-06
25.82191095547774 -1.124782073276738e-06
25.83391695847924 -1.121747005069067e-06
25.84592296148074 -1.118721501971378e-06
25.85792896448224 -1.115705529069003e-06
25.86993496748374 -1.11269905159401e-06
25.88194097048524 -1.109702034924444e-06
25.89394697348675 -1.106714444583671e-06
25.90595297648824 -1.103736246239628e-06
25.91795897948974 -1.100767405704187e-06
25.92996498249125 -1.09780788893245e-06
25.94197098549274 -1.094857662022043e-06
25.95397698849425 -1.091916691212467e-06
25.96598299149575 -1.088984942884374e-06
25.97798899449725 -1.086062383558958e-06
25.98999499749875 -1.083148979897218e-06
26.00200100050025 -1.080244698699348e-06
26.01400700350175 -1.077349506904043e-06
26.02601300650325 -1.074463371587838e-06
26.03801900950475 -1.071586259964465e-06
26.05002501250625 -1.068718139384203e-06
26.06203101550775 -1.065858977333224e-06
26.07403701850926 -1.063008741432921e-06
26.08604302151075 -1.060167399439328e-06
26.09804902451226 -1.057334919242417e-06
26.11005502751376 -1.05451126886551e-06
26.12206103051526 -1.051696416464607e-06
26.13406703351676 -1.048890330327804e-06
26.14607303651826 -1.046092978874613e-06
26.15807903951976 -1.043304330655408e-06
26.17008504252126 -1.040524354350746e-06
26.18209104552276 -1.037753018770775e-06
26.19409704852426 -1.034990292854628e-06
26.20610305152576 -1.032236145669811e-06
26.21810905452726 -1.029490546411583e-06
26.23011505752876 -1.0267534644024e-06
26.24212106053027 -1.02402486909124e-06
26.25412706353177 -1.021304730053085e-06
26.26613306653327 -1.018593016988282e-06
26.27813906953477 -1.015889699721957e-06
26.29014507253627 -1.013194748203461e-06
26.30215107553777 -1.01050813250574e-06
26.31415707853927 -1.007829822824792e-06
26.32616308154077 -1.005159789479074e-06
26.33816908454227 -1.002498002908924e-06
26.35017508754377 -9.998444336760173e-07
26.36218109054527 -9.971990524627556e-07
26.37418709354677 -9.94561830071749e-07
26.38619309654828 -9.919327374251934e-07
26.39819909954977 -9.893117455643918e-07
26.41020510255128 -9.866988256491268e-07
26.42221110555278 -9.840939489571463e-07
26.43421710855428 -9.814970868835965e-07
26.44622311155578 -9.78908210940496e-07
26.45822911455728 -9.763272927561554e-07
26.47023511755878 -9.737543040746699e-07
26.48224112056028 -9.711892167553725e-07
26.49424712356178 -9.686320027722727e-07
26.50625312656328 -9.660826342135726e-07
26.51825912956478 -9.635410832810849e-07
26.53026513256628 -9.610073222897478e-07
26.54227113556778 -9.584813236670617e-07
26.55427713856928 -9.559630599525993e-07
26.56628314157079 -9.534525037974665e-07
26.57828914457228 -9.509496279638094e-07
26.59029514757379 -9.484544053242642e-07
26.60230115057529 -9.459668088614817e-07
26.61430715357679 -9.434868116675986e-07
26.62631315657829 -9.410143869437281e-07
26.63831915957979 -9.385495079994765e-07
26.65032516258129 -9.360921482524231e-07
26.66233116558279 -9.3364228122764e-07
26.67433716858429 -9.311998805571948e-07
26.68634317158579 -9.287649199796144e-07
26.69834917458729 -9.263373733394716e-07
26.7103551775888 -9.2391721458683e-07
26.72236118059029 -9.215044177767995e-07
26.7343671835918 -9.190989570690353e-07
26.7463731865933 -9.167008067272563e-07
26.7583791895948 -9.143099411187814e-07
26.7703851925963 -9.119263347140411e-07
26.7823911955978 -9.095499620861141e-07
26.7943971985993 -9.071807979102543e-07
26.8064032016008 -9.048188169634109e-07
26.8184092046023 -9.024639941237808e-07
26.8304152076038 -9.001163043703388e-07
26.8424212106053 -8.977757227823712e-07
26.8544272136068 -8.954422245390248e-07
26.8664332166083 -8.931157849188596e-07
26.87843921960981 -8.907963792993676e-07
26.89044522261131 -8.884839831565469e-07
26.90245122561281 -8.861785720644437e-07
26.91445722861431 -8.838801216947053e-07
26.92646323161581 -8.815886078161382e-07
26.93846923461731 -8.793040062942606e-07
26.95047523761881 -8.770262930908811e-07
26.96248124062031 -8.747554442636244e-07
26.97448724362181 -8.724914359655312e-07
26.98649324662331 -8.702342444446135e-07
26.99849924962481 -8.679838460434297e-07
27.01050525262631 -8.657402171986255e-07
27.02251125562782 -8.635033344405519e-07
27.03451725862931 -8.612731743928241e-07
27.04652326163082 -8.590497137718619e-07
27.05852926463232 -8.568329293865479e-07
27.07053526763382 -8.546227981377312e-07
27.08254127063532 -8.524192970178618e-07
27.09454727363682 -8.50222403110564e-07
27.10655327663832 -8.480320935902015e-07
27.11855927963982 -8.458483457215183e-07
27.13056528264132 -8.436711368591723e-07
27.14257128564282 -8.415004444473806e-07
27.15457728864432 -8.393362460194827e-07
27.16658329164582 -8.371785191975634e-07
27.17858929464732 -8.350272416920282e-07
27.19059529764882 -8.328823913012358e-07
27.20260130065033 -8.307439459110737e-07
27.21460730365182 -8.286118834945871e-07
27.22661330665333 -8.264861821115758e-07
27.23861930965483 -8.243668199082235e-07
27.25062531265633 -8.222537751166708e-07
27.26263131565783 -8.201470260546753e-07
27.27463731865933 -8.180465511252058e-07
27.28664332166083 -8.159523288160644e-07
27.29864932466233 -8.138643376995009e-07
27.31065532766383 -8.117825564318459e-07
27.32266133066533 -8.097069637531355e-07
27.33466733366683 -8.076375384867245e-07
27.34667333666833 -8.055742595389244e-07
27.35867933966983 -8.035171058986506e-07
27.37068534267134 -8.014660566370063e-07
27.38269134567284 -7.994210909069683e-07
27.39469734867434 -7.973821879429964e-07
27.40670335167584 -7.953493270606632e-07
27.41870935467734 -7.933224876563269e-07
27.43071535767884 -7.9130164920674e-07
27.44272136068034 -7.892867912686947e-07
27.45472736368184 -7.872778934786924e-07
27.46673336668334 -7.852749355525637e-07
27.47873936968484 -7.832778972851265e-07
27.49074537268634 -7.81286758549852e-07
27.50275137568784 -7.79301499298479e-07
27.51475737868935 -7.773220995607016e-07
27.52676338169085 -7.753485394438184e-07
27.53876938469235 -7.733807991323696e-07
27.55077538769385 -7.714188588878218e-07
27.56278139069535 -7.69462699048203e-07
27.57478739369685 -7.675123000277914e-07
27.58679339669835 -7.655676423167608e-07
27.59879939969985 -7.636287064808438e-07
27.61080540270135 -7.616954731610204e-07
27.62281140570285 -7.597679230731606e-07
27.63481740870435 -7.578460370077095e-07
27.64682341170585 -7.559297958293632e-07
27.65882941470736 -7.540191804767225e-07
27.67083541770885 -7.521141719619934e-07
27.68284142071035 -7.502147513706451e-07
27.69484742371186 -7.483208998610951e-07
27.70685342671336 -7.464325986643962e-07
27.71885942971486 -7.445498290839052e-07
27.73086543271636 -7.426725724949775e-07
27.74287143571786 -7.40800810344637e-07
27.75487743871936 -7.389345241512835e-07
27.76688344172086 -7.370736955043641e-07
27.77888944472236 -7.352183060640709e-07
27.79089544772386 -7.333683375610189e-07
27.80290145072536 -7.315237717959625e-07
27.81490745372686 -7.296845906394687e-07
27.82691345672836 -7.278507760316207e-07
27.83891945972987 -7.260223099817075e-07
27.85092546273136 -7.241991745679414e-07
27.86293146573287 -7.22381351937132e-07
27.87493746873437 -7.205688243044082e-07
27.88694347173587 -7.187615739529161e-07
27.89894947473737 -7.169595832335135e-07
27.91095547773887 -7.151628345644869e-07
27.92296148074037 -7.133713104312553e-07
27.93496748374187 -7.115849933860798e-07
27.94697348674337 -7.098038660477681e-07
27.95897948974487 -7.080279111013981e-07
27.97098549274637 -7.062571112980146e-07
27.98299149574787 -7.044914494543579e-07
27.99499749874937 -7.027309084525751e-07
28.00700350175088 -7.009754712399313e-07
28.01900950475238 -6.992251208285377e-07
28.03101550775388 -6.974798402950615e-07
28.04302151075538 -6.957396127804581e-07
28.05502751375688 -6.940044214896843e-07
28.06703351675838 -6.922742496914267e-07
28.07903951975988 -6.905490807178255e-07
28.09104552276138 -6.888288979642059e-07
28.10305152576288 -6.871136848887963e-07
28.11505752876438 -6.854034250124686e-07
28.12706353176588 -6.836981019184586e-07
28.13906953476738 -6.819976992521039e-07
28.15107553776889 -6.803022007205804e-07
28.16308154077038 -6.786115900926264e-07
28.17508754377189 -6.769258511982937e-07
28.18709354677339 -6.752449679286612e-07
28.19909954977489 -6.73568924235598e-07
28.21110555277639 -6.718977041314902e-07
28.22311155577789 -6.702312916889823e-07
28.23511755877939 -6.685696710407215e-07
28.24712356178089 -6.669128263791032e-07
28.25912956478239 -6.652607419560071e-07
28.27113556778389 -6.636134020825519e-07
28.28314157078539 -6.619707911288455e-07
28.29514757378689 -6.60332893523713e-07
28.30715357678839 -6.586996937544719e-07
28.31915957978989 -6.570711763666669e-07
28.3311655827914 -6.554473259638226e-07
28.34317158579289 -6.538281272072118e-07
28.3551775887944 -6.522135648155768e-07
28.3671835917959 -6.506036235649293e-07
28.3791895947974 -6.48998288288265e-07
28.3911955977989 -6.473975438753506e-07
28.4032016008004 -6.458013752724699e-07
28.4152076038019 -6.442097674821794e-07
28.4272136068034 -6.426227055630831e-07
28.4392196098049 -6.410401746295887e-07
28.4512256128064 -6.394621598516682e-07
28.4632316158079 -6.378886464546172e-07
28.47523761880941 -6.363196197188426e-07
28.4872436218109 -6.347550649796024e-07
28.49924962481241 -6.331949676267949e-07
28.51125562781391 -6.316393131047107e-07
28.52326163081541 -6.300880869118193e-07
28.53526763381691 -6.28541274600527e-07
28.54727363681841 -6.269988617769563e-07
28.55927963981991 -6.254608341007179e-07
28.57128564282141 -6.239271772846865e-07
28.58329164582291 -6.223978770947734e-07
28.59529764882441 -6.208729193497042e-07
28.60730365182591 -6.193522899207953e-07
28.61930965482741 -6.178359747317404e-07
28.63131565782891 -6.163239597583813e-07
28.64332166083042 -6.148162310284888e-07
28.65532766383192 -6.133127746215487e-07
28.66733366683342 -6.118135766685511e-07
28.67933966983492 -6.103186233517564e-07
28.69134567283642 -6.08827900904496e-07
28.70335167583792 -6.073413956109522e-07
28.71535767883942 -6.05859093805951e-07
28.72736368184092 -6.043809818747371e-07
28.73936968484242 -6.029070462527751e-07
28.75137568784392 -6.014372734255375e-07
28.76338169084542 -5.999716499282921e-07
28.77538769384692 -5.985101623458904e-07
28.78739369684843 -5.970527973125799e-07
28.79939969984992 -5.955995415117643e-07
28.81140570285143 -5.941503816758364e-07
28.82341170585293 -5.927053045859457e-07
28.83541770885443 -5.912642970718045e-07
28.84742371185593 -5.898273460114968e-07
28.85942971485743 -5.883944383312479e-07
28.87143571785893 -5.869655610052647e-07
28.88344172086043 -5.855407010554989e-07
28.89544772386193 -5.841198455514679e-07
28.90745372686343 -5.827029816100583e-07
28.91945972986493 -5.812900963953177e-07
28.93146573286643 -5.798811771182685e-07
28.94347173586793 -5.784762110367119e-07
28.95547773886943 -5.77075185455033e-07
28.96748374187094 -5.756780877240014e-07
28.97948974487243 -5.74284905240591e-07
28.99149574787394 -5.728956254477809e-07
29.00350175087544 -5.715102358343713e-07
29.01550775387694 -5.701287239347827e-07
29.02751375687844 -5.687510773288822e-07
29.03951975987994 -5.673772836417826e-07
29.05152576288144 -5.660073305436634e-07
29.06353176588294 -5.646412057495861e-07
29.07553776888444 -5.63278897019302e-07
29.08754377188594 -5.619203921570721e-07
29.09954977488744 -5.605656790114894e-07
29.11155577788895 -5.592147454752829e-07
29.12356178089044 -5.578675794851536e-07
29.13556778389195 -5.565241690215743e-07
29.14757378689345 -5.551845021086239e-07
29.15957978989495 -5.538485668138069e-07
29.17158579289645 -5.525163512478678e-07
29.18359179589795 -5.51187843564621e-07
29.19559779889945 -5.498630319607697e-07
29.20760380190095 -5.485419046757294e-07
29.21960980490245 -5.472244499914609e-07
29.23161580790395 -5.459106562322835e-07
29.24362181090545 -5.446005117647157e-07
29.25562781390695 -5.432940049972893e-07
29.26763381690845 -5.419911243803856e-07
29.27963981990996 -5.406918584060638e-07
29.29164582291146 -5.393961956078885e-07
29.30365182591296 -5.381041245607611e-07
29.31565782891446 -5.368156338807513e-07
29.32766383191596 -5.355307122249289e-07
29.33966983491746 -5.342493482911994e-07
29.35167583791896 -5.329715308181325e-07
29.36368184092046 -5.316972485847978e-07
29.37568784392196 -5.304264904106058e-07
29.38769384692346 -5.291592451551387e-07
29.39969984992496 -5.278955017179845e-07
29.41170585292646 -5.266352490385792e-07
29.42371185592796 -5.25378476096047e-07
29.43571785892946 -5.241251719090308e-07
29.44772386193096 -5.22875325535542e-07
29.45972986493247 -5.2162892607279e-07
29.47173586793397 -5.203859626570331e-07
29.48374187093547 -5.19146424463417e-07
29.49574787393697 -5.179103007058125e-07
29.50775387693847 -5.166775806366654e-07
29.51975987993997 -5.154482535468412e-07
29.53176588294147 -5.142223087654586e-07
29.54377188594297 -5.129997356597509e-07
29.55577788894447 -5.117805236349015e-07
29.56778389194597 -5.105646621338906e-07
29.57978989494747 -5.093521406373492e-07
29.59179589794897 -5.081429486634021e-07
29.60380190095048 -5.069370757675168e-07
29.61580790395197 -5.057345115423581e-07
29.62781390695348 -5.045352456176301e-07
29.63981990995498 -5.033392676599372e-07
29.65182591295648 -5.021465673726242e-07
29.66383191595798 -5.009571344956415e-07
29.67583791895948 -4.997709588053836e-07
29.68784392196098 -4.98588030114559e-07
29.69984992496248 -4.974083382720262e-07
29.71185592796398 -4.962318731626657e-07
29.72386193096548 -4.950586247072252e-07
29.73586793396698 -4.938885828621785e-07
29.74787393696849 -4.927217376195855e-07
29.75987993996998 -4.915580790069446e-07
29.77188594297149 -4.903975970870484e-07
29.78389194597299 -4.892402819578554e-07
29.79589794897449 -4.880861237523391e-07
29.80790395197599 -4.869351126383472e-07
29.81990995497749 -4.857872388184663e-07
29.83191595797899 -4.846424925298857e-07
29.84392196098049 -4.835008640442515e-07
29.85592796398199 -4.823623436675365e-07
29.86793396698349 -4.812269217398988e-07
29.87993996998499 -4.800945886355479e-07
29.89194597298649 -4.789653347626087e-07
29.90395197598799 -4.778391505629888e-07
29.9159579789895 -4.767160265122349e-07
29.927963981991 -4.755959531194124e-07
29.9399699849925 -4.744789209269618e-07
29.951975987994 -4.733649205105726e-07
29.9639819909955 -4.722539424790466e-07
29.975987993997 -4.711459774741688e-07
29.9879939969985 -4.700410161705793e-07
30 -4.689390492756335e-07
