6 0 
6.012006003001501 3.550641376158375e-142 
6.024012006003002 9.605975670198776e-142 
6.036018009004502 2.229004999749275e-141 
6.048024012006003 5.000319170951168e-141 
6.060030015007504 1.106514173999186e-140 
6.072036018009005 2.424909914545681e-140 
6.084042021010506 5.267201562717313e-140 
6.096048024012006 1.134253600149913e-139 
6.108054027013507 2.42176709921957e-139 
6.120060030015008 5.127212831093549e-139 
6.132066033016509 1.076438851889305e-138 
6.144072036018009 2.241238410969533e-138 
6.156078039019509 4.628164333794133e-138 
6.16808404202101 9.479439402648873e-138 
6.180090045022511 1.925930741313278e-137 
6.192096048024012 3.881624932217303e-137 
6.204102051025512 7.761254644082454e-137 
6.216108054027013 1.539664590909544e-136 
6.228114057028514 3.03058377047427e-136 
6.240120060030015 5.919191490719267e-136 
6.252126063031516 1.147266043880062e-135 
6.264132066033016 2.206790215416205e-135 
6.276138069034517 4.212912157028553e-135 
6.288144072036018 7.982836979701878e-135 
6.300150075037519 1.501462363206481e-134 
6.31215607803902 2.803383896132526e-134 
6.32416208104052 5.196249576224538e-134 
6.336168084042021 9.562355195092009e-134 
6.348174087043522 1.747169691996423e-133 
6.360180090045023 3.169774160308136e-133 
6.372186093046524 5.710472033939422e-133 
6.384192096048024 1.021629337240294e-132 
6.396198099049525 1.815178466229655e-132 
6.408204102051026 3.203145533037702e-132 
6.420210105052527 5.614251716539327e-132 
6.432216108054027 9.774425284980712e-132 
6.444222111055527 1.690443907829434e-131 
6.456228114057028 2.904332213415656e-131 
6.468234117058529 4.957393528413525e-131 
6.48024012006003 8.407123566746476e-131 
6.49224612306153 1.41662051390892e-130 
6.504252126063031 2.371901160118861e-130 
6.516258129064532 3.946401753835552e-130 
6.528264132066033 6.525174205918152e-130 
6.540270135067534 1.07224313483052e-129 
6.552276138069034 1.751172019220402e-129 
6.564282141070535 2.842644321864695e-129 
6.576288144072036 4.586675433111424e-129 
6.588294147073537 7.356625511417229e-129 
6.600300150075038 1.172971913958004e-128 
6.612306153076538 1.859293135404673e-128 
6.624312156078039 2.930098118458686e-128 
6.63631815907954 4.591060961840397e-128 
6.648324162081041 7.152582979062081e-128 
6.660330165082541 1.108035948791832e-127 
6.672336168084042 1.706899103843168e-127 
6.684342171085543 2.614849280111205e-127 
6.696348174087044 3.983747893004051e-127 
6.708354177088545 6.036216094858661e-127 
6.720360180090045 9.096757970706647e-127 
6.732366183091546 1.363573097123402e-126 
6.744372186093047 2.033110298542144e-126 
6.756378189094547 3.015468619481663e-126 
6.768384192096048 4.449185229413858e-126 
6.780390195097548 6.53067729380774e-126 
6.792396198099049 9.536919375464678e-126 
6.80440220110055 1.38563887023725e-125 
6.816408204102051 2.003105391255056e-125 
6.828414207103552 2.881302798973353e-125 
6.840420210105052 4.124057910688605e-125 
6.852426213106553 5.873954616916166e-125 
6.864432216108054 8.325790038241233e-125 
6.876438219109555 1.174433016392053e-124 
6.888444222111056 1.648761011977055e-124 
6.900450225112556 2.303734336354582e-124 
6.912456228114057 3.203839265145907e-124 
6.924462231115558 4.434972520020574e-124 
6.936468234117059 6.11098377705156e-124 
6.948474237118559 8.382030800886853e-124 
6.96048024012006 1.144519205443596e-123 
6.972486243121561 1.55578744628401e-123 
6.984492246123062 2.105466189635359e-123 
6.996498249124563 2.836837425510554e-123 
7.008504252126063 3.805624901967284e-123 
7.020510255127563 5.083231777965618e-123 
7.032516258129064 6.760723023839302e-123 
7.044522261130565 8.953697773979571e-123 
7.056528264132066 1.180821871223738e-122 
7.068534267133566 1.550798926007728e-122 
7.080540270135067 2.028299464694191e-122 
7.092546273136568 2.641984957480709e-122 
7.104552276138069 3.427412273180506e-122 
7.11655827913957 4.428493631581337e-122 
7.12856428214107 5.699216630863883e-122 
7.140570285142571 7.305659564811158e-122 
7.152576288144072 9.328339667254918e-122 
7.164582291145573 1.186493400831202e-121 
7.176588294147074 1.503341438565019e-121 
7.188594297148574 1.897563855476686e-121 
7.200600300150075 2.386144036384673e-121 
7.212606303151576 2.989326062719039e-121 
7.224612306153077 3.731135870629051e-121 
7.236618309154577 4.639964158585204e-121 
7.248624312156078 5.749214255028122e-121 
7.260630315157579 7.098017521399366e-121 
7.27263631815908 8.732018047364332e-121 
7.284642321160581 1.070422738032492e-120 
7.296648324162081 1.307594880946967e-120 
7.308654327163582 1.591776928962978e-120 
7.320660330165083 1.931061544059293e-120 
7.332666333166584 2.33468681972574e-120 
7.344672336168085 2.813152862596104e-120 
7.356678339169584 3.378342517987034e-120 
7.368684342171085 4.043645026819609e-120 
7.380690345172586 4.824081149138842e-120 
7.392696348174087 5.73642802922631e-120 
7.404702351175588 6.799341813836816e-120 
7.416708354177088 8.033475774260956e-120 
7.428714357178589 9.461591431303387e-120 
7.44072036018009 1.110865994677025e-119 
7.452726363181591 1.300195083343515e-119 
7.464732366183092 1.51711048555566e-119 
7.476738369184592 1.764818785189447e-119 
7.488744372186093 2.046772212105005e-119 
7.500750375187594 2.366669197228986e-119 
7.512756378189095 2.72845200710483e-119 
7.524762381190595 3.13630113039949e-119 
7.536768384192096 3.594626105818695e-119 
7.548774387193597 4.10805250577807e-119 
7.560780390195098 4.681404823182029e-119 
7.572786393196599 5.319685049860218e-119 
7.584792396198099 6.028046784570623e-119 
7.596798399199599 6.811764765609209e-119 
7.6088044022011 7.676199787530845e-119 
7.620810405202601 8.626759032449221e-119 
7.632816408204102 9.668851923088777e-119 
7.644822411205602 1.080784168579793e-118 
7.656828414207103 1.204899289605487e-118 
7.668834417208604 1.339741536491661e-118 
7.680840420210105 1.485800481077342e-118 
7.692846423211606 1.643538084506077e-118 
7.704852426213106 1.813382288124757e-118 
7.716858429214607 1.995720465170349e-118 
7.728864432216108 2.190892808534584e-118 
7.740870435217609 2.39918573580574e-118 
7.75287643821911 2.62082539765204e-118 
7.76488244122061 2.855971379262121e-118 
7.776888444222111 3.104710686869749e-118 
7.788894447223612 3.367052112258107e-118 
7.800900450225113 3.642921067456674e-118 
7.812906453226613 3.932154979603218e-118 
7.824912456228114 4.234499332102922e-118 
7.836918459229615 4.549604432759183e-118 
7.848924462231116 4.877022982582833e-118 
7.860930465232617 5.216208510542248e-118 
7.872936468234117 5.566514729704237e-118 
7.884942471235618 5.927195859235162e-118 
7.896948474237119 6.297407944687961e-118 
7.90895447723862 6.676211196083023e-118 
7.920960480240121 7.062573349800331e-118 
7.932966483241621 7.455374046372182e-118 
7.944972486243121 7.853410202179476e-118 
7.956978489244622 8.255402339051514e-118 
7.968984492246123 8.660001822143217e-118 
7.980990495247624 9.065798943310963e-118 
7.992996498249124 9.47133177499306e-118 
8.005002501250626 9.875095708288543e-118 
8.017008504252125 1.027555357892187e-117 
8.029014507253628 1.067114627609476e-117 
8.041020510255127 1.106030372216278e-117 
8.053026513256629 1.14414561055738e-117 
8.065032516258128 1.181304524581306e-117 
8.077038519259631 1.217353596716011e-117 
8.08904452226113 1.252142735796258e-117 
8.101050525262632 1.285526379377262e-117 
8.113056528264131 1.317364560617043e-117 
8.125062531265632 1.347523928409041e-117 
8.137068534267133 1.375878710120034e-117 
8.149074537268634 1.402311607089422e-117 
8.161080540270135 1.426714613979358e-117 
8.173086543271635 1.448989754111474e-117 
8.185092546273136 1.469049724054633e-117 
8.197098549274637 1.486818441937126e-117 
8.209104552276138 1.502231495204569e-117 
8.221110555277638 1.515236484833617e-117 
8.233116558279139 1.525793264299856e-117 
8.24512256128064 1.533874072879426e-117 
8.257128564282141 1.539463564112205e-117 
8.269134567283642 1.542558731457912e-117 
8.281140570285142 1.543168734309664e-117 
8.293146573286643 1.541314628587018e-117 
8.305152576288144 1.537029007095697e-117 
8.317158579289645 1.530355555701766e-117 
8.329164582291146 1.521348532117911e-117 
8.341170585292646 1.510072174732143e-117 
8.353176588294147 1.496600049423594e-117 
8.365182591295648 1.481014342693716e-117 
8.377188594297149 1.463405109709198e-117 
8.389194597298649 1.443869485997632e-117 
8.40120060030015 1.422510871562607e-117 
8.413206603301651 1.399438096103186e-117 
8.425212606303152 1.374764573834177e-117 
8.437218609304653 1.348607456121334e-117 
8.449224612306153 1.32108678977276e-117 
8.461230615307654 1.292324688385857e-117 
8.473236618309155 1.262444523633655e-117 
8.485242621310656 1.23157014280741e-117 
8.497248624312157 1.199825118323943e-117 
8.509254627313657 1.167332034257354e-117 
8.521260630315158 1.134211814295474e-117 
8.533266633316659 1.100583094837501e-117 
8.54527263631816 1.066561646273246e-117 
8.55727863931966 1.03225984481196e-117 
8.569284642321161 9.977861965700184e-118 
8.58129064532266 9.632449149955529e-118 
8.593296648324163 9.28735552102644e-118 
8.605302651325662 8.943526834201898e-118 
8.617308654327164 8.601856460330009e-118 
8.629314657328663 8.263183286077196e-118 
8.641320660330166 7.928290118599448e-118 
8.653326663331665 7.597902575313628e-118 
8.665332666333168 7.272688436068883e-118 
8.677338669334667 6.953257432140642e-118 
8.689344672336169 6.640161444111147e-118 
8.701350675337668 6.333895078802553e-118 
8.713356678339169 6.034896594014283e-118 
8.72536268134067 5.743549138867219e-118 
8.737368684342171 5.460182277012756e-118 
8.749374687343671 5.185073759825901e-118 
8.761380690345172 4.918451516936722e-118 
8.773386693346673 4.660495831998621e-118 
8.785392696348174 4.411341672448307e-118 
8.797398699349674 4.171081143117179e-118 
8.809404702351175 3.939766034887305e-118 
8.821410705352676 3.717410441099121e-118 
8.833416708354177 3.503993416088361e-118 
8.845422711355678 3.299461652014775e-118 
8.857428714357178 3.103732152018376e-118 
8.869434717358679 2.916694879668281e-118 
8.88144072036018 2.738215366626513e-118 
8.893446723361681 2.568137262413198e-118 
8.905452726363182 2.406284812098216e-118 
8.917458729364682 2.252465249653895e-118 
8.929464732366183 2.106471096543455e-118 
8.941470735367684 1.968082356899347e-118 
8.953476738369185 1.837068602331464e-118 
8.965482741370685 1.71319094100395e-118 
8.977488744372186 1.596203867106285e-118 
8.989494747373687 1.485856988230939e-118 
9.001500750375188 1.381896629435916e-118 
9.013506753376689 1.284067313927491e-118 
9.025512756378189 1.192113121335591e-118 
9.03751875937969 1.105778925478294e-118 
9.049524762381191 1.024811514323984e-118 
9.061530765382692 9.489605955609237e-119 
9.073536768384193 8.779796917824691e-119 
9.085542771385693 8.116269297914153e-119 
9.097548774387194 7.496657289314115e-119 
9.109554777388695 6.918653936674849e-119 
9.121560780390196 6.380016158703621e-119 
9.133566783391696 5.878568924165874e-119 
9.145572786393197 5.41220863806515e-119 
9.157578789394698 4.978905795288654e-119 
9.169584792396197 4.576706958738686e-119 
9.1815907953977 4.203736118204962e-119 
9.193596798399199 3.858195485057609e-119 
9.205602801400701 3.538365776298301e-119 
9.2176088044022 3.242606039659533e-119 
9.229614807403703 2.969353069350889e-119 
9.241620810405202 2.717120459751117e-119 
9.253626813406704 2.484497341901645e-119 
9.265632816408203 2.270146845092772e-119 
9.277638819409706 2.072804323202082e-119 
9.289644822411205 1.891275382773956e-119 
9.301650825412706 1.724433747148864e-119 
9.313656828414207 1.571218988290746e-119 
9.325662831415707 1.430634155345086e-119 
9.337668834417208 1.301743326403588e-119 
9.349674837418709 1.18366910747814e-119 
9.36168084042021 1.075590100302852e-119 
9.37368684342171 9.767383583085678e-120 
9.385692846423211 8.863968479481529e-120 
9.397698849424712 8.038969305083748e-120 
9.409704852426213 7.286158776235625e-120 
9.421710855427714 6.599744319131642e-120 
9.433716858429214 5.97434422499027e-120 
9.445722861430715 5.404964436198065e-120 
9.457728864432216 4.886976031459502e-120 
9.469734867433717 4.416093465078514e-120 
9.481740870435218 3.988353603777309e-120 
9.493746873436718 3.600095593886295e-120 
9.505752876438219 3.247941582267564e-120 
9.51775887943972 2.928778305910959e-120 
9.529764882441221 2.639739557712467e-120 
9.541770885442721 2.378189529452724e-120 
9.553776888444222 2.141707027382159e-120 
9.565782891445723 1.928070551031229e-120 
9.577788894447224 1.735244221844399e-120 
9.589794897448725 1.561364544928875e-120 
9.601800900450225 1.404727984563812e-120 
9.613806903451726 1.263779332081479e-120 
9.625812906453227 1.137100843261336e-120 
9.637818909454728 1.023402121432229e-120 
9.649824912456229 9.215107220131566e-121 
9.661830915457729 8.303634542081686e-121 
9.67383691845923 7.489983559732171e-121 
9.685842921460731 6.765473191681062e-121 
9.697848924462232 6.122293429736452e-121 
9.709854927463732 5.553443951778244e-121 
9.721860930465233 5.052678628049876e-121 
9.733866933466732 4.614455757756083e-121 
9.745872936468235 4.233893898430557e-121 
9.757878939469734 3.906733179670999e-121 
9.769884942471236 3.629302025683661e-121 
9.781890945472735 3.398489247874549e-121 
9.793896948474238 3.211721509795022e-121 
9.805902951475737 3.066946212518452e-121 
9.81790895447724 2.962619899511321e-121 
9.829914957478739 2.897702336901905e-121 
9.841920960480241 2.871656488509417e-121 
9.85392696348174 2.884454675978218e-121 
9.865932966483243 2.93659129393509e-121 
9.877938969484742 3.029102539502923e-121 
9.889944972486242 3.163593716217002e-121 
9.901950975487743 3.342274786097166e-121 
9.913956978489244 3.568004972290442e-121 
9.925962981490745 3.8443473605906e-121 
9.937968984492246 4.175634613889582e-121 
9.949974987493746 4.567047102254382e-121 
9.961980990495247 5.024704966356536e-121 
9.973986993496748 5.555775877448933e-121 
9.985992996498249 6.168600537649515e-121 
9.99799899949975 6.87283828533017e-121 
10.01000500250125 7.679635538122996e-121 
10.02201100550275 8.601820227599302e-121 
10.03401700850425 9.654125863301221e-121 
10.04602301150575 1.085344941903369e-120 
10.05802901450725 1.221914787213804e-120 
10.07003501750875 1.377337895955481e-120 
10.08204102051026 1.554149255747156e-120 
10.09404702351176 1.755248006114499e-120 
10.10605302651326 1.983949025759704e-120 
10.11805902951476 2.244042146886542e-120 
10.13006503251626 2.539860122335241e-120 
10.14207103551776 2.876356641768784e-120 
10.15407703851926 3.259195889614803e-120 
10.16608304152076 3.694855363926698e-120 
10.17808904452226 4.190743936431204e-120 
10.19009504752376 4.755337435151694e-120 
10.20210105052526 5.39833437835387e-120 
10.21410705352676 6.13083488934397e-120 
10.22611305652826 6.965546284180704e-120 
10.23811905952977 7.91701935826809e-120 
10.25012506253126 9.001920014225785e-120 
10.26213106553277 1.023934158528677e-119 
10.27413706853427 1.165116403069053e-119 
10.28614307153577 1.326246712942539e-119 
10.29814907453727 1.510200589626578e-119 
10.31015507753877 1.720275771256879e-119 
10.32216108054027 1.960255213063774e-119 
10.33416708354177 2.234479600580253e-119 
10.34617308654327 2.547930857084861e-119 
10.35817908954477 2.906328333493082e-119 
10.37018509254627 3.316239631220497e-119 
10.38219109554777 3.78520831204303e-119 
10.39419709854927 4.321901100205415e-119 
10.40620310155078 4.936277588557762e-119 
10.41820910455228 5.639785931122759e-119 
10.43021510755378 6.445588549415945e-119 
10.44222111055528 7.368822510898457e-119 
10.45422711355678 8.426899968880388e-119 
10.46623311655828 9.639854899967422e-119 
10.47823911955978 1.103074335628461e-118 
10.49024512256128 1.262610558672935e-118 
10.50225112556278 1.445649969939268e-118 
10.51425712856428 1.655711806507227e-118 
10.52626313156578 1.896849943320813e-118 
10.53826913456728 2.173735178579083e-118 
10.55027513756878 2.49175033373678e-118 
10.56228114057028 2.857100185314408e-118 
10.57428714357179 3.276938566387935e-118 
10.58629314657329 3.759515347737538e-118 
10.59829914957479 4.314346440502572e-118 
10.61030515257629 4.952410463493628e-118 
10.62231115557779 5.686376300305975e-118 
10.63431715857929 6.530866447156936e-118 
10.64632316158079 7.502761837165997e-118 
10.65832916458229 8.621554738338798e-118 
10.67033516758379 9.909757381435044e-118 
10.68234117058529 1.139337520421019e-117 
10.69434717358679 1.310245502817732e-117 
10.70635317658829 1.50717201455861e-117 
10.7183591795898 1.734130622565864e-117 
10.7303651825913 1.995761419439825e-117 
10.7423711855928 2.297429885290112e-117 
10.7543771885943 2.645341503494072e-117 
10.7663831915958 3.046674663542948e-117 
10.7783891945973 3.509734794848292e-117 
10.7903951975988 4.044133153195769e-117 
10.8024012006003 4.660994237491157e-117 
10.8144072036018 5.373196461415029e-117 
10.8264132066033 6.195651457590557e-117 
10.8384192096048 7.145628268366675e-117 
10.8504252126063 8.243129697724153e-117 
10.8624312156078 9.51132928691174e-117 
10.87443721860931 1.097707875995978e-116 
10.8864432216108 1.267149739656115e-116 
10.89844922461231 1.463065666671227e-116 
10.91045522761381 1.689637564802003e-116 
10.92246123061531 1.951714529411054e-116 
10.93446723361681 2.254920259111011e-116 
10.94647323661831 2.605777909872902e-116 
10.95847923961981 3.011855240479281e-116 
10.97048524262131 3.481933372255584e-116 
10.98249124562281 4.026203034019504e-116 
10.99449724862431 4.656492802161151e-116 
11.00650325162581 5.386534590897718e-116 
11.01850925462731 6.232272516778206e-116 
11.03051525762881 7.212222275172562e-116 
11.04252126063032 8.347889348976058e-116 
11.05452726363182 9.664255749380885e-116 
11.06653326663332 1.119034659836551e-115 
11.07853926963482 1.295988974115033e-115 
11.09054527263632 1.501208376940764e-115 
11.10255127563782 1.739249239525287e-115 
11.11455727863932 2.015408610365617e-115 
11.12656328164082 2.335845549900155e-115 
11.13856928464232 2.707722483438164e-115 
11.15057528764382 3.139369896841851e-115 
11.16258129064532 3.640478254922081e-115 
11.17458729364682 4.222321671333015e-115 
11.18659329664832 4.898018616686649e-115 
11.19859929964982 5.682835837100079e-115 
11.21060530265133 6.594542690015697e-115 
11.22261130565283 7.653824313144105e-115 
11.23461730865433 8.884763455313723e-115 
11.24662331165583 1.031540244944016e-114 
11.25862931465733 1.197839873821072e-114 
11.27063531765883 1.391178961977072e-114 
11.28264132066033 1.615988451912757e-114 
11.29464732366183 1.877430617604992e-114 
11.30665332666333 2.181520574789848e-114 
11.31865932966483 2.535268104504237e-114 
11.33066533266633 2.946843205144563e-114 
11.34267133566783 3.425769365563882e-114 
11.35467733866933 3.983149227048488e-114 
11.36668334167084 4.631928092123749e-114 
11.37868934467234 5.387201662639682e-114 
11.39069534767384 6.26657547144155e-114 
11.40270135067534 7.290584738044139e-114 
11.41470735367684 8.483184860622228e-114 
11.42671335667834 9.872324491243485e-114 
11.43871935967984 1.149061517189116e-113 
11.45072536268134 1.33761138861858e-113 
11.46273136568284 1.557323766528276e-113 
11.47473736868434 1.813383264589842e-113 
11.48674337168584 2.111842379551574e-113 
11.49874937468734 2.459767599033709e-113 
11.51075537768885 2.865410236781099e-113 
11.52276138069034 3.33840620092642e-113 
11.53476738369185 3.890009619376664e-113 
11.54677338669335 4.533366088297434e-113 
11.55877938969485 5.283832296076363e-113 
11.57078539269635 6.159349931017276e-113 
11.58279139569785 7.180883135578403e-113 
11.59479739869935 8.372930357510812e-113 
11.60680340170085 9.764123309005791e-113 
11.61880940470235 1.138792792612149e-112 
11.63081540770385 1.328346477771479e-112 
11.64282141070535 1.549646937084506e-112 
11.65482741370685 1.808041631441474e-112 
11.66683341670835 2.109783542418436e-112 
11.67883941970986 2.462185268531491e-112 
11.69084542271136 2.87379946565809e-112 
11.70285142571286 3.354630154814358e-112 
11.71485742871436 3.916380200224345e-112 
11.72686343171586 4.572741175292479e-112 
11.73886943471736 5.339732907124923e-112 
11.75087543771886 6.236101249152917e-112 
11.76288144072036 7.28378410850115e-112 
11.77488744372186 8.508457487960896e-112 
11.78689344672336 9.940175336336607e-112 
11.79889944972486 1.161411938787912e-111 
11.81090545272636 1.357147797298458e-111 
11.82291145572786 1.586047607055278e-111 
11.83491745872936 1.853758273221481e-111 
11.84692346173087 2.166892653974769e-111 
11.85892946473237 2.533195507652577e-111 
11.87093546773387 2.961738063944513e-111 
11.88294147073537 3.463146175113092e-111 
11.89494747373687 4.049867864346044e-111 
11.90695347673837 4.736487099587602e-111 
11.91895947973987 5.540091808815475e-111 
11.93096548274137 6.480705547582645e-111 
11.94297148574287 7.581793868000951e-111 
11.95497748874437 8.870858362846838e-111 
11.96698349174587 1.038013361924622e-110 
11.97898949474737 1.214740497238002e-110 
11.99099549774887 1.421696807013701e-110 
12.00300150075038 1.66407549261025e-110 
12.01500750375187 1.947965544651695e-110 
12.02701350675338 2.280506847953465e-110 
12.03901950975488 2.670072238475668e-110 
12.05102551275638 3.126481211343841e-110 
12.06303151575788 3.661250800826312e-110 
12.07503751875938 4.287890119171831e-110 
12.08704352176088 5.022246176750237e-110 
12.09904952476238 5.882909940835292e-110 
12.11105552776388 6.891693159717494e-110 
12.12306153076538 8.074188323926188e-110 
12.13506753376688 9.460426305754998e-110 
12.14707353676839 1.108564876918353e-109 
12.15907953976988 1.299121544193324e-109 
12.17108554277139 1.522566986893641e-109 
12.18309154577289 1.78459914150798e-109 
12.19509754877439 2.091906616433162e-109 
12.20710355177589 2.452341510128961e-109 
12.21910955477739 2.875122471165625e-109 
12.23111555777889 3.371073307890003e-109 
12.24312156078039 3.952903389580452e-109 
12.25512756378189 4.635537179943072e-109 
12.26713356678339 5.436501536781048e-109 
12.27913956978489 6.376380932974699e-109 
12.29114557278639 7.479352543960311e-109 
12.30315157578789 8.773815253280674e-109 
12.31515757878939 1.029312910653564e-108 
12.3271635817909 1.207648466117193e-108 
12.3391695847924 1.416992511272228e-108 
12.3511755877939 1.662754811884267e-108 
12.3631815907954 1.951291899857637e-108 
12.3751875937969 2.290073258262191e-108 
12.3871935967984 2.68787675805043e-108 
12.3991995997999 3.155018508853727e-108 
12.4112056028014 3.703623199575046e-108 
12.4232116058029 4.347942079789058e-108 
12.4352176088044 5.104726999004428e-108 
12.4472236118059 5.993670411550016e-108 
12.4592296148074 7.037923010170585e-108 
12.4712356178089 8.264702718432744e-108 
12.48324162081041 9.706011206214036e-108 
12.49524762381191 1.139947695923306e-107 
12.50725362681341 1.338934730978969e-107 
12.51925962981491 1.572765581237538e-107 
12.53126563281641 1.847559603153432e-107 
12.54327163581791 2.170513832635031e-107 
12.55527763881941 2.550093271475133e-107 
12.56728364182091 2.99625485565489e-107 
12.57928964482241 3.520711081312893e-107 
12.59129564782391 4.137240326723392e-107 
12.60330165082541 4.862052160505622e-107 
12.61530765382691 5.714217401290554e-107 
12.62731365682841 6.716174432048727e-107 
12.63931965982992 7.894325320208382e-107 
12.65132566283141 9.279737707949893e-107 
12.66333166583292 1.090897128094624e-106 
12.67533766883442 1.28250509753189e-106 
12.68734367183592 1.507861303247048e-106 
12.69934967483742 1.772925466678024e-106 
12.71135567783892 2.084712359812615e-106 
12.72336168084042 2.451479016867437e-106 
12.73536768384192 2.882945238688307e-106 
12.74737368684342 3.390553322821373e-106 
12.75937968984492 3.987774011577254e-106 
12.77138569284642 4.69046689929635e-106 
12.78339169584793 5.517305012384978e-106 
12.79539769884942 6.490275011588231e-106 
12.80740370185093 7.635266512648154e-106 
12.81940970485243 8.982766434703778e-106 
12.83141570785393 1.056867713127348e-105 
12.84342171085543 1.243528041398608e-105 
12.85542771385693 1.46323735359013e-105 
12.86743371685843 1.721860786723925e-105 
12.87943971985993 2.02630664989899e-105 
12.89144572286143 2.384712349947364e-105 
12.90345172586293 2.806663520278142e-105 
12.91545772886443 3.303452293535173e-105 
12.92746373186593 3.888381723460737e-105 
12.93946973486743 4.577124617288701e-105 
12.95147573786893 5.388146521462008e-105 
12.96348174087044 6.343204351048016e-105 
12.97548774387194 7.46793421478548e-105 
12.98749374687344 8.792544419738899e-105 
12.99949974987494 1.035263250874232e-104 
13.01150575287644 1.219014856888731e-104 
13.02351175587794 1.435453104314038e-104 
13.03551775887944 1.690404598940689e-104 
13.04752376188094 1.990736629140914e-104 
13.05952976488244 2.344543388638499e-104 
13.07153576788394 2.761365581617074e-104 
13.08354177088544 3.252449404358979e-104 
13.09554777388694 3.831051975653444e-104 
13.10755377688844 4.51280156043862e-104 
13.11955977988995 5.316122432573325e-104 
13.13156578289145 6.262735994624173e-104 
13.14357178589295 7.378251863926206e-104 
13.15557778889445 8.692865102576651e-104 
13.16758379189595 1.024217868251765e-103 
13.17958979489745 1.206817371582423e-103 
13.19159579789895 1.422035403963975e-103 
13.20360180090045 1.67570965369553e-103 
13.21560780390195 1.974724423094552e-103 
13.22761380690345 2.327198586812359e-103 
13.23961980990495 2.742707358871258e-103 
13.25162581290645 3.232543958929965e-103 
13.26363181590795 3.810028367044352e-103 
13.27563781890946 4.490871653444857e-103 
13.28764382191095 5.293605901505091e-103 
13.29964982491246 6.240091550536451e-103 
13.31165582791396 7.356116120400752e-103 
13.32366183091546 8.672100801352539e-103 
13.33566783391696 1.022393436989117e-102 
13.34767383691846 1.205395740727318e-102 
13.35967983991996 1.421212394922584e-102 
13.37168584292146 1.675737259851104e-102 
13.38369184592296 1.975924492240401e-102 
13.39569784892446 2.329979579564326e-102 
13.40770385192596 2.74758484259117e-102 
13.41970985492746 3.240165633781867e-102 
13.43171585792896 3.821204585778135e-102 
13.44372186093047 4.506612594938249e-102 
13.45572786393197 5.31516679667971e-102 
13.46773386693347 6.269027646001268e-102 
13.47973986993497 7.394349409649725e-102 
13.49174587293647 8.722000967021374e-102 
13.50375187593797 1.028841687718519e-101 
13.51575787893947 1.213660228463225e-101 
13.52776388194097 1.431731950723018e-101 
13.53976988494247 1.689048919543675e-101 
13.55177588794397 1.992684491278332e-101 
13.56378189094547 2.350988703023282e-101 
13.57578789394697 2.773819014772979e-101 
13.58779389694847 3.272812808730485e-101 
13.59979989994997 3.86170921179163e-101 
13.61180590295148 4.556729179717517e-101 
13.62381190595298 5.377024403258213e-101 
13.63581790895448 6.345207512804181e-101 
13.64782391195598 7.487978322580784e-101 
13.65982991495748 8.836863531273201e-101 
13.67183591795898 1.042909045810664e-100 
13.68384192096048 1.230861913026661e-100 
13.69584792396198 1.452736145368967e-100 
13.70785392696348 1.714662141829346e-100 
13.71985992996498 2.023879645676516e-100 
13.73186593296648 2.388938736583027e-100 
13.74387193596798 2.819937281468827e-100 
13.75587793896949 3.328801464845143e-100 
13.76788394197099 3.929617223037736e-100 
13.77988994497248 4.639021829289064e-100 
13.79189594797399 5.476666558280086e-100 
13.80390195097549 6.465763346244422e-100 
13.81590795397699 7.633730712341148e-100 
13.82791395697849 9.012956984249905e-100 
13.83991995997999 1.064170215402275e-99 
13.85192596298149 1.256516357126408e-99 
13.86393196598299 1.483673526872625e-99 
13.87593796898449 1.751949613930809e-99 
13.88794397198599 2.068796859565523e-99 
13.89994997498749 2.443019692433444e-99 
13.911955977989 2.885020350903991e-99 
13.92396198099049 3.4070891693555e-99 
13.935967983992 4.023747658332628e-99 
13.9479739869935 4.752153989703349e-99 
13.959979989995 5.612582249336408e-99 
13.9719859929965 6.628988890638364e-99 
13.983991995998 7.82968227085599e-99 
13.9959979989995 9.248114047331856e-99 
14.008004002001 1.092381463446662e-98 
14.0200100050025 1.290349897046627e-98 
14.032016008004 1.524237363014386e-98 
14.0440220110055 1.800568198106839e-98 
14.056028014007 2.127053077484789e-98 
14.0680340170085 2.51280494821255e-98 
14.08004002001 2.968594304231109e-98 
14.09204602301151 3.507150977136869e-98 
14.10405202601301 4.143520926565385e-98 
14.11605802901451 4.895488062653732e-98 
14.12806403201601 5.784072964668277e-98 
14.14007003501751 6.834122526170419e-98 
14.15207603801901 8.07500711925118e-98 
14.16408204102051 9.541444900796407e-98 
14.17608804402201 1.127447646809852e-97 
14.18809404702351 1.332261731073702e-97 
14.20010005002501 1.574322052038733e-97 
14.21210605302651 1.860408815191235e-97 
14.22411205602801 2.198537664554012e-97 
14.23611805902951 2.598185001965726e-97 
14.24812406203102 3.070554436163574e-97 
14.26013006503252 3.62889187580635e-97 
14.27213606803402 4.288858154458279e-97 
14.28414207103552 5.068969700830583e-97 
14.29614807403702 5.991119690281457e-97 
14.30815407703852 7.081194388175048e-97 
14.32016008004002 8.369802086647388e-97 
14.33216608304152 9.893135219886222e-97 
14.34417208604302 1.169399000944523e-96 
14.35617808904452 1.382297244716806e-96 
14.36818409204602 1.633992469535831e-96 
14.38019009504752 1.931561222143197e-96 
14.39219609804903 2.283371936438475e-96 
14.40420210105053 2.699320976240439e-96 
14.41620810405203 3.191111840267338e-96 
14.42821410705353 3.772585427911137e-96 
14.44022011005503 4.460110710857038e-96 
14.45222611305653 5.273046867156658e-96 
14.46423211605803 6.234289959612145e-96 
14.47623811905953 7.370919636800565e-96 
14.48824412206103 8.71496417085256e-96 
14.50025012506253 1.030430550178264e-95 
14.51225612806403 1.218374992912853e-95 
14.52426213106553 1.440629479078047e-95 
14.53626813406703 1.703462702977899e-95 
14.54827413706853 2.014289613067426e-95 
14.56028014007003 2.381881169495249e-95 
14.57228614307154 2.81661251415992e-95 
14.58429214607304 3.330756592632952e-95 
14.59629814907454 3.938831558178203e-95 
14.60830415207604 4.658011815847437e-95 
14.62031015507754 5.508614372748269e-95 
14.63231615807904 6.514674300546465e-95 
14.64432216108054 7.704625649022322e-95 
14.65632816408204 9.112107147191398e-95 
14.66833416708354 1.077691557652132e-94 
14.68034017008504 1.274613390022182e-94 
14.69234617308654 1.507546620312812e-94 
14.70435217608804 1.783081738001066e-94 
14.71635817908954 2.109016247394174e-94 
14.72836418209105 2.494575880918244e-94 
14.74037018509255 2.950676381997613e-94 
14.75237618809405 3.490233302592466e-94 
14.76438219109555 4.128528627573155e-94 
14.77638819409705 4.883644656405964e-94 
14.78839419709855 5.776977488284801e-94 
14.80040020010005 6.833844724537547e-94 
14.81240620310155 8.084204686593361e-94 
14.82441220610305 9.563507625654208e-94 
14.83641820910455 1.131370316220665e-93 
14.84842421210605 1.338443264706995e-93 
14.86043021510755 1.583444040800357e-93 
14.87243621810905 1.873324408759981e-93 
14.88444222111056 2.21631116675919e-93 
14.89644822411206 2.622140152296196e-93 
14.90845422711356 3.102333220635198e-93 
14.92046023011506 3.670526092530043e-93 
14.93246623311656 4.34285641922861e-93 
14.94447223611806 5.138423131553282e-93 
14.95647823911956 6.079830174851589e-93 
14.96848424212106 7.193830141011766e-93 
14.98049024512256 8.512086161459036e-93 
14.99249624812406 1.007207380270043e-92 
15.00450225112556 1.191814870521099e-92 
15.01650825412706 1.410281044169445e-92 
15.02851425712857 1.66881986775312e-92 
15.04052026013007 1.974786435503456e-92 
15.05252626313157 2.336886648403142e-92 
15.06453226613307 2.765425442933903e-92 
15.07653826913457 3.272600660747384e-92 
15.08854427213607 3.872850955606449e-92 
15.10055027513757 4.583267679378597e-92 
15.11255627813907 5.42408251889194e-92 
15.12456228114057 6.419244822520661e-92 
15.13656828414207 7.597105121549228e-92 
15.14857428714357 8.991224390217983e-92 
15.16058029014507 1.064133218698029e-91 
15.17258629314657 1.259446108106444e-91 
15.18459229614807 1.490628981511423e-91 
15.19659829914957 1.764273363119037e-91 
15.20860430215108 2.08818272651462e-91 
15.22061030515258 2.471595449634618e-91 
15.23261630815408 2.925448806631585e-91 
15.24462231115558 3.462691553598084e-91 
15.25662831415708 4.098654057398448e-91 
15.26863431715858 4.851486565770143e-91 
15.28064032016008 5.742678169722319e-91 
15.29264632316158 6.797671322132091e-91 
15.30465232616308 8.04658951571437e-91 
15.31665832916458 9.525098967864744e-91 
15.32866433216608 1.127542900240408e-90 
15.34067033516758 1.334758036933582e-90 
15.35267633816908 1.580075613407307e-90 
15.36468234117059 1.870505615203713e-90 
15.37668834417209 2.214348370648141e-90 
15.38869434717359 2.621432184411908e-90 
15.40070035017509 3.103394755199579e-90 
15.41270635317659 3.674016448492517e-90 
15.42471235617809 4.349614983685436e-90 
15.43671835917959 5.149512857958233e-90 
15.44872436218109 6.096590917514106e-90 
15.46073036518259 7.217943960427407e-90 
15.47273636818409 8.545657185407854e-90 
15.48474237118559 1.011772577156325e-89 
15.49674837418709 1.197914398555272e-89 
15.50875437718859 1.4183195082625e-89 
15.5207603801901 1.679297903702963e-89 
15.5327663831916 1.988322197115048e-89 
15.5447723861931 2.354241924807358e-89 
15.5567783891946 2.787537378212313e-89 
15.5687843921961 3.300620248217361e-89 
15.5807903951976 3.90818972002524e-89 
15.5927963981991 4.627654250048034e-89 
15.6048024012006 5.479631144972624e-89 
15.6168084042021 6.488538300525139e-89 
15.6288144072036 7.683295108035092e-89 
15.6408204102051 9.098152676987489e-89 
15.6528264132066 1.077367724179118e-88 
15.6648324162081 1.275791502813656e-88 
15.6768384192096 1.510777207552226e-88 
15.6888444222111 1.789064869822097e-88 
15.70085042521261 2.118637559535807e-88 
15.71285642821411 2.508950730306577e-88 
15.72486243121561 2.971203896806364e-88 
15.73686843421711 3.518662460897343e-88 
15.74887443721861 4.167038947048482e-88 
15.76088044022011 4.934944618238102e-88 
15.77288644322161 5.844424470360336e-88 
15.78489244622311 6.921591004537465e-88 
15.79689844922461 8.197375021936766e-88 
15.80890445222611 9.70841505675141e-88 
15.82091045522761 1.149811105715567e-87 
15.83291645822911 1.361787265649325e-87 
15.84492246123061 1.612859798421946e-87 
15.85692846423212 1.910242560996115e-87 
15.86893446723362 2.262481008617131e-87 
15.88094047023512 2.679698088238924e-87 
15.89294647323662 3.173885555624113e-87 
15.90495247623812 3.759249110199845e-87 
15.91695847923962 4.45261729347326e-87 
15.92896448224112 5.273925935477704e-87 
15.94097048524262 6.246792112412401e-87 
15.95297648824412 7.399194160254657e-87 
15.96498249124562 8.764277348205071e-87 
15.97698849424712 1.038130844070644e-86 
15.98899449724862 1.229680667213766e-86 
16.00100050025013 1.456588374817942e-86 
16.01300650325162 1.725383151929386e-86 
16.02501250625313 2.043800311898061e-86 
16.03701850925463 2.421004182894111e-86 
16.04902451225613 2.867852196969393e-86 
16.06103051525763 3.397207800852508e-86 
16.07303651825913 4.024311217060054e-86 
16.08504252126063 4.767218754090798e-86 
16.09704852426213 5.647323343713138e-86 
16.10905452726363 6.689971328866589e-86 
16.12106053026513 7.925193305274006e-86 
16.13306653326664 9.388570113855706e-86 
16.14507253626813 1.112225898468098e-85 
16.15707853926963 1.3176209459353e-85 
16.16908454227114 1.560960420116702e-85 
16.18109054527264 1.849256629964909e-85 
16.19309654827414 2.190818237607456e-85 
16.20510255127564 2.595489992198513e-85 
16.21710855427714 3.074936811752004e-85 
16.22911455727864 3.642980419339128e-85 
16.24112056028014 4.315998259035189e-85 
16.25312656328164 5.113396217250195e-85 
16.26513256628314 6.058168808662999e-85 
16.27713856928464 7.177563014637553e-85 
16.28914457228614 8.503864958907301e-85 
16.30115057528764 1.007533215720198e-84 
16.31315657828915 1.193729828716189e-84 
16.32516258129064 1.414348241418677e-84 
16.33716858429214 1.675754052222617e-84 
16.34917458729365 1.985490420712314e-84 
16.36118059029515 2.35249596968847e-84 
16.37318659329665 2.787363020867925e-84 
16.38519259629815 3.302643632153942e-84 
16.39719859929965 3.913212287459101e-84 
16.40920460230115 4.636695729367935e-84 
16.42121060530265 5.493982367930233e-84 
16.43321660830415 6.509826001856065e-84 
16.44522261130565 7.713561318049422e-84 
16.45722861430716 9.139951870842747e-84 
16.46923461730865 1.083019507721203e-83 
16.48124062031015 1.283311330976881e-83 
16.49324662331166 1.520656555714635e-83 
16.50525262631316 1.801912050764326e-83 
16.51725862931466 2.135203948172471e-83 
16.52926463231616 2.530162661158502e-83 
16.54127063531766 2.998201430149649e-83 
16.55327663831916 3.552846460937577e-83 
16.56528264132066 4.210128213331749e-83 
16.57728864432216 4.989045169996184e-83 
16.58929464732366 5.91211351479942e-83 
16.60130065032516 7.006018638855985e-83 
16.61330665332666 8.302387342654674e-83 
16.62531265632816 9.838703099800192e-83 
16.63731865932967 1.165939089335142e-82 
16.64932466233117 1.38171030497412e-82 
16.66133066533267 1.637424332032579e-82 
16.67333666833417 1.940477336568793e-82 
16.68534267133567 2.299635398319385e-82 
16.69734867433717 2.725288312142178e-82 
16.70935467733867 3.229750422742227e-82 
16.72136068034017 3.827617210803926e-82 
16.73336668334167 4.53618796503215e-82 
16.74537268634317 5.375966790738168e-82 
16.75737868934467 6.371256477092302e-82 
16.76938469234617 7.550862437920621e-82 
16.78139069534767 8.948927133093333e-82 
16.79339669834918 1.060591916178215e-81 
16.80540270135068 1.256980570498776e-81 
16.81740870435218 1.489744231297023e-81 
16.82941470735368 1.76562203379322e-81 
16.84142071035518 2.09260197865294e-81 
16.85342671335668 2.480152422750205e-81 
16.86543271635818 2.939496489418838e-81 
16.87743871935968 3.483937357489155e-81 
16.88944472236118 4.129243864762242e-81 
16.90145072536268 4.894107611833937e-81 
16.91345672836418 5.800684827172706e-81 
16.92546273136568 6.875238714341012e-81 
16.93746873436718 8.148900918674559e-81 
16.94947473736868 9.658574208305539e-81 
16.96148074037018 1.14480025635656e-80 
16.97348674337169 1.356903972860505e-80 
16.98549274637319 1.608315304069388e-80 
16.99749874937469 1.906320618351234e-80 
17.00950475237619 2.259557260925178e-80 
17.02151075537769 2.678264097583247e-80 
17.03351675837919 3.174578532898846e-80 
17.04552276138069 3.762888625515324e-80 
17.05752876438219 4.460250523219776e-80 
17.06953476738369 5.2868833376139e-80 
17.08154077038519 6.266755827430654e-80 
17.09354677338669 7.428281926285503e-80 
17.10555277638819 8.805145312406021e-80 
17.1175587793897 1.04372769665579e-79 
17.1295647823912 1.237201410895019e-79 
17.14157078539269 1.466547417556445e-79 
17.1535767883942 1.738418374231233e-79 
17.1655827913957 2.060700971333611e-79 
17.1775887943972 2.442744887301397e-79 
17.1895947973987 2.895634231520559e-79 
17.2016008004002 3.432509361079537e-79 
17.2136068034017 4.068948421472342e-79 
17.2256128064032 4.823419697219476e-79 
17.2376188094047 5.717817916545799e-79 
17.2496248124062 6.778100094605098e-79 
17.26163081540771 8.035039393251947e-79 
17.27363681840921 9.525118906196463e-79 
17.2856428214107 1.129159134633577e-78 
17.29764882441221 1.338573543547448e-78 
17.30965482741371 1.586834551584671e-78 
17.32166083041521 1.88114976842225e-78 
17.33366683341671 2.230064379022317e-78 
17.34567283641821 2.64370941747375e-78 
17.35767883941971 3.134096132944638e-78 
17.36968484242121 3.715465006339105e-78 
17.38169084542271 4.404699565734511e-78 
17.39369684842421 5.22181703340358e-78 
17.40570285142572 6.190550072051671e-78 
17.41770885442721 7.339036547865233e-78 
17.42971485742871 8.700637370202328e-78 
17.44172086043022 1.031490619372127e-77 
17.45372686343172 1.222873918689548e-77 
17.46573286643321 1.44977383098131e-77 
17.47773886943472 1.718782775641991e-77 
17.48974487243622 2.037717058278805e-77 
17.50175087543772 2.415844127804479e-77 
17.51375687843922 2.864152039259686e-77 
17.52576288144072 3.395668962082529e-77 
17.53776888444222 4.025842030014091e-77 
17.54977488744372 4.772986555929459e-77 
17.56178089044522 5.658818682906332e-77 
17.57378689344672 6.709086971430329e-77 
17.58579289644823 7.954321302514797e-77 
17.59779889944972 9.430720891557447e-77 
17.60980490245122 1.11812072574313e-76 
17.62181090545273 1.325667279356717e-76 
17.63381690845423 1.571746128250909e-76 
17.64582291145573 1.863512344849637e-76 
17.65782891445723 2.209449865076629e-76 
17.66983491745873 2.619618331677137e-76 
17.68184092046023 3.105945797602585e-76 
17.69384692346173 3.682575810993377e-76 
17.70585292646323 4.366278986979858e-76 
17.71785892946473 5.176941049570533e-76 
17.72986493246623 6.13814155403253e-76 
17.74187093546773 7.277840141288537e-76 
17.75387693846923 8.629190307920403e-76 
17.76588294147074 1.023150438965497e-75 
17.77788894447224 1.213139786095722e-75 
17.78989494747374 1.438414627694064e-75 
17.80190095047524 1.70552943784669e-75 
17.81390695347674 2.022256422759736e-75 
17.82591295647824 2.397811795260296e-75 
17.83791895947974 2.843124101348091e-75 
17.84992496248124 3.37115241515327e-75 
17.86193096548274 3.997263671720404e-75 
17.87393696848424 4.739680130267042e-75 
17.88594297148574 5.620010004194794e-75 
17.89794897448724 6.663876717742467e-75 
17.90995497748874 7.901665123425728e-75 
17.92196098049025 9.369406423109578e-75 
17.93396698349175 1.110982757809838e-74 
17.94597298649325 1.317359578787905e-74 
17.95797898949475 1.562079430291612e-74 
17.96998499249625 1.852267257997546e-74 
17.98199099549775 2.196372178548878e-74 
17.99399699849925 2.604413613668356e-74 
18.00600300150075 3.088273181819204e-74 
18.01800900450225 3.662040855167149e-74 
18.03001500750375 4.342425471669117e-74 
18.04202101050525 5.149241568422056e-74 
18.05402701350675 6.105986727678132e-74 
18.06603301650825 7.240526266080831e-74 
18.07803901950975 8.585905227685934e-74 
18.09004502251126 1.018131135351012e-73 
18.10205102551276 1.20732171029927e-73 
18.11405702851426 1.431673402430493e-73 
18.12606303151576 1.69772189632348e-73 
18.13806903451726 2.013217894509362e-73 
18.15007503751876 2.387353027503097e-73 
18.16208104052026 2.831027773347469e-73 
18.17408704352176 3.35716919965899e-73 
18.18609304652326 3.981107794422505e-73 
18.19809904952476 4.721024375385806e-73 
18.21010505252626 5.598480112155603e-73 
18.22211105552776 6.639045119649146e-73 
18.23411705852926 7.873043957170018e-73 
18.24612306153077 9.336439777976922e-73 
18.25812906453227 1.10718829193427e-72 
18.27013506753377 1.312995452082234e-72 
18.28214107053527 1.557064144879941e-72 
18.29414707353677 1.846508555445556e-72 
18.30615307653827 2.189765829711215e-72 
18.31815907953977 2.596842125909499e-72 
18.33016508254127 3.07960443390245e-72 
18.34217108554277 3.652126676646901e-72 
18.35417708854427 4.331100192212976e-72 
18.36618309154577 5.136320573663325e-72 
18.37818909454727 6.091265072614455e-72 
18.39019509754878 7.223777415503261e-72 
18.40220110055028 8.56688001664666e-72 
18.41420710355177 1.015973729064894e-71 
18.42621310655328 1.204879817715708e-71 
18.43821910955478 1.428915122217502e-71 
18.45022511255628 1.694613176488156e-71 
18.46223111555778 2.009722813834444e-71 
18.47423711855928 2.383434252160325e-71 
18.48624312156078 2.826647243423011e-71 
18.49824912456228 3.352289114504495e-71 
18.51025512756378 3.975691983282558e-71 
18.52226113056528 4.715040161403878e-71 
18.53426713356679 5.591900804545233e-71 
18.54627313656828 6.631853301652993e-71 
18.55827913956978 7.865235777775488e-71 
18.57028514257129 9.328030504863553e-71 
18.58229114557279 1.106291407120667e-70 
18.59429714857428 1.312050297148719e-70 
18.60630315157579 1.556083098632501e-70 
18.61830915457729 1.845510148936899e-70 
18.63031515757879 2.188776584922624e-70 
18.64232116058029 2.595898861738462e-70 
18.65432716358179 3.078757149002599e-70 
18.66633316658329 3.651442143130676e-70 
18.67833916958479 4.330666423980656e-70 
18.69034517258629 5.136252369282128e-70 
18.70235117558779 6.091710876587813e-70 
18.7143571785893 7.224927795072322e-70 
18.72636318159079 8.568978115919306e-70 
18.73836918459229 1.016309170222776e-69 
18.7503751875938 1.205379876639606e-69 
18.7623811905953 1.429628855418265e-69 
18.7743871935968 1.695602092355899e-69 
18.7863931965983 2.011063789510576e-69 
18.7983991995998 2.385223101499714e-69 
18.8104052026013 2.829003076772359e-69 
18.8224112056028 3.355359660747392e-69 
18.8344172086043 3.979660080497133e-69 
18.8464232116058 4.720131665809625e-69 
18.85842921460731 5.598394219701766e-69 
18.8704352176088 6.640091492943178e-69 
18.8824412206103 7.875640213256018e-69 
18.89444722361181 9.341118555238436e-69 
18.90645322661331 1.107932001214637e-68 
18.91845922961481 1.314100346459005e-68 
18.93046523261631 1.558637597527612e-68 
18.94247123561781 1.848685164079191e-68 
18.95447723861931 2.192713789994464e-68 
18.96648324162081 2.600771026923513e-68 
18.97848924462231 3.084774782949719e-68 
18.99049524762381 3.658861525552787e-68 
19.00250125062531 4.339799315645771e-68 
19.01450725362681 5.147477744579647e-68 
19.02651325662831 6.105489094068596e-68 
19.03851925962982 7.24181770572589e-68 
19.05052526263132 8.589657710295184e-68 
19.06253126563282 1.018838301922181e-67 
19.07453726863432 1.208469793267131e-67 
19.08654327163582 1.43340019986481e-67 
19.09854927463732 1.700200902192502e-67 
19.11055527763882 2.016666755226156e-67 
19.12256128064032 2.392043899618833e-67 
19.13456728364182 2.837299995327506e-67 
19.14657328664332 3.365444778211369e-67 
19.15857928964482 3.991910311604457e-67 
19.17058529264632 4.735002050432957e-67 
19.18259129564782 5.616433906160827e-67 
19.19459729864932 6.661962957275872e-67 
19.20660330165082 7.90214236402612e-67 
19.21860930465233 9.373214502923447e-67 
19.23061530765383 1.111817043726884e-66 
19.24262131065533 1.318800670458186e-66 
19.25462731365683 1.564321617264612e-66 
19.26663331665833 1.855555656173654e-66 
19.27863931965983 2.201014835175143e-66 
19.29064532266133 2.610796342702646e-66 
19.30265132566283 3.096877724041826e-66 
19.31465732866433 3.673467083619201e-66 
19.32666333166583 4.357418515500719e-66 
19.33866933466733 5.168724912446073e-66 
19.35067533766883 6.131102567349017e-66 
19.36268134067033 7.272684666075738e-66 
19.37468734367184 8.626843956162889e-66 
19.38669334667334 1.023316865476477e-65 
19.39869934967484 1.213862014222397e-65 
19.41070535267634 1.439890630586603e-65 
19.42271135567784 1.708011070771405e-65 
19.43471735867934 2.026062523441373e-65 
19.44672336168084 2.403344276678431e-65 
19.45872936468234 2.850887693991776e-65 
19.47073536768384 3.381778856090599e-65 
19.48274137068534 4.011541307580408e-65 
19.49474737368684 4.758590106420445e-65 
19.50675337668834 5.644770460352768e-65 
19.51875937968985 6.695996709647419e-65 
19.53076538269135 7.943010351847319e-65 
19.54277138569284 9.422279287686011e-65 
19.55477738869435 1.117706459995363e-64 
19.56678339169585 1.325868607976541e-64 
19.57878939469735 1.572802353095062e-64 
19.59079539769885 1.865729778338134e-64 
19.60280140070035 2.21321835319835e-64 
19.61480740370185 2.62543158295437e-64 
19.62681340670335 3.114426358253412e-64 
19.63881940970485 3.694505706729473e-64 
19.65082541270635 4.382637269917121e-64 
19.66283141570786 5.198949752431725e-64 
19.67483741870936 6.167321872601854e-64 
19.68684342171085 7.316081051273792e-64 
19.69884942471236 8.67883228763088e-64 
19.71085542771386 1.029544148162555e-63 
19.72286143071536 1.221320198358208e-63 
19.73486743371686 1.448821851506255e-63 
19.74687343671836 1.718704896823826e-63 
19.75887943971986 2.038865214008873e-63 
19.77088544272136 2.418669841380038e-63 
19.78289144572286 2.86923110250037e-63 
19.79489744872436 3.403731815609482e-63 
19.80690345172586 4.037811105695916e-63 
19.81890945472736 4.790022113287662e-63 
19.83091545772886 5.682374998980193e-63 
19.84292146073037 6.740981139998886e-63 
19.85492746373187 7.996817377838123e-63 
19.86693346673336 9.486632690996791e-63 
19.87893946973487 1.125402383697772e-62 
19.89094547273637 1.335071145516446e-62 
19.90295147573787 1.583805399182698e-62 
19.91495747873937 1.878884377224414e-62 
19.92696348174087 2.228943780671711e-62 
19.93896948474237 2.644228571905864e-62 
19.95097548774387 3.136892881506089e-62 
19.96298149074537 3.721355810507481e-62 
19.97498749374687 4.414723546327603e-62 
19.98699349674838 5.237290152588744e-62 
19.99899949974987 6.213131697039589e-62 
20.01100550275137 7.370811115250845e-62 
20.02301150575288 8.744214450793231e-62 
20.03501750875438 1.037354296019928e-61 
20.04702351175588 1.230649013587067e-61 
20.05902951475738 1.459963811594067e-61 
20.07103551775888 1.732011437558909e-61 
20.08304152076038 2.054755721766601e-61 
20.09504752376188 2.437644762503805e-61 
20.10705352676338 2.891887576779083e-61 
20.11905952976488 3.43078231896722e-61 
20.13106553276639 4.070105680292457e-61 
20.14307153576788 4.828574874145412e-61 
20.15507753876938 5.728395738415766e-61 
20.16708354177089 6.795913008610288e-61 
20.17908954477239 8.062381808421644e-61 
20.19109554777389 9.564882955306458e-61 
20.20310155077539 1.134740889156072e-60 
20.21510755377689 1.346215204978531e-60 
20.22711355677839 1.597103339197006e-60 
20.23911955977989 1.894751589745525e-60 
20.25112556278139 2.24787561229207e-60 
20.26313156578289 2.666815686191341e-60 
20.27513756878439 3.163839568247674e-60 
20.28714357178589 3.75350180635249e-60 
20.29914957478739 4.453070039226737e-60 
20.3111555777889 5.283030771096017e-60 
20.3231615807904 6.267689438666871e-60 
20.3351675837919 7.435882350494336e-60 
20.3471735867934 8.821821356695357e-60 
20.3591795897949 1.046609599602971e-59 
20.3711855927964 1.241686248161327e-59 
20.3831915957979 1.473125436117499e-59 
20.3951975987994 1.747705618326488e-59 
20.4072036018009 2.0734689207531e-59 
20.4192096048024 2.459956734097767e-59 
20.4312156078039 2.918489233098369e-59 
20.4432216108054 3.462497011776555e-59 
20.4552276138069 4.10791455211825e-59 
20.4672336168084 4.873647055692213e-59 
20.4792396198099 5.782124317627981e-59 
20.49124562281141 6.859957873210641e-59 
20.50325162581291 8.138720673872306e-59 
20.51525762881441 9.655872140280557e-59 
20.52726363181591 1.145585570079916e-58 
20.53926963481741 1.359140097871356e-58 
20.55127563781891 1.612506878945216e-58 
20.56328164082041 1.913108422541009e-58 
20.57528764382191 2.269751154950201e-58 
20.58729364682341 2.692883463674747e-58 
20.59929964982491 3.194901858970473e-58 
20.61130565282641 3.790514225686837e-58 
20.62331165582791 4.497170811667423e-58 
20.63531765882941 5.33557558440698e-58 
20.64732366183092 6.330292943375861e-58 
20.65932966483242 7.510467570483085e-58 
20.67133566783392 8.910678517497484e-58 
20.68334167083542 1.057195256410929e-57 
20.69534767383692 1.254296654905363e-57 
20.70735367683842 1.488147391621182e-57 
20.71935967983992 1.76559972902664e-57 
20.73136568284142 2.094783669501574e-57 
20.74337168584292 2.485345228050223e-57 
20.75537768884442 2.948729140397209e-57 
20.76738369184592 3.498514293626883e-57 
20.77938969484742 4.150811712151263e-57 
20.79139569784893 4.924736765702901e-57 
20.80340170085043 5.842969442019127e-57 
20.81540770385192 6.93241910871659e-57 
20.82741370685343 8.225013252255063e-57 
20.83941970985493 9.758633316683892e-57 
20.85142571285643 1.157822507763665e-56 
20.86343171585793 1.373711610425423e-56 
20.87543771885943 1.629857893343054e-56 
20.88744372186093 1.933768578503567e-56 
20.89944972486243 2.294350919484086e-56 
20.91145572786393 2.722173308441999e-56 
20.92346173086543 3.229775082176628e-56 
20.93546773386693 3.832034110566113e-56 
20.94747373686843 4.546602944971888e-56 
20.95947973986993 5.394426314538371e-56 
20.97148574287144 6.400355143653886e-56 
20.98349174587294 7.593875094135935e-56 
20.99549774887443 9.009970993965377e-56 
21.00750375187594 1.069015249911094e-55 
21.01950975487744 1.268367106302286e-55 
21.03151575787894 1.504896389839964e-55 
21.04352176088044 1.785536727238149e-55 
21.05552776388194 2.118514937463126e-55 
21.06753376688344 2.513592236948425e-55 
21.07953976988494 2.982350436335574e-55 
21.09154577288644 3.538531521304651e-55 
21.10355177588794 4.198440575648545e-55 
21.11555777888945 4.981423862400263e-55 
21.12756378189095 5.910436083031615e-55 
21.13956978489244 7.01271345015786e-55 
21.15157578789395 8.320572312522755e-55 
21.16358179089545 9.872356753331033e-55 
21.17558779389695 1.171356295225351e-54 
21.18759379689845 1.389817328581887e-54 
21.19959979989995 1.649023929250304e-54 
21.21160580290145 1.956575992808347e-54 
21.22361180590295 2.321491019786078e-54 
21.23561780890445 2.754468552923412e-54 
21.24762381190595 3.268203944232164e-54 
21.25962981490746 3.877760654556741e-54 
21.27163581790895 4.601012005203734e-54 
21.28364182091045 5.459165338404342e-54 
21.29564782391196 6.477383960649022e-54 
21.30765382691346 7.685525111206059e-54 
21.31965982991496 9.119015601551743e-54 
21.33166583291646 1.081989080984735e-53 
21.34367183591796 1.283802750647504e-53 
21.35567783891946 1.523260667257595e-53 
21.36768384192096 1.807384922033572e-53 
21.37968984492246 2.144507552937865e-53 
21.39169584792396 2.544514921293931e-53 
21.40370185092547 3.019137679918437e-53 
21.41570785392696 3.582294838786736e-53 
21.42771385692846 4.250502021283295e-53 
21.43971985992997 5.043355887238789e-53 
21.45172586293147 5.984108933475419e-53 
21.46373186593297 7.100351534034684e-53 
21.47573786893447 8.424821228444941e-53 
21.48774387193597 9.996362999613795e-53 
21.49974987493747 1.186106871274328e-52 
21.51175587793897 1.407362914304513e-52 
21.52376188094047 1.669893825721533e-52 
21.53576788394197 1.981399681462869e-52 
21.54777388694347 2.351017113620645e-52 
21.55977988994497 2.789587330958615e-52 
21.57178589294647 3.309974146436882e-52 
21.58379189594798 3.9274413423678e-52 
21.59579789894947 4.660100444859555e-52 
21.60780390195097 5.529442045114342e-52 
21.61980990495248 6.560966256560354e-52 
21.63181590795398 7.78493080564872e-52 
21.64382191095548 9.237238705800625e-52 
21.65582791395698 1.096049155973824e-51 
21.66783391695848 1.30052393954718e-51 
21.67983991995998 1.543146370816882e-51 
21.69184592296148 1.831033722324443e-51 
21.70385192596298 2.172631201610831e-51 
21.71585792896448 2.577959725939132e-51 
21.72786393196598 3.058909930192913e-51 
21.73986993496748 3.629591035085315e-51 
21.75187593796898 4.306744812700252e-51 
21.76388194097049 5.11023679670064e-51 
21.77588794397199 6.063639151345036e-51 
21.78789394697349 7.194922303282861e-51 
21.79989994997499 8.537275631894623e-51 
21.81190595297649 1.013008130138631e-50 
21.82391195597799 1.202006981209841e-50 
21.83591795897949 1.426269118145807e-50 
21.84792396198099 1.692374199321442e-50 
21.85992996498249 2.008129606279175e-50 
21.87193596798399 2.382799537717675e-50 
21.88394197098549 2.82737685412659e-50 
21.89594797398699 3.354905650938769e-50 
21.90795397698849 3.980864026905804e-50 
21.91995997999 4.7236182810935e-50 
21.9319659829915 5.604961868298147e-50 
21.943971985993 6.650754930337998e-50 
21.9559779889945 7.891683172597875e-50 
21.967983991996 9.364158358047678e-50 
21.9799899949975 1.111138684753952e-49 
21.991995997999 1.318463754752605e-49 
22.0040020010005 1.564474647921951e-49 
22.016008004002 1.856390212843665e-49 
22.0280140070035 2.202776397682456e-49 
22.040020010005 2.61379763947662e-49 
22.0520260130065 3.101515168110621e-49 
22.064032016008 3.680240980558553e-49 
22.07603801900951 4.366957875078069e-49 
22.088044022011 5.181817874111835e-49 
22.10005002501251 6.148733665642151e-49 
22.11205602801401 7.296080423193714e-49 
22.12406203101551 8.657528604747355e-49 
22.13606803401701 1.027303217563346e-48 
22.14807403701851 1.219000126289177e-48 
22.16008004002001 1.446469366255662e-48 
22.17208604302151 1.716386604579751e-48 
22.18409204602301 2.036673333342481e-48 
22.19609804902451 2.416729375477817e-48 
22.20810405202601 2.867708784204359e-48 
22.22011005502752 3.402847234976631e-48 
22.23211605802901 4.037850520573982e-48 
22.24412206103052 4.791355553736749e-48 
22.25612806403202 5.685477410366791e-48 
22.26813406703352 6.746458472228673e-48 
22.28014007003502 8.005438725480617e-48 
22.29214607303652 9.499369828235899e-48 
22.30415207603802 1.127209978113835e-47 
22.31615807903952 1.337566004355659e-47 
22.32816408204102 1.587179288152054e-47 
22.34017008504252 1.88337637864508e-47 
22.35217608804402 2.234851217315466e-47 
22.36418209104552 2.651920349722323e-47 
22.37618809404702 3.146825771748046e-47 
22.38819409704853 3.734094301455821e-47 
22.40020010005003 4.430964027265231e-47 
22.41220610305152 5.257890352536201e-47 
22.42421210605303 6.239146493650255e-47 
22.43621810905453 7.403536061913409e-47 
22.44822411205603 8.785238650509225e-47 
22.46023011505753 1.042481325293786e-46 
22.47223611805903 1.237038897356036e-46 
22.48424212106053 1.467907799010697e-46 
22.49624812406203 1.741865225378787e-46 
22.50825412706353 2.0669533156592e-46 
22.52026013006503 2.452715258487772e-46 
22.53226613306653 2.910475468330069e-46 
22.54427213606803 3.453672059371945e-46 
22.55627813906953 4.098251378997931e-46 
22.56828414207104 4.86313618523522e-46 
22.58029014507254 5.770781215004236e-46 
22.59229614807404 6.84783245615949e-46 
22.60430215107554 8.125909481485771e-46 
22.61630815407704 9.642533816462397e-46 
22.62831415707854 1.144223060084497e-45 
22.64032016008004 1.357783589287384e-45 
22.65232616308154 1.611204800364653e-45 
22.66433216608304 1.911926841523173e-45 
22.67633816908454 2.26877863399077e-45 
22.68834417208604 2.692237106922083e-45 
22.70035017508754 3.194734823674654e-45 
22.71235617808905 3.791025032919134e-45 
22.72436218109054 4.498614864415585e-45 
22.73636818409205 5.33827939047564e-45 
22.74837418709355 6.3346716489114e-45 
22.76038019009505 7.517046541392608e-45 
22.77238619309655 8.920119865361704e-45 
22.78439219609805 1.058508770621166e-44 
22.79639819909955 1.256083612587153e-44 
22.80840420210105 1.490537667258774e-44 
22.82041020510255 1.768754986867731e-44 
22.83241620810405 2.098904670314991e-44 
22.84442221110555 2.490680749550251e-44 
22.85642821410705 2.955586857999402e-44 
22.86843421710855 3.507274041183215e-44 
22.88044022011006 4.161941630425102e-44 
22.89244622311156 4.938812952684863e-44 
22.90445222611306 5.860699847480286e-44 
22.91645822911456 6.954672570127123e-44 
22.92846423211606 8.252854755752143e-44 
22.94047023511756 9.793366791628668e-44 
22.95247623811906 1.162144530423876e-43 
22.96448224112056 1.379077164011457e-43 
22.97648824412206 1.636504835789092e-43 
22.98849424712356 1.941987003341833e-43 
23.00050025012506 2.304494332421065e-43 
23.01250625312656 2.734672149785563e-43 
23.02451225612806 3.245153080262979e-43 
23.03651825912956 3.850928050502402e-43 
23.04852426213106 4.569786556256015e-43 
23.06053026513257 5.422839124475412e-43 
23.07253626813407 6.435137315797459e-43 
23.08454227113557 7.636409478045834e-43 
23.09654827413707 9.061933861349476e-43 
23.10855427713857 1.075357474025393e-42 
23.12056028014007 1.276101197630079e-42 
23.13256628314157 1.514320013662843e-42 
23.14457228614307 1.797010002712198e-42 
23.15657828914457 2.132473350059492e-42 
23.16858429214607 2.530562189648852e-42 
23.18059029514757 3.002967973759036e-42 
23.19259629814907 3.563564868234585e-42 
23.20460230115058 4.228817260133132e-42 
23.21660830415207 5.01826334795881e-42 
23.22861430715358 5.955089019605524e-42 
23.24062031015508 7.066808875385901e-42 
23.25262631315658 8.38607440098956e-42 
23.26463231615808 9.951633030363989e-42 
23.27663831915958 1.180946627107506e-41 
23.28864432216108 1.401414032490326e-41 
23.30065032516258 1.663040887880317e-41 
23.31265632816408 1.973511514929101e-41 
23.32466233116558 2.341944905446438e-41 
23.33666833416708 2.779162582047716e-41 
23.34867433716859 3.298006470989174e-41 
23.36068034017008 3.913716125164753e-41 
23.37268634317159 4.644376378807353e-41 
23.38469234617309 5.511448584569027e-41 
23.39669834917459 6.54040103914061e-41 
23.40870435217609 7.761457117553801e-41 
23.42071035517759 9.210483094401912e-41 
23.43271635817909 1.093004173401994e-40 
23.44472236118059 1.297064260175293e-40 
23.45672836418209 1.539222582790163e-40 
23.46873436718359 1.82659229145725e-40 
23.48074037018509 2.167614631499106e-40 
23.49274637318659 2.572306917400806e-40 
23.50475237618809 3.052556808133929e-40 
23.5167583791896 3.622471529232911e-40 
23.5287643821911 4.298792301440576e-40 
23.5407703851926 5.101386151522876e-40 
23.5527763881941 6.053829554371702e-40 
23.5647823911956 7.184101053570569e-40 
23.5767883941971 8.525403209467062e-40 
23.5887943971986 1.011713802355795e-39 
23.6008004002001 1.200606449729625e-39 
23.6128064032016 1.424767233477145e-39 
23.6248124062031 1.690781214933518e-39 
23.6368184092046 2.006463007074744e-39 
23.6488244122061 2.381086359325356e-39 
23.6608304152076 2.825656611897332e-39 
23.6728364182091 3.353234024697036e-39 
23.6848424212106 3.979317480649697e-39 
23.69684842421211 4.7222998372414e-39 
23.70885442721361 5.604008305293536e-39 
23.72086043021511 6.650345732325137e-39 
23.73286643321661 7.892051632737526e-39 
23.74487243621811 9.365605325596358e-39 
23.75687843921961 1.111429771638081e-38 
23.76888444222111 1.318950321441964e-38 
23.78089044522261 1.565218915845431e-38 
23.79289644822411 1.857470710166828e-38 
23.80490245122561 2.204291858967989e-38 
23.81690845422711 2.615871789379235e-38 
23.82891445722861 3.104302582605797e-38 
23.84092046023012 3.683934260521393e-38 
23.85292646323161 4.371796417006438e-38 
23.86493246623312 5.188098583216702e-38 
23.87693846923462 6.156824029563304e-38 
23.88894447223612 7.30643445283608e-38 
23.90095047523762 8.670706255296144e-38 
23.91295647823912 1.02897229894546e-37 
23.92496248124062 1.221105313128091e-37 
23.93696848424212 1.449114779060576e-37 
23.94897448724362 1.719699943054551e-37 
23.96098049024512 2.040811033781329e-37 
23.97298649324662 2.42188286882024e-37 
23.98499249624813 2.874112085383312e-37 
23.99699849924962 3.410786141840577e-37 
24.00900450225113 4.047673758044969e-37 
24.02101050525263 4.803488267950849e-37 
24.03301650825413 5.700437500697033e-37 
24.04502251125563 6.764876349154308e-37 
24.05702851425713 8.0280812026502e-37 
24.06903451725863 9.527169001868123e-37 
24.08104052026013 1.130618792402537e-36 
24.09304652326163 1.341741175027289e-36 
24.10505252626313 1.592287595306604e-36 
24.11705852926463 1.889620064495012e-36 
24.12906453226613 2.242475396056513e-36 
24.14107053526763 2.66122194484681e-36 
24.15307653826913 3.158164292264233e-36 
24.16508254127064 3.747904831426891e-36 
24.17708854427213 4.447772878661022e-36 
24.18909454727364 5.278333922117453e-36 
24.20110055027514 6.263993973496452e-36 
24.21310655327664 7.433716783876358e-36 
24.22511255627814 8.821875001656575e-36 
24.23711855927964 1.046926028713176e-35 
24.24912456228114 1.242428206991038e-35 
24.26113056528264 1.474439017958526e-35 
24.27313656828414 1.749776315970877e-35 
24.28514257128564 2.076531188360826e-35 
24.29714857428714 2.46430573574043e-35 
24.30915457728864 2.924495259313499e-35 
24.32116058029014 3.470623148638689e-35 
24.33316658329165 4.11873831218987e-35 
24.34517258629315 4.887886831249992e-35 
24.35717858929465 5.800671699176383e-35 
24.36918459229615 6.883917097009444e-35 
24.38119059529765 8.169456728859166e-35 
24.39319659829915 9.695069386803558e-35 
24.40520260130065 1.150558924234599e-34 
24.41720860430215 1.365422349699839e-34 
24.42921460730365 1.620411611923439e-34 
24.44122061030515 1.923020362803487e-34 
24.45322661330665 2.282141746713121e-34 
24.46523261630815 2.708329770115229e-34 
24.47723861930966 3.214109485463746e-34 
24.48924462231115 3.814345106265709e-34 
24.50125062531266 4.526676872932547e-34 
24.51325662831416 5.372039509831028e-34 
24.52526263131566 6.375277512153647e-34 
24.53726863431716 7.56587534735927e-34 
24.54927463731866 8.978824033648752e-34 
24.56128064032016 1.065564956652423e-33 
24.57328664332166 1.264563342176704e-33 
24.58529264632316 1.500726100899869e-33 
24.59729864932466 1.780994065032169e-33 
24.60930465232616 2.113604361033208e-33 
24.62131065532767 2.508332514079825e-33 
24.63331665832916 2.976779770291903e-33 
24.64532266133067 3.53271408215274e-33 
24.65732866433217 4.192474779960918e-33 
24.66933466733367 4.975452824174985e-33 
24.68134067033517 5.904660755191017e-33 
24.69334667333667 7.007409093735076e-33 
24.70535267633817 8.316109074165557e-33 
24.71735867933967 9.869225306549059e-33 
24.72936468234117 1.171240637056419e-32 
24.74137068534267 1.389982657465737e-32 
24.75337668834417 1.649577832117975e-32 
24.76538269134567 1.95765618849506e-32 
24.77738869434717 2.323272815537985e-32 
24.78939469734867 2.757174026795161e-32 
24.80140070035018 3.27211323645384e-32 
24.81340670335167 3.883225833567267e-32 
24.82541270635318 4.608474074115409e-32 
24.83741870935468 5.469175068806981e-32 
24.84942471235618 6.490627387253619e-32 
24.86143071535768 7.70285469813445e-32 
24.87343671835918 9.141488305445622e-32 
24.88544272136068 1.084881452403812e-31 
24.89744872436218 1.287501768342494e-31 
24.90945472736368 1.527965529974364e-31 
24.92146073036518 1.813340878085992e-31 
24.93346673336668 2.152016112954211e-31 
24.94547273636818 2.553946272255179e-31 
24.95747873936968 3.030945765199275e-31 
24.96948474237119 3.59703566547364e-31 
24.98149074537269 4.268855872424498e-31 
24.99349674837419 5.066154256904678e-31 
25.00550275137569 6.012367171412223e-31 
25.01750875437719 7.135308390090542e-31 
25.02951475737869 8.467986731814826e-31 
25.04152076038019 1.00495764026693e-30 
25.05352676338169 1.192656858384735e-30 
25.06553276638319 1.415413811937873e-30 
25.07753876938469 1.679776548175968e-30 
25.08954477238619 1.993516169844935e-30 
25.10155077538769 2.365855282894465e-30 
25.1135567783892 2.807739115261777e-30 
25.12556278139069 3.332157277247246e-30 
25.1375687843922 3.95452562282757e-30 
25.1495747873937 4.693139438187812e-30 
25.1615807903952 5.569711280744118e-30 
25.1735867933967 6.610009280627686e-30 
25.1855927963982 7.844614670177844e-30 
25.1975987993997 9.309820812286477e-30 
25.2096048024012 1.104870015850738e-29 
25.2216108054027 1.311237050500418e-29 
25.2336168084042 1.556149777381894e-29 
25.2456228114057 1.846807950087601e-29 
25.25762881440721 2.191756146504967e-29 
25.2696348174087 2.601134968716941e-29 
25.28164082041021 3.086979165199196e-29 
25.29364682341171 3.663571440170718e-29 
25.30565282641321 4.347862352208349e-29 
25.31765882941471 5.159968647328668e-29 
25.32966483241621 6.123764677803685e-29 
25.34167083541771 7.267584294814115e-29 
25.35367683841921 8.625053851125313e-29 
25.36568284142071 1.023608080479838e-28 
25.37768884442221 1.2148026989865e-28 
25.38969484742371 1.441710104941458e-28 
25.40170085042521 1.711001097031024e-28 
25.41370685342671 2.030592530623213e-28 
25.42571285642821 2.409880075180288e-28 
25.43771885942972 2.860014450204575e-28 
25.44972486243121 3.39422926150792e-28 
25.46173086543272 4.028230076764636e-28 
25.47373686843422 4.780656179891445e-28 
25.48574287143572 5.673628580739638e-28 
25.49774887443722 6.733400392718426e-28 
25.50975487743872 7.991128700866442e-28 
25.52176088044022 9.483790615053337e-28 
25.53376688344172 1.125527044246164e-27 
25.54577288644322 1.335764994492842e-27 
25.55777888944472 1.585273961806215e-27 
25.56978489244622 1.881389601587577e-27 
25.58179089544772 2.232817855537685e-27 
25.59379689844922 2.649890921744172e-27 
25.60580290145073 3.144871040688787e-27 
25.61780890445223 3.7323110294292e-27 
25.62981490745373 4.429482164820219e-27 
25.64182091045523 5.25688199696153e-27 
25.65382691345673 6.238837024324874e-27 
25.66583291645823 7.404217951332868e-27 
25.67783891945973 8.787288559554977e-27 
25.68984492246123 1.042871315249665e-26 
25.70185092546273 1.237675219671364e-26 
25.71385692846423 1.468868131579584e-26 
25.72586293146573 1.743247536135859e-26 
25.73786893446723 2.068880707967918e-26 
25.74987493746874 2.455341914322564e-26 
25.76188094047023 2.913993929506615e-26 
25.77388694347174 3.45832213838617e-26 
25.78589294647324 4.104331053098401e-26 
25.79789894947474 4.871014902399857e-26 
25.80990495247624 5.780916131199244e-26 
25.82191095547774 6.860788232851538e-26 
25.83391695847924 8.142382404740683e-26 
25.84592296148074 9.663381158767763e-26 
25.85792896448224 1.146850633966265e-25 
25.86993496748374 1.361083413262509e-25 
25.88194097048524 1.615335572849141e-25 
25.89394697348675 1.917082953840626e-25 
25.90595297648824 2.275197942328491e-25 
25.91795897948974 2.700210357829671e-25 
25.92996498249125 3.204617078840042e-25 
25.94197098549274 3.803249510273438e-25 
25.95397698849425 4.513709698486767e-25 
25.96598299149575 5.356887918275058e-25 
25.97798899449725 6.357576952030844e-25 
25.98999499749875 7.545201124655367e-25 
26.00200100050025 8.95468153240238e-25 
26.01400700350175 1.062746290886818e-24 
26.02601300650325 1.261273232459354e-24 
26.03801900950475 1.496886555799814e-24 
26.05002501250625 1.776514367052379e-24 
26.06203101550775 2.108379026481251e-24 
26.07403701850926 2.50223893351643e-24 
26.08604302151075 2.969675481174173e-24 
26.09804902451226 3.524433618315841e-24 
26.11005502751376 4.18282603468452e-24 
26.12206103051526 4.96421285465507e-24 
26.13406703351676 5.891570946173565e-24 
26.14607303651826 6.992169586749936e-24 
26.15807903951976 8.298372356106564e-24 
26.17008504252126 9.848588837159219e-24 
26.18209104552276 1.168840411258335e-23 
26.19409704852426 1.387191927286267e-23 
26.20610305152576 1.646334235719802e-23 
26.21810905452726 1.953887651347156e-23 
26.23011505752876 2.318896090420899e-23 
26.24212106053027 2.752093025922103e-23 
26.25412706353177 3.266217128742155e-23 
26.26613306653327 3.876386877229918e-23 
26.27813906953477 4.600545151739576e-23 
26.29014507253627 5.459986888993918e-23 
26.30215107553777 6.479985313779703e-23 
26.31415707853927 7.690535164555938e-23 
26.32616308154077 9.127234770243691e-23 
26.33816908454227 1.083233291896867e-22 
26.35017508754377 1.285597130594155e-22 
26.36218109054527 1.525765909952034e-22 
26.37418709354677 1.8108022990968e-22 
26.38619309654828 2.149088419526638e-22 
26.39819909954977 2.550572348585388e-22 
26.41020510255128 3.027060675811627e-22 
26.42221110555278 3.592565716051191e-22 
26.43421710855428 4.263717590669347e-22 
26.44622311155578 5.060253295966386e-22 
26.45822911455728 6.005597142096331e-22 
26.47023511755878 7.127549633005209e-22 
26.48224112056028 8.45910504717663e-22 
26.49424712356178 1.003942176409842e-21 
26.50625312656328 1.191497387366981e-21 
26.51825912956478 1.414091793737893e-21 
26.53026513256628 1.678271509780453e-21 
26.54227113556778 1.991805624294226e-21 
26.55427713856928 2.363914684490251e-21 
26.56628314157079 2.805541867082137e-21 
26.57828914457228 3.329674811849388e-21 
26.59029514757379 3.951727582953387e-21 
26.60230115057529 4.689993991703281e-21 
26.61430715357679 5.566185613285562e-21 
26.62631315657829 6.60607032091783e-21 
26.63831915957979 7.840230117227879e-21 
26.65032516258129 9.304960551346174e-21 
26.66233116558279 1.104333817443114e-20 
26.67433716858429 1.310648742860212e-20 
26.68634317158579 1.555508422989759e-20 
26.69834917458729 1.846114046742913e-20 
26.7103551775888 2.191012190312156e-20 
26.72236118059029 2.600346176232929e-20 
26.7343671835918 3.086154394361651e-20 
26.7463731865933 3.662724358838898e-20 
26.7583791895948 4.347012914412909e-20 
26.7703851925963 5.159144951088166e-20 
26.7823911955978 6.123005295161918e-20 
26.7943971985993 7.266941185235872e-20 
26.8064032016008 8.624595994348064e-20 
26.8184092046023 1.023589871962916e-19 
26.8304152076038 1.214823834239082e-19 
26.8424212106053 1.441785759905855e-19 
26.8544272136068 1.711150715680278e-19 
26.8664332166083 2.030840884691798e-19 
26.87843921960981 2.410258569923432e-19 
26.89044522261131 2.860562730949572e-19 
26.90245122561281 3.394997187603666e-19 
26.91445722861431 4.029280143886171e-19 
26.92646323161581 4.782066489037274e-19 
26.93846923461731 5.675496473301013e-19 
26.95047523761881 6.73584689646135e-19 
26.96248124062031 7.994303962464095e-19 
26.97448724362181 9.487880532041958e-19 
26.98649324662331 1.126050475249463e-18 
26.99849924962481 1.336431208457112e-18 
27.01050525262631 1.586117872902887e-18 
27.02251125562782 1.882454155587807e-18 
27.03451725862931 2.234155806641672e-18 
27.04652326163082 2.651566991979873e-18 
27.05852926463232 3.146964542625037e-18 
27.07053526763382 3.734919049731953e-18 
27.08254127063532 4.432723426411196e-18 
27.09454727363682 5.260901541916849e-18 
27.10655327663832 6.2438118890198e-18 
27.11855927963982 7.410364040709593e-18 
27.13056528264132 8.794868969979347e-18 
27.14257128564282 1.043804824393719e-17 
27.15457728864432 1.238823177667571e-17 
27.16658329164582 1.470277937168092e-17 
27.17858929464732 1.744976786722072e-17 
27.19059529764882 2.070999351075162e-17 
27.20260130065033 2.457934846073086e-17 
27.21460730365182 2.917164131907019e-17 
27.22661330665333 3.462194465852972e-17 
27.23861930965483 4.109056801082415e-17 
27.25062531265633 4.876777317908517e-17 
27.26263131565783 5.787937057377823e-17 
27.27463731865933 6.869336118651599e-17 
27.28664332166083 8.152781957376598e-17 
27.29864932466233 9.676024972697541e-17 
27.31065532766383 1.148386890309493e-16 
27.32266133066533 1.362948869328737e-16 
27.33466733366683 1.61759945972768e-16 
27.34667333666833 1.91982885257595e-16 
27.35867933966983 2.278526724264174e-16 
27.37068534267134 2.7042437218163e-16 
27.38269134567284 3.209501805527077e-16 
27.39469734867434 3.809162577761512e-16 
27.40670335167584 4.520864432460443e-16 
27.41870935467734 5.365541384314492e-16 
27.43071535767884 6.3680388392491e-16 
27.44272136068034 7.557844419484775e-16 
27.45472736368184 8.969955340884564e-16 
27.46673336668334 1.064590785713435e-15 
27.47873936968484 1.263499905268353e-15 
27.49074537268634 1.499573692454552e-15 
27.50275137568784 1.779756140846509e-15 
27.51475737868935 2.112288697515052e-15 
27.52676338169085 2.50695268817023e-15 
27.53876938469235 2.975357039031542e-15 
27.55077538769385 3.531279759105584e-15 
27.56278139069535 4.191073227998816e-15 
27.57478739369685 4.974145211338208e-15 
27.58679339669835 5.903529753529589e-15 
27.59879939969985 7.006564741484773e-15 
27.61080540270135 8.315696070870538e-15 
27.62281140570285 9.869432070685744e-15 
27.63481740870435 1.171347626211534e-14 
27.64682341170585 1.390207177367247e-14 
27.65882941470735 1.649959696094938e-14 
27.67083541770885 1.958245916901812e-14 
27.68284142071035 2.324134234604403e-14 
27.69484742371186 2.758387462600693e-14 
27.70685342671336 3.273779435279041e-14 
27.71885942971486 3.885470768073758e-14 
27.73086543271636 4.611454828943572e-14 
27.74287143571786 5.473087040493585e-14 
27.75487743871936 6.495713083345209e-14 
27.76688344172086 7.709414480797573e-14 
27.77888944472236 9.149893497908442e-14 
27.79089544772386 1.085952338643727e-13 
27.80290145072536 1.288859487120314e-13 
27.81490745372686 1.529679554641112e-13 
27.82691345672836 1.815496570222453e-13 
27.83891945972987 2.154718223387696e-13 
27.85092546273136 2.557323193715772e-13 
27.86293146573287 3.035154694910545e-13 
27.87493746873437 3.602268868819698e-13 
27.88694347173587 4.275348278418535e-13 
27.89894947473737 5.074192663872069e-13 
27.91095547773887 6.022301398738097e-13 
27.92296148074037 7.147564781042627e-13 
27.93496748374187 8.483084495709647e-13 
27.94697348674337 1.006814738485247e-12 
27.95897948974487 1.194938117252729e-12 
27.97098549274637 1.418212614339422e-12 
27.98299149574787 1.683206312780405e-12 
27.99499749874937 1.997714568603247e-12 
28.00700350175088 2.370989333354678e-12 
28.01900950475238 2.814011327059033e-12 
28.03101550775388 3.339813068548547e-12 
28.04302151075538 3.963862266274991e-12 
28.05502751375688 4.704516848456277e-12 
28.06703351675838 5.58356501897215e-12 
28.07903951975988 6.626866226803663e-12 
28.09104552276138 7.865111905601856e-12 
28.10305152576288 9.33472836351292e-12 
28.11505752876438 1.107894838534239e-11 
28.12706353176588 1.314908307254205e-11 
28.13906953476738 1.560603133737316e-11 
28.15107553776889 1.852207145924821e-11 
28.16308154077038 2.19829874093743e-11 
28.17508754377189 2.609059249854712e-11 
28.18709354677339 3.09657245920256e-11 
28.19909954977489 3.675180100874879e-11 
28.21110555277639 4.361903768789562e-11 
28.22311155577789 5.176945674836241e-11 
28.23511755877939 6.144282976108979e-11 
28.24712356178089 7.292373158270088e-11 
28.25912956478239 8.65499122715145e-11 
28.27113556778389 1.027222333849188e-10 
28.28314157078539 1.219164609811968e-10 
28.29514757378689 1.446972622732455e-10 
28.30715357678839 1.717348177133119e-10 
28.31915957978989 2.038245372342647e-10 
28.3311655827914 2.419104606978704e-10 
28.34317158579289 2.871130309908816e-10 
28.3551775887944 3.407620568544241e-10 
28.3671835917959 4.044358352160265e-10 
28.3791895947974 4.800075840087758e-10 
28.3911955977989 5.6970055154004e-10 
28.4032016008004 6.76153423740797e-10 
28.4152076038019 8.024979535961269e-10 
28.4272136068034 9.524510966415833e-10 
28.4392196098049 1.130424363188353e-09 
28.4512256128064 1.3416536044687e-09 
28.4632316158079 1.592353051074876e-09 
28.47523761880941 1.88989813558711e-09 
28.4872436218109 2.243042478142174e-09 
28.49924962481241 2.662175418799229e-09 
28.51125562781391 3.159627673485794e-09 
28.52326163081541 3.750034106151465e-09 
28.53526763381691 4.450764290176953e-09 
28.54727363681841 5.28243352652173e-09 
28.55927963981991 6.269509353224693e-09 
28.57128564282141 7.441031390344124e-09 
28.58329164582291 8.831465698895114e-09 
28.59529764882441 1.048171878992123e-08 
28.60730365182591 1.244034111696159e-08 
28.61930965482741 1.476495546004316e-08 
28.63131565782891 1.752395222596511e-08 
28.64332166083042 2.079850154272116e-08 
28.65532766383192 2.46849413464821e-08 
28.66733366683342 2.92976117218644e-08 
28.67933966983492 3.477221888571854e-08 
28.69134567283642 4.126982778768241e-08 
28.70335167583792 4.898160079574735e-08 
28.71535767883942 5.813442188624226e-08 
28.72736368184092 6.899757181081031e-08 
28.73936968484242 8.189065063467827e-08 
28.75137568784392 9.719298074059339e-08 
28.76338169084542 1.153547669510337e-07 
28.77538769384692 1.369103421192785e-07 
28.78739369684843 1.624938878987421e-07 
28.79939969984992 1.928580932249649e-07 
28.81140570285143 2.288962994785242e-07 
28.82341170585293 2.716687838829886e-07 
28.83541770885443 3.22433954448262e-07 
28.84742371185593 3.826853742786359e-07 
28.85942971485743 4.541957045784779e-07 
28.87143571785893 5.390688592531316e-07 
28.88344172086043 6.398019056077758e-07 
28.89544772386193 7.593585324014132e-07 
28.90745372686343 9.012562468540207e-07 
28.91945972986493 1.069669866146057e-06 
28.93146573286643 1.26955434837619e-06 
28.94347173586793 1.506790576961511e-06 
28.95547773886943 1.788358387817002e-06 
28.96748374187094 2.122541930208622e-06 
28.97948974487243 2.519173403521548e-06 
28.99149574787394 2.989922341313702e-06 
29.00350175087544 3.548638954157302e-06 
29.01550775387694 4.211761633339216e-06 
29.02751375687844 4.998800605294336e-06 
29.03951975987994 5.932911967230621e-06 
29.05152576288144 7.04157899369605e-06 
29.06353176588294 8.357420760082056e-06 
29.07553776888444 9.919151875123427e-06 
29.08754377188594 1.17727215605639e-05 
29.09954977488744 1.397266559313082e-05 
29.11155577788895 1.658371088706957e-05 
29.12356178089044 1.968267992901342e-05 
29.13556778389195 2.336075109962902e-05 
29.14757378689345 2.772614138788043e-05 
29.15957978989495 3.29072904320027e-05 
29.17158579289645 3.905663957205955e-05 
29.18359179589795 4.635511710630484e-05 
29.19559779889945 5.501746172261018e-05 
29.20760380190095 6.529854073836665e-05 
29.21960980490245 7.750084905317765e-05 
29.23161580790395 9.198340945960421e-05 
29.24362181090545 0.0001091723361904286 
29.25562781390695 0.0001295733725196208 
29.26763381690845 0.0001537867713184138 
29.27963981990996 0.0001825249564067015 
29.29164582291146 0.0002166334843618543 
29.30365182591296 0.0002571159235595531 
29.31565782891446 0.0003051633824818587 
29.32766383191596 0.0003621895561279408 
29.33966983491746 0.0004298723217279713 
29.35167583791896 0.0005102031076681501 
29.36368184092046 0.0006055454882550351 
29.37568784392196 0.0007187047284102772 
29.38769384692346 0.0008530103245802393 
29.39969984992496 0.001012413970549248 
29.41170585292646 0.001201605830712521 
29.42371185592796 0.001426152542050128 
29.43571785892946 0.001692661005397314 
29.44772386193096 0.002008972785442158 
29.45972986493247 0.002384394839527411 
29.47173586793397 0.002829973364290992 
29.48374187093547 0.00335881881790304 
29.49574787393697 0.0039864916814788 
29.50775387693847 0.004731460310474952 
29.51975987993997 0.005615644348101487 
29.53176588294147 0.006665059690419332 
29.54377188594297 0.007910583980927513 
29.55577788894447 0.009388865158999119 
29.56778389194597 0.01114339979586111 
29.57978989494747 0.01322581294778978 
29.59179589794897 0.01569737718581992 
29.60380190095048 0.0186308154990226 
29.61580790395197 0.02211244112138288 
29.62781390695348 0.02624469724629452 
29.63981990995498 0.03114917135940807 
29.65182591295648 0.03697017288626216 
29.66383191595798 0.043878979426745 
29.67583791895948 0.05207887652172001 
29.68784392196098 0.06181113924700516 
29.69984992496248 0.07336213164340537 
29.71185592796398 0.08707173288414903 
29.72386193096548 0.1033433381207655 
29.73586793396698 0.1226557282839304 
29.74787393696849 0.1455771581105621 
29.75987993996998 0.1727820769407375 
29.77188594297149 0.2050709742985088 
29.78389194597299 0.2433939342190784 
29.79589794897449 0.2888785914167012 
29.80790395197599 0.3428633119144371 
29.81990995497749 0.4069365744899416 
29.83191595797899 0.4829837117545973 
29.84392196098049 0.5732423862456489 
29.85592796398199 0.6803684339451831 
29.86793396698349 0.8075140127093327 
29.87993996998499 0.9584203551730093 
29.89194597298649 1.137527855444488 
29.90395197598799 1.350106728966194 
29.9159579789895 1.602412090302291 
29.927963981991 1.901868012134433 
29.9399699849925 2.257285981547682 
29.951975987994 2.679124181864093 
29.9639819909955 3.179795229616389 
29.975987993997 3.774031422099712 
29.9879939969985 4.479318243253138 
30 5.316408884203494 
