6 0
6.012006003001501 4.113854251152929e-44
6.024012006003002 1.100659410419818e-43
6.036018009004502 2.516614219259519e-43
6.048024012006003 5.55449784131115e-43
6.060030015007504 1.208600797481585e-42
6.072036018009005 2.603552792125133e-42
6.084042021010506 5.55774128867268e-42
6.096048024012006 1.17594755544042e-41
6.108054027013507 2.466509484433614e-41
6.120060030015008 5.128814948529103e-41
6.132066033016509 1.057357458525506e-40
6.144072036018009 2.16136216765748e-40
6.156078039019509 4.380908459569002e-40
6.16808404202101 8.805651895093531e-40
6.180090045022511 1.755290948186684e-39
6.192096048024012 3.470214553471679e-39
6.204102051025512 6.804751624162231e-39
6.216108054027013 1.323566789799636e-38
6.228114057028514 2.553793266399411e-38
6.240120060030015 4.888327847387125e-38
6.252126063031516 9.283201955384662e-38
6.264132066033016 1.749146083352072e-37
6.276138069034517 3.270188942700455e-37
6.288144072036018 6.066881373617912e-37
6.300150075037519 1.116943505023018e-36
6.31215607803902 2.040783088161126e-36
6.32416208104052 3.700744014742302e-36
6.336168084042021 6.660919096139573e-36
6.348174087043522 1.1900309916879e-35
6.360180090045023 2.110508948425923e-35
6.372186093046524 3.715749918970437e-35
6.384192096048024 6.494734084143256e-35
6.396198099049525 1.127085543000176e-34
6.408204102051026 1.942037912433585e-34
6.420210105052527 3.322678209142107e-34
6.432216108054027 5.645114735060686e-34
6.444222111055527 9.524343515171562e-34
6.456228114057028 1.595874417591491e-33
6.468234117058529 2.655749305072951e-33
6.48024012006003 4.389582114393902e-33
6.49224612306153 7.206589276503337e-33
6.504252126063031 1.175247484220522e-32
6.516258129064532 1.903899615045562e-32
6.528264132066033 3.064049855225766e-32
6.540270135067534 4.898987148307853e-32
6.552276138069034 7.782099990450786e-32
6.564282141070535 1.228254617283013e-31
6.576288144072036 1.926202181579518e-31
6.588294147073537 3.001633683870791e-31
6.600300150075038 4.648106474229931e-31
6.612306153076538 7.152813786754247e-31
6.624312156078039 1.093905665190219e-30
6.63631815907954 1.662663122888481e-30
6.648324162081041 2.511707986202044e-30
6.660330165082541 3.771319047162834e-30
6.672336168084042 5.628531646263089e-30
6.684342171085543 8.350122139401273e-30
6.696348174087044 1.23141458566368e-29
6.708354177088545 1.805290430463217e-29
6.720360180090045 2.631106686247457e-29
6.732366183091546 3.812373073239863e-29
6.744372186093047 5.492050774210746e-29
6.756378189094547 7.866331707824039e-29
6.768384192096048 1.120274788539836e-28
6.780390195097548 1.586379822709872e-28
6.792396198099049 2.233754764608732e-28
6.80440220110055 3.12769624874337e-28
6.816408204102051 4.355009834921622e-28
6.828414207103552 6.030364961003953e-28
6.840420210105052 8.304280045258873e-28
6.852426213106553 1.137307768710421e-27
6.864432216108054 1.549119754616076e-27
6.876438219109555 2.098630194248292e-27
6.888444222111056 2.827765402052993e-27
6.900450225112556 3.78982872036568e-27
6.912456228114057 5.052151355233451e-27
6.924462231115558 6.699233256834247e-27
6.936468234117059 8.836429510948462e-27
6.948474237118559 1.159423427133459e-26
6.96048024012006 1.513320733496098e-26
6.972486243121561 1.964957724909538e-26
6.984492246123062 2.538153852007634e-26
6.996498249124563 3.261623826508003e-26
7.008504252126063 4.169741876778002e-26
7.020510255127563 5.303364625513741e-26
7.032516258129064 6.710701238777646e-26
7.044522261130565 8.448214331291722e-26
7.056528264132066 1.05815291896385e-25
7.068534267133566 1.318632226062542e-25
7.080540270135067 1.634915266894895e-25
7.092546273136568 2.016819295980163e-25
7.104552276138069 2.475380756088632e-25
7.11655827913957 3.022891994654437e-25
7.12856428214107 3.672910256124072e-25
7.140570285142571 4.440231768454131e-25
7.152576288144072 5.340823312179e-25
7.164582291145573 6.391703445463131e-25
7.176588294147074 7.610765618900049e-25
7.188594297148574 9.016535809438849e-25
7.200600300150075 1.06278580919794e-24
7.212606303151576 1.246350280069284e-24
7.224612306153077 1.454169365122038e-24
7.236618309154577 1.687955242595116e-24
7.248624312156078 1.949246257421949e-24
7.260630315157579 2.239335633278752e-24
7.27263631815908 2.559193368463827e-24
7.284642321160581 2.909382557540889e-24
7.296648324162081 3.289971818975416e-24
7.308654327163582 3.700445961863621e-24
7.320660330165083 4.139617475390618e-24
7.332666333166584 4.605541853029731e-24
7.344672336168085 5.095440147599106e-24
7.356678339169584 5.6056324691424e-24
7.368684342171085 6.131486360722667e-24
7.380690345172586 6.667384092638324e-24
7.392696348174087 7.206712880847969e-24
7.404702351175588 7.74188183971837e-24
7.416708354177088 8.264369106714935e-24
7.428714357178589 8.764802016853666e-24
7.44072036018009 9.23307245358409e-24
7.452726363181591 9.658488564676046e-24
7.464732366183092 1.00299629195281e-23
7.476738369184592 1.033623592044736e-23
7.488744372186093 1.056613189691978e-23
7.500750375187594 1.070884384959474e-23
7.512756378189095 1.075424131935276e-23
7.524762381190595 1.069319439348396e-23
7.536768384192096 1.051790548733639e-23
7.548774387193597 1.022223932192953e-23
7.560780390195098 9.802040521563352e-24
7.572786393196599 9.255427544198402e-24
7.584792396198099 8.58305128983984e-24
7.596798399199599 7.788306757787336e-24
7.6088044022011 6.877486580711472e-24
7.620810405202601 5.859866175570691e-24
7.632816408204102 4.747711625551898e-24
7.644822411205602 3.556203231464614e-24
7.656828414207103 2.303269914333936e-24
7.668834417208604 1.009332261790304e-24
7.680840420210105 -3.030450812849972e-25
7.692846423211606 -1.609587860901864e-24
7.704852426213106 -2.884826462564664e-24
7.716858429214607 -4.102679711392754e-24
7.728864432216108 -5.237094898563968e-24
7.740870435217609 -6.262727893697646e-24
7.75287643821911 -7.155644773404215e-24
7.76488244122061 -7.89402446996822e-24
7.776888444222111 -8.458840625564692e-24
7.788894447223612 -8.834500213207027e-24
7.800900450225113 -9.009416619864375e-24
7.812906453226613 -8.976495817752515e-24
7.824912456228114 -8.733515985076635e-24
7.836918459229615 -8.283383454745037e-24
7.848924462231116 -7.634251114621491e-24
7.860930465232617 -6.799489270437331e-24
7.872936468234117 -5.797503398654653e-24
7.884942471235618 -4.651398022272205e-24
7.896948474237119 -3.388490977822268e-24
7.90895447723862 -2.039687431838535e-24
7.920960480240121 -6.387279666317267e-25
7.932966483241621 7.786702966440631e-25
7.944972486243121 2.175756413851667e-24
7.956978489244622 3.515745551357782e-24
7.968984492246123 4.762846822596571e-24
7.980990495247624 5.883287943917071e-24
7.992996498249124 6.846304868989717e-24
8.005002501250626 7.625064868994687e-24
8.017008504252125 8.197492912942458e-24
8.029014507253628 8.546973643287611e-24
8.041020510255127 8.662904671827896e-24
8.053026513256629 8.54108123738079e-24
8.065032516258128 8.183897333731496e-24
8.077038519259631 7.600354068188233e-24
8.08904452226113 6.805872058905442e-24
8.101050525262632 5.821910917559203e-24
8.113056528264131 4.675405078930943e-24
8.125062531265632 3.398031215300748e-24
8.137068534267133 2.025328003581062e-24
8.149074537268634 5.956939036082307e-25
8.161080540270135 -8.507073139501708e-25
8.173086543271635 -2.273100424793808e-24
8.185092546273136 -3.631277063682462e-24
8.197098549274637 -4.886762633030374e-24
8.209104552276138 -6.003936184241458e-24
8.221110555277638 -6.951069042775934e-24
8.233116558279139 -7.701250450892103e-24
8.24512256128064 -8.233172026779109e-24
8.257128564282141 -8.531747263723881e-24
8.269134567283642 -8.588547466451089e-24
8.281140570285142 -8.402041267935315e-24
8.293146573286643 -7.977630995257525e-24
8.305152576288144 -7.327485453155298e-24
8.317158579289645 -6.470174961096859e-24
8.329164582291146 -5.430120510201671e-24
8.341170585292646 -4.23687450719879e-24
8.353176588294147 -2.924255568253925e-24
8.365182591295648 -1.529364063259815e-24
8.377188594297149 -9.150846627897071e-26
8.389194597298649 1.348925053258907e-24
8.40120060030015 2.751626020876034e-24
8.413206603301651 4.077501968372677e-24
8.425212606303152 5.289776372781567e-24
8.437218609304653 6.355010702401084e-24
8.449224612306153 7.24402175226466e-24
8.461230615307654 7.932668980782432e-24
8.473236618309155 8.402490787633487e-24
8.485242621310656 8.641173453914328e-24
8.497248624312157 8.642841639069235e-24
8.509254627313657 8.408164727189211e-24
8.521260630315158 7.944278767713033e-24
8.533266633316659 7.264529095205697e-24
8.54527263631816 6.388043781344831e-24
8.55727863931966 5.339152724132116e-24
8.569284642321161 4.146671286771589e-24
8.58129064532266 2.843070854549052e-24
8.593296648324163 1.463561398627515e-24
8.605302651325662 4.511306238724068e-26
8.617308654327164 -1.37455511384735e-24
8.629314657328663 -2.757990946766957e-24
8.641320660330166 -4.069001507309128e-24
8.653326663331665 -5.273595645777805e-24
8.665332666333168 -6.340852158587068e-24
8.677338669334667 -7.24369176665177e-24
8.689344672336169 -7.959534261738454e-24
8.701350675337668 -8.470825784485387e-24
8.713356678339169 -8.765425109517905e-24
8.72536268134067 -8.836841908231877e-24
8.737368684342171 -8.68432411707964e-24
8.749374687343671 -8.312795640542943e-24
8.761380690345172 -7.732649551879096e-24
8.773386693346673 -6.959405619031845e-24
8.785392696348174 -6.013244287714704e-24
8.797398699349674 -4.918432122373852e-24
8.809404702351175 -3.70265607782293e-24
8.821410705352676 -2.396285805503983e-24
8.833416708354177 -1.031584461160293e-24
8.845422711355678 3.581108354316065e-25
8.857428714357178 1.73921762751297e-24
8.869434717358679 3.078725015996475e-24
8.88144072036018 4.34497896224985e-24
8.893446723361681 5.5084175700106e-24
8.905452726363182 6.542239761414831e-24
8.917458729364682 7.422992954195924e-24
8.929464732366183 8.131067815833589e-24
8.941470735367684 8.651090840701368e-24
8.953476738369185 8.972208291363415e-24
8.965482741370685 9.088257889079329e-24
8.977488744372186 8.997827457730846e-24
8.989494747373687 8.704202450707402e-24
9.001500750375188 8.215206858484007e-24
9.013506753376689 7.542944349751997e-24
9.025512756378189 6.703448593221179e-24
9.03751875937969 5.716253501886563e-24
9.049524762381191 4.603895607367271e-24
9.061530765382692 3.391361889258287e-24
9.073536768384193 2.105497143288002e-24
9.085542771385693 7.743853716746644e-25
9.097548774387194 -5.732802725451375e-25
9.109554777388695 -1.908824742291121e-24
9.121560780390196 -3.204201908287284e-24
9.133566783391696 -4.43257616158004e-24
9.145572786393197 -5.568863172309464e-24
9.157578789394698 -6.590219510356195e-24
9.169584792396197 -7.476472342528046e-24
9.1815907953977 -8.210482056307335e-24
9.193596798399199 -8.778432378698963e-24
9.205602801400701 -9.170044317765798e-24
9.2176088044022 -9.378712012902236e-24
9.229614807403703 -9.401560299063744e-24
9.241620810405202 -9.23942543439431e-24
9.253626813406704 -8.896761978149453e-24
9.265632816408203 -8.381480208804792e-24
9.277638819409706 -7.704719717753832e-24
9.289644822411205 -6.880565883771792e-24
9.301650825412706 -5.925716814110276e-24
9.313656828414207 -4.859109021244663e-24
9.325662831415707 -3.701510586228031e-24
9.337668834417208 -2.47509084111356e-24
9.349674837418709 -1.202975689047838e-24
9.36168084042021 9.120241976684523e-26
9.37368684342171 1.383751112743945e-24
9.385692846423211 2.651353010630901e-24
9.397698849424712 3.871481200304763e-24
9.409704852426213 5.022788228685595e-24
9.421710855427714 6.085462381568552e-24
9.433716858429214 7.04154589125512e-24
9.445722861430715 7.875210655547081e-24
9.457728864432216 8.572988026398493e-24
9.469734867433717 9.123950218367737e-24
9.481740870435218 9.519841875019314e-24
9.493746873436718 9.755161296972449e-24
9.505752876438219 9.827191761368562e-24
9.51775887943972 9.73598423395666e-24
9.529764882441221 9.484293578615246e-24
9.541770885442721 9.077471093911956e-24
9.553776888444222 8.52331684342015e-24
9.565782891445723 7.831895789352511e-24
9.577788894447224 7.015322183219494e-24
9.589794897448725 6.087517010369562e-24
9.601800900450225 5.063943527146256e-24
9.613806903451726 3.961326071592453e-24
9.625812906453227 2.797357374453218e-24
9.637818909454728 1.590399551533898e-24
9.649824912456229 3.591838274171123e-25
9.661830915457729 -8.774861685565481e-25
9.67383691845923 -2.101022972083481e-24
9.685842921460731 -3.29333149739017e-24
9.697848924462232 -4.437069063786375e-24
9.709854927463732 -5.51588583797248e-24
9.721860930465233 -6.514642760267457e-24
9.733866933466732 -7.419604510883514e-24
9.745872936468235 -8.218605573417764e-24
9.757878939469734 -8.901187957863694e-24
9.769884942471236 -9.458709646202394e-24
9.781890945472735 -9.884423312186898e-24
9.793896948474238 -1.017352533617695e-23
9.805902951475737 -1.032317557951545e-23
9.81790895447724 -1.033248879549455e-23
9.829914957478739 -1.020249893084224e-23
9.841920960480241 -9.936097909177898e-24
9.85392696348174 -9.537950783198049e-24
9.865932966483243 -9.014389393511618e-24
9.877938969484742 -8.373286877916886e-24
9.889944972486242 -7.623915535156638e-24
9.901950975487743 -6.776790662206875e-24
9.913956978489244 -5.843503055006235e-24
9.925962981490745 -4.836542890905394e-24
9.937968984492246 -3.769117699214325e-24
9.949974987493746 -2.654967076721582e-24
9.961980990495247 -1.50817672101307e-24
9.973986993496748 -3.429942391876594e-25
9.985992996498249 8.263509532483679e-25
9.99799899949975 1.985821495172527e-24
10.01000500250125 3.121737742818986e-24
10.02201100550275 4.220933474174014e-24
10.03401700850425 5.270900091057216e-24
10.04602301150575 6.259917998704882e-24
10.05802901450725 7.177174071145686e-24
10.07003501750875 8.012864340629666e-24
10.08204102051026 8.758281277626062e-24
10.09404702351176 9.405885251484223e-24
10.10605302651326 9.949359978062577e-24
10.11805902951476 1.038365196708163e-23
10.13006503251626 1.070499417653266e-23
10.14207103551776 1.091091426240654e-23
10.15407703851926 1.100022797780008e-23
10.16608304152076 1.097301842494745e-23
10.17808904452226 1.083060199603717e-23
10.19009504752376 1.057548195322718e-23
10.20210105052526 1.021129069475409e-23
10.21410705352676 9.742721832397219e-24
10.22611305652826 9.175453265992159e-24
10.23811905952977 8.516062483595369e-24
10.25012506253126 7.771935341888206e-24
10.26213106553277 6.95116959124411e-24
10.27413706853427 6.062474404492315e-24
10.28614307153577 5.115067148843295e-24
10.29814907453727 4.118568607844969e-24
10.31015507753877 3.082897815845695e-24
10.32216108054027 2.018167612535031e-24
10.33416708354177 9.345819610400279e-25
10.34617308654327 -1.57663998884575e-25
10.35817908954477 -1.248480269483634e-24
10.37018509254627 -2.327973875995267e-24
10.38219109554777 -3.386535588097734e-24
10.39419709854927 -4.414920850093751e-24
10.40620310155078 -5.404324379789717e-24
10.41820910455228 -6.346447988060742e-24
10.43021510755378 -7.233561262446927e-24
10.44222111055528 -8.058554847845101e-24
10.45422711355678 -8.814986144574286e-24
10.46623311655828 -9.497117328022634e-24
10.47823911955978 -1.009994567404754e-23
10.49024512256128 -1.061922624970337e-23
10.50225112556278 -1.105148709921713e-23
10.51425712856428 -1.139403712001635e-23
10.52626313156578 -1.164496688271721e-23
10.53826913456728 -1.180314270207441e-23
10.55027513756878 -1.186819431282699e-23
10.56228114057028 -1.184049654507727e-23
10.57428714357179 -1.172114542830911e-23
10.58629314657329 -1.151192918145559e-23
10.59829914957479 -1.121529456868755e-23
10.61030515257629 -1.083430911699775e-23
10.62231115557779 -1.037261970242203e-23
10.63431715857929 -9.834408017144035e-24
10.64632316158079 -9.224343430074357e-24
10.65832916458229 -8.54753374911385e-24
10.67033516758379 -7.809474384560958e-24
10.68234117058529 -7.015996400379328e-24
10.69434717358679 -6.173213923693072e-24
10.70635317658829 -5.287471363316715e-24
10.7183591795898 -4.365290865752109e-24
10.7303651825913 -3.413320412294238e-24
10.7423711855928 -2.438282934068946e-24
10.7543771885943 -1.446926793362091e-24
10.7663831915958 -4.459779498600119e-25
10.7783891945973 5.579059002408141e-25
10.7903951975988 1.558178955543277e-24
10.8024012006003 2.548448485980365e-24
10.8144072036018 3.522513360852809e-24
10.8264132066033 4.474399765838549e-24
10.8384192096048 5.398393977061698e-24
10.8504252126063 6.289072090147307e-24
10.8624312156078 7.14132663103804e-24
10.87443721860931 7.950390003030548e-24
10.8864432216108 8.711854750845574e-24
10.89844922461231 9.421690647444945e-24
10.91045522761381 1.007625863263885e-23
10.92246123061531 1.067232165420173e-23
10.93446723361681 1.120705248216612e-23
10.94647323661831 1.16780385851448e-23
10.95847923961981 1.208328417391313e-23
10.97048524262131 1.242120953205635e-23
10.98249124562281 1.269064776625421e-23
10.99449724862431 1.289083911976011e-23
11.00650325162581 1.302142300186698e-23
11.01850925462731 1.308242789368267e-23
11.03051525762881 1.307425929642236e-23
11.04252126063032 1.299768589272973e-23
11.05452726363182 1.285382409433561e-23
11.06653326663332 1.264412115073718e-23
11.07853926963482 1.237033699361447e-23
11.09054527263632 1.203452499048998e-23
11.10255127563782 1.16390117787722e-23
11.11455727863932 1.118637634790241e-23
11.12656328164082 1.067942853294546e-23
11.13856928464232 1.012118707772585e-23
11.15057528764382 9.514857419607099e-24
11.16258129064532 8.863809341343245e-24
11.17458729364682 8.171554628189048e-24
11.18659329664832 7.441724860731979e-24
11.19859929964982 6.678049465792745e-24
11.21060530265133 5.884334139316719e-24
11.22261130565283 5.064439746526726e-24
11.23461730865433 4.222261795805182e-24
11.24662331165583 3.36171057389196e-24
11.25862931465733 2.486692021090675e-24
11.27063531765883 1.601089416332851e-24
11.28264132066033 7.087459332135306e-25
11.29464732366183 -1.86551880464318e-25
11.30665332666333 -1.081089655469172e-24
11.31865932966483 -1.97123975019762e-24
11.33066533266633 -2.853474767797183e-24
11.34267133566783 -3.724380020661235e-24
11.35467733866933 -4.580664928773371e-24
11.36668334167084 -5.419173345180799e-24
11.37868934467234 -6.236892808290903e-24
11.39069534767384 -7.03096272669684e-24
11.40270135067534 -7.798681507836563e-24
11.41470735367684 -8.537512646967042e-24
11.42671335667834 -9.245089797688569e-24
11.43871935967984 -9.919220849581848e-24
11.45072536268134 -1.055789104242514e-23
11.46273136568284 -1.115926514994555e-23
11.47473736868434 -1.172168876913429e-23
11.48674337168584 -1.224368875383064e-23
11.49874937468734 -1.272397283356359e-23
11.51075537768885 -1.316142846054856e-23
11.52276138069034 -1.355512092928231e-23
11.53476738369185 -1.39042908143782e-23
11.54677338669335 -1.420835077315488e-23
11.55877938969485 -1.446688176004845e-23
11.57078539269635 -1.467962870018402e-23
11.58279139569785 -1.484649566943203e-23
11.59479739869935 -1.49675406280098e-23
11.60680340170085 -1.504296975418729e-23
11.61880940470235 -1.50731314239376e-23
11.63081540770385 -1.50585098814573e-23
11.64282141070535 -1.499971864438679e-23
11.65482741370685 -1.489749368630642e-23
11.66683341670835 -1.475268643768827e-23
11.67883941970986 -1.456625664496253e-23
11.69084542271136 -1.433926512573035e-23
11.70285142571286 -1.407286645643759e-23
11.71485742871436 -1.376830162703064e-23
11.72686343171586 -1.34268906952641e-23
11.73886943471736 -1.305002547143177e-23
11.75087543771886 -1.263916226236315e-23
11.76288144072036 -1.219581470157873e-23
11.77488744372186 -1.172154669054017e-23
11.78689344672336 -1.121796547397892e-23
11.79889944972486 -1.068671487034667e-23
11.81090545272636 -1.01294686765137e-23
11.82291145572786 -9.547924263955893e-24
11.83491745872936 -8.943796381823282e-24
11.84692346173087 -8.31881118048203e-24
11.85892946473237 -7.674700467371693e-24
11.87093546773387 -7.013196205326834e-24
11.88294147073537 -6.336025261880878e-24
11.89494747373687 -5.64490441650478e-24
11.90695347673837 -4.9415356312361e-24
11.91895947973987 -4.227601588729132e-24
11.93096548274137 -3.504761500405162e-24
11.94297148574287 -2.774647186105551e-24
11.95497748874437 -2.03885942545006e-24
11.96698349174587 -1.298964579979417e-24
11.97898949474737 -5.564914841142763e-25
11.99099549774887 1.870713980075103e-25
12.00300150075038 9.302785536478845e-25
12.01500750375187 1.671729745192149e-24
12.02701350675338 2.410072081877785e-24
12.03901950975488 3.144001845601725e-24
12.05102551275638 3.872266077483886e-24
12.06303151575788 4.593663932401529e-24
12.07503751875938 5.307047809180168e-24
12.08704352176088 6.011324264534618e-24
12.09904952476238 6.705454719201247e-24
12.11105552776388 7.388455964991747e-24
12.12306153076538 8.059400481732915e-24
12.13506753376688 8.717416573238705e-24
12.14707353676839 9.36168833159291e-24
12.15907953976988 9.991455439106506e-24
12.17108554277139 1.06060128173553e-23
12.18309154577289 1.120471013270445e-23
12.19509754877439 1.178695116768937e-23
12.20710355177589 1.235219306755004e-23
12.21910955477739 1.289994547111127e-23
12.23111555777889 1.342976953506669e-23
12.24312156078039 1.394127686056328e-23
12.25512756378189 1.443412833079715e-23
12.26713356678339 1.490803286812371e-23
12.27913956978489 1.536274611895805e-23
12.29114557278639 1.579806907449721e-23
12.30315157578789 1.621384663503653e-23
12.31515757878939 1.660996612538038e-23
12.3271635817909 1.698635576856466e-23
12.3391695847924 1.734298312481705e-23
12.3511755877939 1.767985350238197e-23
12.3631815907954 1.799700834653382e-23
12.3751875937969 1.829452361279398e-23
12.3871935967984 1.857250813005762e-23
12.3991995997999 1.883110195902593e-23
12.4112056028014 1.907047475102915e-23
12.4232116058029 1.929082411201759e-23
12.4352176088044 1.949237397619277e-23
12.4472236118059 1.9675372993449e-23
12.4592296148074 1.984009293449913e-23
12.4712356178089 1.99868271172669e-23
12.48324162081041 2.011588885784382e-23
12.49524762381191 2.022760994903043e-23
12.50725362681341 2.032233916921191e-23
12.51925962981491 2.040044082405548e-23
12.53126563281641 2.046229332326402e-23
12.54327163581791 2.050828779437506e-23
12.55527763881941 2.053882673535938e-23
12.56728364182091 2.055432270754687e-23
12.57928964482241 2.055519707019138e-23
12.59129564782391 2.054187875777911e-23
12.60330165082541 2.051480310098867e-23
12.61530765382691 2.047441069202385e-23
12.62731365682841 2.042114629486286e-23
12.63931965982992 2.035545780080069e-23
12.65132566283141 2.027779522950372e-23
12.66333166583292 2.018860977564768e-23
12.67533766883442 2.00883529010717e-23
12.68734367183592 1.997747547225212e-23
12.69934967483742 1.985642694277961e-23
12.71135567783892 1.972565458041222e-23
12.72336168084042 1.958560273817452e-23
12.73536768384192 1.943671216887887e-23
12.74737368684342 1.927941938235934e-23
12.75937968984492 1.911415604463068e-23
12.77138569284642 1.894134841811437e-23
12.78339169584793 1.876141684201102e-23
12.79539769884942 1.85747752518422e-23
12.80740370185093 1.838183073713558e-23
12.81940970485243 1.818298313618456e-23
12.83141570785393 1.797862466677656e-23
12.84342171085543 1.776913959175347e-23
12.85542771385693 1.755490391824227e-23
12.86743371685843 1.733628512937341e-23
12.87943971985993 1.711364194728947e-23
12.89144572286143 1.688732412623586e-23
12.90345172586293 1.665767227451874e-23
12.91545772886443 1.642501770411321e-23
12.92746373186593 1.618968230670606e-23
12.93946973486743 1.595197845496237e-23
12.95147573786893 1.571220892781341e-23
12.96348174087044 1.547066685857418e-23
12.97548774387194 1.522763570471311e-23
12.98749374687344 1.498338923811256e-23
12.99949974987494 1.473819155467732e-23
13.01150575287644 1.449229710216929e-23
13.02351175587794 1.424595072516866e-23
13.03551775887944 1.399938772608635e-23
13.04752376188094 1.375283394117789e-23
13.05952976488244 1.350650583053598e-23
13.07153576788394 1.326061058106668e-23
13.08354177088544 1.301534622148339e-23
13.09554777388694 1.277090174838234e-23
13.10755377688844 1.252745726249354e-23
13.11955977988995 1.228518411423207e-23
13.13156578289145 1.204424505770585e-23
13.14357178589295 1.18047944123673e-23
13.15557778889445 1.156697823152798e-23
13.16758379189595 1.133093447698692e-23
13.17958979489745 1.10967931990548e-23
13.19159579789895 1.086467672128771e-23
13.20360180090045 1.063469982927507e-23
13.21560780390195 1.040696996285756e-23
13.22761380690345 1.01815874111809e-23
13.23961980990495 9.958645510021765e-24
13.25162581290645 9.738230840851266e-24
13.26363181590795 9.520423431130798e-24
13.27563781890946 9.305296955363011e-24
13.28764382191095 9.092918936448744e-24
13.29964982491246 8.883350946927621e-24
13.31165582791396 8.676648809706516e-24
13.32366183091546 8.472862797905597e-24
13.33566783391696 8.272037833476751e-24
13.34767383691846 8.07421368427309e-24
13.35967983991996 7.879425159271807e-24
13.37168584292146 7.687702301675038e-24
13.38369184592296 7.499070579635296e-24
13.39569784892446 7.313551074372864e-24
13.40770385192596 7.131160665472809e-24
13.41970985492746 6.951912213168553e-24
13.43171585792896 6.775814737437538e-24
13.44372186093047 6.60287359375221e-24
13.45572786393197 6.433090645346631e-24
13.46773386693347 6.266464431875071e-24
13.47973986993497 6.102990334354492e-24
13.49174587293647 5.942660736297412e-24
13.50375187593797 5.785465180955586e-24
13.51575787893947 5.631390524608152e-24
13.52776388194097 5.480421085840365e-24
13.53976988494247 5.332538790770808e-24
13.55177588794397 5.187723314196132e-24
13.56378189094547 5.045952216632767e-24
13.57578789394697 4.90720107724493e-24
13.58779389694847 4.771443622657346e-24
13.59979989994997 4.638651851659814e-24
13.61180590295148 4.508796155818634e-24
13.62381190595298 4.381845436017423e-24
13.63581790895448 4.257767214956741e-24
13.64782391195598 4.136527745648302e-24
13.65982991495748 4.018092115945442e-24
13.67183591795898 3.902424349156914e-24
13.68384192096048 3.789487500795988e-24
13.69584792396198 3.679243751521355e-24
13.70785392696348 3.571654496330378e-24
13.71985992996498 3.466680430068916e-24
13.73186593296648 3.364281629325198e-24
13.74387193596798 3.264417630778196e-24
13.75587793896949 3.167047506073434e-24
13.76788394197099 3.072129933301465e-24
13.77988994497248 2.979623265156164e-24
13.79189594797399 2.889485593851581e-24
13.80390195097549 2.801674812877494e-24
13.81590795397699 2.716148675674848e-24
13.82791395697849 2.632864851313139e-24
13.83991995997999 2.551780977252397e-24
13.85192596298149 2.472854709272795e-24
13.86393196598299 2.396043768655135e-24
13.87593796898449 2.32130598669544e-24
13.88794397198599 2.248599346636679e-24
13.89994997498749 2.177882023100379e-24
13.911955977989 2.109112419100293e-24
13.92396198099049 2.042249200719742e-24
13.935967983992 1.977251329533429e-24
13.9479739869935 1.91407809285367e-24
13.959979989995 1.852689131879995e-24
13.9719859929965 1.793044467829975e-24
13.983991995998 1.735104526127963e-24
13.9959979989995 1.678830158727184e-24
14.008004002001 1.624182664639264e-24
14.0200100050025 1.571123808743918e-24
14.032016008004 1.519615838950052e-24
14.0440220110055 1.469621501778052e-24
14.056028014007 1.42110405643147e-24
14.0680340170085 1.374027287424769e-24
14.08004002001 1.328355515832163e-24
14.09204602301151 1.284053609220964e-24
14.10405202601301 1.241086990331206e-24
14.11605802901451 1.199421644561634e-24
14.12806403201601 1.159024126320493e-24
14.14007003501751 1.119861564297862e-24
14.15207603801901 1.081901665714598e-24
14.16408204102051 1.045112719601275e-24
14.17608804402201 1.009463599158855e-24
14.18809404702351 9.749237632511172e-25
14.20010005002501 9.414632570772694e-25
14.21210605302651 9.090527120715057e-25
14.22411205602801 8.776633450746539e-25
14.23611805902951 8.472669568214614e-25
14.24812406203102 8.178359297854931e-25
14.26013006503252 7.893432254220516e-25
14.27213606803402 7.61762380848004e-25
14.28414207103552 7.35067504995892e-25
14.29614807403702 7.092332742782302e-25
14.30815407703852 6.842349277964422e-25
14.32016008004002 6.600482621274721e-25
14.33216608304152 6.366496257197141e-25
14.34417208604302 6.140159129285541e-25
14.35617808904452 5.921245577204822e-25
14.36818409204602 5.709535270734525e-25
14.38019009504752 5.504813140998978e-25
14.39219609804903 5.306869309175853e-25
14.40420210105053 5.115499012923004e-25
14.41620810405203 4.930502530751899e-25
14.42821410705353 4.751685104564629e-25
14.44022011005503 4.578856860560549e-25
14.45222611305653 4.411832728707986e-25
14.46423211605803 4.25043236096617e-25
14.47623811905953 4.094480048432522e-25
14.48824412206103 3.943804637580848e-25
14.50025012506253 3.798239445746594e-25
14.51225612806403 3.657622176006357e-25
14.52426213106553 3.52179483159007e-25
14.53626813406703 3.390603629955913e-25
14.54827413706853 3.263898916649875e-25
14.56028014007003 3.141535079064043e-25
14.57228614307154 3.023370460200204e-25
14.58429214607304 2.909267272538044e-25
14.59629814907454 2.799091512100246e-25
14.60830415207604 2.692712872800092e-25
14.62031015507754 2.590004661150688e-25
14.63231615807904 2.49084371140871e-25
14.64432216108054 2.39511030121964e-25
14.65632816408204 2.302688067825676e-25
14.66833416708354 2.21346392489206e-25
14.68034017008504 2.127327980002241e-25
14.69234617308654 2.044173452867252e-25
14.70435217608804 1.96389659428983e-25
14.71635817908954 1.886396605919137e-25
14.72836418209105 1.811575560827506e-25
14.74037018509255 1.739338324936331e-25
14.75237618809405 1.66959247931416e-25
14.76438219109555 1.602248243366092e-25
14.77638819409705 1.537218398929852e-25
14.78839419709855 1.474418215290298e-25
14.80040020010005 1.413765375120646e-25
14.81240620310155 1.355179901355435e-25
14.82441220610305 1.29858408499703e-25
14.83641820910455 1.243902413854443e-25
14.84842421210605 1.191061502210314e-25
14.86043021510755 1.1399900214091e-25
14.87243621810905 1.090618631356798e-25
14.88444222111056 1.042879912919938e-25
14.89644822411206 9.967083012090781e-26
14.90845422711356 9.520400197296071e-26
14.92046023011506 9.088130153803248e-26
14.93246623311656 8.669668942780126e-26
14.94447223611806 8.264428583840099e-26
14.95647823911956 7.871836429066757e-26
14.96848424212106 7.491334544515477e-26
14.98049024512256 7.122379098889741e-26
14.99249624812406 6.764439759070229e-26
15.00450225112556 6.416999092155151e-26
15.01650825412706 6.079551973651192e-26
15.02851425712857 5.751605001435582e-26
15.04052026013007 5.432675915090996e-26
15.05252626313157 5.122293020196505e-26
15.06453226613307 4.819994617139219e-26
15.07653826913457 4.525328433992758e-26
15.08854427213607 4.237851062990168e-26
15.10055027513757 3.95712740010017e-26
15.11255627813907 3.682730087196772e-26
15.12456228114057 3.414238956293233e-26
15.13656828414207 3.151240475291891e-26
15.14857428714357 2.893327194681677e-26
15.16058029014507 2.640097194594887e-26
15.17258629314657 2.39115353161417e-26
15.18459229614807 2.146103684699372e-26
15.19659829914957 1.904558999582094e-26
15.20860430215108 1.666134130953226e-26
15.22061030515258 1.430446481745402e-26
15.23261630815408 1.197115638788226e-26
15.24462231115558 9.657628040890361e-27
15.25662831415708 7.360102209659721e-27
15.26863431715858 5.074805942330694e-27
15.28064032016008 2.797965036088732e-27
15.29264632316158 5.257980949070703e-28
15.30465232616308 -1.745489497939767e-27
15.31665832916458 -4.019711701797851e-27
15.32866433216608 -6.300708044532492e-27
15.34067033516758 -8.592349962295668e-27
15.35267633816908 -1.089854726342135e-26
15.36468234117059 -1.322325472709222e-26
15.37668834417209 -1.557047884782427e-26
15.38869434717359 -1.794428473723776e-26
15.40070035017509 -2.034880319502609e-26
15.41270635317659 -2.278823796149828e-26
15.42471235617809 -2.526687316455788e-26
15.43671835917959 -2.778908097449242e-26
15.44872436218109 -3.035932948048378e-26
15.46073036518259 -3.298219080331273e-26
15.47273636818409 -3.56623494593218e-26
15.48474237118559 -3.8404610991321e-26
15.49674837418709 -4.121391088277169e-26
15.50875437718859 -4.409532377226743e-26
15.5207603801901 -4.705407298604838e-26
15.5327663831916 -5.009554040703887e-26
15.5447723861931 -5.322527669968808e-26
15.5567783891946 -5.64490119107248e-26
15.5687843921961 -5.977266646680769e-26
15.5807903951976 -6.320236259096761e-26
15.5927963981991 -6.674443616069889e-26
15.6048024012006 -7.04054490315641e-26
15.6168084042021 -7.419220185123468e-26
15.6288144072036 -7.811174739000069e-26
15.6408204102051 -8.217140441494737e-26
15.6528264132066 -8.637877213622071e-26
15.6648324162081 -9.074174525508611e-26
15.6768384192096 -9.526852964483327e-26
15.6888444222111 -9.996765869699178e-26
15.70085042521261 -1.048480103668073e-25
15.71285642821411 -1.099188249534838e-25
15.72486243121561 -1.15189723652329e-25
15.73686843421711 -1.206707279176588e-25
15.74887443721861 -1.263722796771063e-25
15.76088044022011 -1.323052624398758e-25
15.77288644322161 -1.384810233434555e-25
15.78489244622311 -1.449113961853807e-25
15.79689844922461 -1.516087254888182e-25
15.80890445222611 -1.58585891653026e-25
15.82091045522761 -1.658563372421406e-25
15.83291645822911 -1.734340944682577e-25
15.84492246123061 -1.813338139274118e-25
15.85692846423212 -1.895707946498231e-25
15.86893446723362 -1.981610155286867e-25
15.88094047023512 -2.071211681948221e-25
15.89294647323662 -2.164686914076911e-25
15.90495247623812 -2.262218070366472e-25
15.91695847923962 -2.363995577097872e-25
15.92896448224112 -2.470218462114661e-25
15.94097048524262 -2.581094767133952e-25
15.95297648824412 -2.696841979283049e-25
15.96498249124562 -2.817687482793979e-25
15.97698849424712 -2.943869031832845e-25
15.98899449724862 -3.075635245487655e-25
16.00100050025013 -3.213246125987385e-25
16.01300650325162 -3.356973601276422e-25
16.02501250625313 -3.507102093122614e-25
16.03701850925463 -3.663929111993637e-25
16.04902451225613 -3.827765879995891e-25
16.06103051525763 -3.998937983232301e-25
16.07303651825913 -4.1777860550008e-25
16.08504252126063 -4.36466649132373e-25
16.09704852426213 -4.559952200370284e-25
16.10905452726363 -4.764033387409455e-25
16.12106053026513 -4.97731837701003e-25
16.13306653326664 -5.200234474287068e-25
16.14507253626813 -5.433228867081284e-25
16.15707853926963 -5.676769571048951e-25
16.16908454227114 -5.931346419735643e-25
16.18109054527264 -6.197472101807481e-25
16.19309654827414 -6.475683247718814e-25
16.20510255127564 -6.76654156820567e-25
16.21710855427714 -7.070635047110158e-25
16.22911455727864 -7.388579191162425e-25
16.24112056028014 -7.721018339474283e-25
16.25312656328164 -8.068627035632207e-25
16.26513256628314 -8.432111465417658e-25
16.27713856928464 -8.812210963329723e-25
16.28914457228614 -9.209699591239404e-25
16.30115057528764 -9.62538779266663e-25
16.31315657828915 -1.00601241263409e-24
16.32516258129064 -1.051479708288448e-24
16.33716858429214 -1.099033698864401e-24
16.34917458729365 -1.148771800089212e-24
16.36118059029515 -1.20079601988265e-24
16.37318659329665 -1.255213177500922e-24
16.38519259629815 -1.312135133211569e-24
16.39719859929965 -1.371679029009963e-24
16.40920460230115 -1.433967540912958e-24
16.42121060530265 -1.499129143391376e-24
16.43321660830415 -1.567298386530385e-24
16.44522261130565 -1.638616186535605e-24
16.45722861430716 -1.713230130232913e-24
16.46923461730865 -1.791294794241568e-24
16.48124062031015 -1.872972079533495e-24
16.49324662331166 -1.958431562126339e-24
16.50525262631316 -2.047850860694513e-24
16.51725862931466 -2.141416021920741e-24
16.52926463231616 -2.239321924450847e-24
16.54127063531766 -2.341772702356736e-24
16.55327663831916 -2.448982189056797e-24
16.56528264132066 -2.561174382689395e-24
16.57728864432216 -2.67858393398388e-24
16.58929464732366 -2.801456657724682e-24
16.60130065032516 -2.930050068957707e-24
16.61330665332666 -3.064633945144569e-24
16.62531265632816 -3.205490915529265e-24
16.63731865932967 -3.352917079043885e-24
16.64932466233117 -3.507222652144998e-24
16.66133066533267 -3.668732648040611e-24
16.67333666833417 -3.837787588839196e-24
16.68534267133567 -4.014744252227449e-24
16.69734867433717 -4.199976454362291e-24
16.70935467733867 -4.393875870745358e-24
16.72136068034017 -4.596852896935081e-24
16.73336668334167 -4.809337551042534e-24
16.74537268634317 -5.031780420052899e-24
16.75737868934467 -5.264653652114659e-24
16.76938469234617 -5.508451997043985e-24
16.78139069534767 -5.763693897402254e-24
16.79339669834918 -6.030922632620563e-24
16.80540270135068 -6.310707518766846e-24
16.81740870435218 -6.603645166678814e-24
16.82941470735368 -6.910360801320053e-24
16.84142071035518 -7.231509645357161e-24
16.85342671335668 -7.567778370103464e-24
16.86543271635818 -7.919886617129722e-24
16.87743871935968 -8.288588594004798e-24
16.88944472236118 -8.6746747477999e-24
16.90145072536268 -9.078973520169015e-24
16.91345672836418 -9.50235318800612e-24
16.92546273136568 -9.945723793876955e-24
16.93746873436718 -1.041003917063014e-23
16.94947473736868 -1.089629906480972e-23
16.96148074037018 -1.140555136371909e-23
16.97348674337169 -1.193889443122586e-23
16.98549274637319 -1.249747955764795e-23
16.99749874937469 -1.308251352932547e-23
17.00950475237619 -1.369526132375887e-23
17.02151075537769 -1.433704893648507e-23
17.03351675837919 -1.50092663461675e-23
17.04552276138069 -1.571337062469636e-23
17.05752876438219 -1.645088919943095e-23
17.06953476738369 -1.722342327506877e-23
17.08154077038519 -1.803265142299579e-23
17.09354677338669 -1.888033334636079e-23
17.10555277638819 -1.976831382952466e-23
17.1175587793897 -2.069852688096287e-23
17.1295647823912 -2.167300007914911e-23
17.14157078539269 -2.269385913141933e-23
17.1535767883942 -2.376333265631037e-23
17.1655827913957 -2.488375720038715e-23
17.1775887943972 -2.60575825011173e-23
17.1895947973987 -2.728737700792541e-23
17.2016008004002 -2.857583367415922e-23
17.2136068034017 -2.992577603333161e-23
17.2256128064032 -3.134016457366422e-23
17.2376188094047 -3.282210342565381e-23
17.2496248124062 -3.437484737811252e-23
17.26163081540771 -3.600180923889901e-23
17.27363681840921 -3.770656755736215e-23
17.2856428214107 -3.949287472636318e-23
17.29764882441221 -4.13646654826286e-23
17.30965482741371 -4.332606582511687e-23
17.32166083041521 -4.538140237205889e-23
17.33366683341671 -4.753521217835774e-23
17.34567283641821 -4.979225303611033e-23
17.35767883941971 -5.21575142821436e-23
17.36968484242121 -5.463622813764525e-23
17.38169084542271 -5.723388160621446e-23
17.39369684842421 -5.995622895796685e-23
17.40570285142572 -6.280930482870075e-23
17.41770885442721 -6.579943796457416e-23
17.42971485742871 -6.893326564425571e-23
17.44172086043022 -7.221774881210221e-23
17.45372686343172 -7.566018795758421e-23
17.46573286643321 -7.926823977793342e-23
17.47773886943472 -8.304993466282505e-23
17.48974487243622 -8.701369504183978e-23
17.50175087543772 -9.116835463747831e-23
17.51375687843922 -9.552317866863034e-23
17.52576288144072 -1.000878850516355e-22
17.53776888444222 -1.04872666648422e-22
17.54977488744372 -1.098882146136717e-22
17.56178089044522 -1.151457428955511e-22
17.57378689344672 -1.206570139472613e-22
17.58579289644823 -1.264343657095177e-22
17.59779889944972 -1.32490739927061e-22
17.60980490245122 -1.388397118654528e-22
17.62181090545273 -1.454955214977057e-22
17.63381690845423 -1.524731062337732e-22
17.64582291145573 -1.597881352695596e-22
17.65782891445723 -1.674570456359409e-22
17.66983491745873 -1.754970800322989e-22
17.68184092046023 -1.839263265332896e-22
17.69384692346173 -1.927637602619949e-22
17.70585292646323 -2.020292871272555e-22
17.71785892946473 -2.117437897278662e-22
17.72986493246623 -2.219291755314422e-22
17.74187093546773 -2.326084274411486e-22
17.75387693846923 -2.438056568691384e-22
17.76588294147074 -2.555461594414857e-22
17.77788894447224 -2.678564734656289e-22
17.78989494747374 -2.80764441297893e-22
17.80190095047524 -2.942992737555316e-22
17.81390695347674 -3.084916177249515e-22
17.82591295647824 -3.233736271253651e-22
17.83791895947974 -3.389790373950798e-22
17.84992496248124 -3.553432436759946e-22
17.86193096548274 -3.72503382880657e-22
17.87393696848424 -3.904984198354596e-22
17.88594297148574 -4.093692377032331e-22
17.89794897448724 -4.291587328986762e-22
17.90995497748874 -4.49911914720734e-22
17.92196098049025 -4.716760099372659e-22
17.93396698349175 -4.945005725691178e-22
17.94597298649325 -5.18437599133095e-22
17.95797898949475 -5.435416496163228e-22
17.96998499249625 -5.698699744681324e-22
17.98199099549775 -5.97482647909948e-22
17.99399699849925 -6.264427078786974e-22
18.00600300150075 -6.568163029350905e-22
18.01800900450225 -6.886728464847072e-22
18.03001500750375 -7.220851786772828e-22
18.04202101050525 -7.57129736367898e-22
18.05402701350675 -7.938867315430126e-22
18.06603301650825 -8.324403386344994e-22
18.07803901950975 -8.728788911660486e-22
18.09004502251126 -9.152950881986112e-22
18.10205102551276 -9.597862110649547e-22
18.11405702851426 -1.006454350908005e-21
18.12606303151576 -1.055406647563463e-21
18.13806903451726 -1.106755540354331e-21
18.15007503751876 -1.160619031393448e-21
18.16208104052026 -1.217120962020105e-21
18.17408704352176 -1.276391303028191e-21
18.18609304652326 -1.338566459376395e-21
18.19809904952476 -1.403789590105619e-21
18.21010505252626 -1.47221094422523e-21
18.22211105552776 -1.543988213367995e-21
18.23411705852926 -1.619286902053782e-21
18.24612306153077 -1.698280716444281e-21
18.25812906453227 -1.781151972515377e-21
18.27013506753377 -1.868092024620349e-21
18.28214107053527 -1.959301715466046e-21
18.29414707353677 -2.054991848575512e-21
18.30615307653827 -2.155383684364583e-21
18.31815907953977 -2.260709461016649e-21
18.33016508254127 -2.371212941399331e-21
18.34217108554277 -2.487149987329419e-21
18.35417708854427 -2.608789162558122e-21
18.36618309154577 -2.736412365917729e-21
18.37818909454727 -2.870315496143298e-21
18.39019509754878 -3.010809149959179e-21
18.40220110055028 -3.158219355100208e-21
18.41420710355177 -3.312888340021466e-21
18.42621310655328 -3.475175342138811e-21
18.43821910955478 -3.645457456535174e-21
18.45022511255628 -3.824130527165032e-21
18.46223111555778 -4.011610082691881e-21
18.47423711855928 -4.208332319201052e-21
18.48624312156078 -4.414755132143178e-21
18.49824912456228 -4.63135919998235e-21
18.51025512756378 -4.85864912214761e-21
18.52226113056528 -5.097154614017459e-21
18.53426713356679 -5.347431761804633e-21
18.54627313656828 -5.610064340352935e-21
18.55827913956978 -5.88566519700978e-21
18.57028514257129 -6.174877704897642e-21
18.58229114557279 -6.478377289075175e-21
18.59429714857428 -6.796873029254821e-21
18.60630315157579 -7.131109342928754e-21
18.61830915457729 -7.481867752949258e-21
18.63031515757879 -7.849968743813814e-21
18.64232116058029 -8.236273711119659e-21
18.65432716358179 -8.641687008877884e-21
18.66633316658329 -9.067158099613847e-21
18.67833916958479 -9.513683812429414e-21
18.69034517258629 -9.982310714463789e-21
18.70235117558779 -1.047413760146421e-20
18.7143571785893 -1.099031811346617e-20
18.72636318159079 -1.153206348188589e-20
18.73836918459229 -1.210064541464588e-20
18.7503751875938 -1.269739912628931e-20
18.7623811905953 -1.332372652038973e-20
18.7743871935968 -1.398109953193227e-20
18.7863931965983 -1.467106363773027e-20
18.7983991995998 -1.539524154334853e-20
18.8104052026013 -1.615533705543284e-20
18.8224112056028 -1.695313914879519e-20
18.8344172086043 -1.779052623807655e-20
18.8464232116058 -1.86694706643059e-20
18.85842921460731 -1.959204340719587e-20
18.8704352176088 -2.056041903456332e-20
18.8824412206103 -2.157688090083962e-20
18.89444722361181 -2.264382660723997e-20
18.90645322661331 -2.376377373679745e-20
18.91845922961481 -2.49393658781352e-20
18.93046523261631 -2.617337895255227e-20
18.94247123561781 -2.746872785973618e-20
18.95447723861931 -2.882847345818999e-20
18.96648324162081 -3.02558298972763e-20
18.97848924462231 -3.175417231863564e-20
18.99049524762381 -3.332704494563612e-20
19.00250125062531 -3.497816958045541e-20
19.01450725362681 -3.671145452938864e-20
19.02651325662831 -3.853100397801886e-20
19.03851925962982 -4.044112783898209e-20
19.05052526263132 -4.244635209621055e-20
19.06253126563282 -4.455142967074737e-20
19.07453726863432 -4.676135183449718e-20
19.08654327163582 -4.908136019961309e-20
19.09854927463732 -5.151695931262321e-20
19.11055527763882 -5.407392988387582e-20
19.12256128064032 -5.675834268443091e-20
19.13456728364182 -5.957657314415487e-20
19.14657328664332 -6.253531668648578e-20
19.15857928964482 -6.564160483713496e-20
19.17058529264632 -6.890282214587952e-20
19.18259129564782 -7.232672396258618e-20
19.19459729864932 -7.592145511069252e-20
19.20660330165082 -7.969556950356401e-20
19.21860930465233 -8.365805075144888e-20
19.23061530765383 -8.781833380917317e-20
19.24262131065533 -9.218632771726199e-20
19.25462731365683 -9.677243949184627e-20
19.26663331665833 -1.015875992215222e-19
19.27863931965983 -1.066432864322831e-19
19.29064532266133 -1.119515577847439e-19
19.30265132566283 -1.175250761711394e-19
19.31465732866433 -1.233771412829995e-19
19.32666333166583 -1.295217217240088e-19
19.33866933466733 -1.359734887463326e-19
19.35067533766883 -1.427478516926753e-19
19.36268134067033 -1.498609952305056e-19
19.37468734367184 -1.573299184692764e-19
19.38669334667334 -1.651724760560804e-19
19.39869934967484 -1.734074213500257e-19
19.41070535267634 -1.82054451780715e-19
19.42271135567784 -1.911342565015594e-19
19.43471735867934 -2.006685664542885e-19
19.44672336168084 -2.106802069669251e-19
19.45872936468234 -2.21193153013711e-19
19.47073536768384 -2.322325872719943e-19
19.48274137068534 -2.438249611179533e-19
19.49474737368684 -2.559980587102412e-19
19.50675337668834 -2.687810643182136e-19
19.51875937968985 -2.822046330593657e-19
19.53076538269135 -2.963009652189727e-19
19.54277138569284 -3.111038843337249e-19
19.55477738869435 -3.266489192303914e-19
19.56678339169585 -3.429733902202593e-19
19.57878939469735 -3.601164996603055e-19
19.59079539769885 -3.781194271027876e-19
19.60280140070035 -3.970254292662152e-19
19.61480740370185 -4.168799450725118e-19
19.62681340670335 -4.377307060076362e-19
19.63881940970485 -4.59627852076013e-19
19.65082541270635 -4.826240536328877e-19
19.66283141570786 -5.067746393931683e-19
19.67483741870936 -5.321377309305159e-19
19.68684342171085 -5.587743839964133e-19
19.69884942471236 -5.867487370057203e-19
19.71085542771386 -6.161281670528669e-19
19.72286143071536 -6.469834538413651e-19
19.73486743371686 -6.793889519288115e-19
19.74687343671836 -7.134227717100209e-19
19.75887943971986 -7.491669695824544e-19
19.77088544272136 -7.867077477607235e-19
19.78289144572286 -8.26135664230718e-19
19.79489744872436 -8.675458533588976e-19
19.80690345172586 -9.110382576985354e-19
19.81890945472736 -9.567178715623052e-19
19.83091545772886 -1.004694996959608e-18
19.84292146073037 -1.055085512527519e-18
19.85492746373187 -1.108011156116275e-18
19.86693346673336 -1.163599821723906e-18
19.87893946973487 -1.221985871509995e-18
19.89094547273637 -1.283310463655764e-18
19.90295147573787 -1.347721896876789e-18
19.91495747873937 -1.415375972435714e-18
19.92696348174087 -1.486436374545567e-18
19.93896948474237 -1.561075070099639e-18
19.95097548774387 -1.639472728711649e-18
19.96298149074537 -1.721819164100025e-18
19.97498749374687 -1.808313797902872e-18
19.98699349674838 -1.899166147065607e-18
19.99899949974987 -1.994596336001445e-18
20.01100550275137 -2.094835634786182e-18
20.02301150575288 -2.200127024712986e-18
20.03501750875438 -2.310725792600615e-18
20.04702351175588 -2.426900155319456e-18
20.05902951475738 -2.548931916074598e-18
20.07103551775888 -2.677117154063572e-18
20.08304152076038 -2.811766949208998e-18
20.09504752376188 -2.953208143753108e-18
20.10705352676338 -3.101784142592279e-18
20.11905952976488 -3.257855754325612e-18
20.13106553276639 -3.421802075092265e-18
20.14307153576788 -3.594021417378213e-18
20.15507753876938 -3.774932286084351e-18
20.16708354177089 -3.964974404264907e-18
20.17908954477239 -4.164609791068068e-18
20.19109554777389 -4.374323894539994e-18
20.20310155077539 -4.594626782089303e-18
20.21510755377689 -4.826054391551849e-18
20.22711355677839 -5.069169845945841e-18
20.23911955977989 -5.324564835165052e-18
20.25112556278139 -5.59286106802381e-18
20.26313156578289 -5.874711798241749e-18
20.27513756878439 -6.17080342813964e-18
20.28714357178589 -6.481857194010172e-18
20.29914957478739 -6.808630937330151e-18
20.3111555777889 -7.151920966193357e-18
20.3231615807904 -7.512564011567071e-18
20.3351675837919 -7.89143928321051e-18
20.3471735867934 -8.289470630340545e-18
20.3591795897949 -8.707628812390059e-18
20.3711855927964 -9.146933885477404e-18
20.3831915957979 -9.60845771049255e-18
20.3951975987994 -1.009332658900744e-17
20.4072036018009 -1.060272403353531e-17
20.4192096048024 -1.113789367899723e-17
20.4312156078039 -1.170014234260483e-17
20.4432216108054 -1.229084323973668e-17
20.4552276138069 -1.291143936377307e-17
20.4672336168084 -1.356344703826156e-17
20.4792396198099 -1.424845965021328e-17
20.49124562281141 -1.496815157378049e-17
20.50325162581291 -1.572428229403848e-17
20.51525762881441 -1.651870074109269e-17
20.52726363181591 -1.735334984525417e-17
20.53926963481741 -1.823027132457656e-17
20.55127563781891 -1.915161071662488e-17
20.56328164082041 -2.011962266695418e-17
20.57528764382191 -2.113667648741422e-17
20.58729364682341 -2.220526199806732e-17
20.59929964982491 -2.33279956672123e-17
20.61130565282641 -2.450762706474858e-17
20.62331165582791 -2.574704564489447e-17
20.63531765882941 -2.70492878750929e-17
20.64732366183092 -2.841754472879963e-17
20.65932966483242 -2.985516956075431e-17
20.67133566783392 -3.136568638428705e-17
20.68334167083542 -3.295279857121402e-17
20.69534767383692 -3.46203979959275e-17
20.70735367683842 -3.637257464639222e-17
20.71935967983992 -3.821362672592229e-17
20.73136568284142 -4.014807127083542e-17
20.74337168584292 -4.218065531036649e-17
20.75537768884442 -4.43163675965728e-17
20.76738369184592 -4.656045093338413e-17
20.77938969484742 -4.891841513544329e-17
20.79139569784893 -5.139605064895227e-17
20.80340170085043 -5.399944286838972e-17
20.81540770385192 -5.673498718469905e-17
20.82741370685343 -5.960940480237103e-17
20.83941970985493 -6.262975936476098e-17
20.85142571285643 -6.580347442899659e-17
20.86343171585793 -6.913835183395075e-17
20.87543771885943 -7.264259100698137e-17
20.88744372186093 -7.63248092574818e-17
20.89944972486243 -8.019406310774718e-17
20.91145572786393 -8.425987071425e-17
20.92346173086543 -8.853223543513925e-17
20.93546773386693 -9.302167060263772e-17
20.94747373686843 -9.773922556201898e-17
20.95947973986993 -1.026965130420078e-16
20.97148574287144 -1.079057379247702e-16
20.98349174587294 -1.133797274871551e-16
20.99549774887443 -1.19131963188521e-16
21.00750375187594 -1.251766140843461e-16
21.01950975487744 -1.31528571948877e-16
21.03151575787894 -1.382034881943426e-16
21.04352176088044 -1.452178126787468e-16
21.05552776388194 -1.525888344989704e-16
21.06753376688344 -1.603347248708756e-16
21.07953976988494 -1.684745822033166e-16
21.09154577288644 -1.770284794784498e-16
21.10355177588794 -1.860175140564936e-16
21.11555777888945 -1.95463860029152e-16
21.12756378189095 -2.053908232522877e-16
21.13956978489244 -2.158228991951262e-16
21.15157578789395 -2.267858337503162e-16
21.16358179089545 -2.383066871565763e-16
21.17558779389695 -2.504139011934399e-16
21.18759379689845 -2.631373698157954e-16
21.19959979989995 -2.765085134045243e-16
21.21160580290145 -2.90560356818582e-16
21.22361180590295 -3.053276114433817e-16
21.23561780890445 -3.208467614403367e-16
21.24762381190595 -3.37156154412932e-16
21.25962981490746 -3.542960967157483e-16
21.27163581790895 -3.723089536444823e-16
21.28364182091045 -3.912392547572237e-16
21.29564782391196 -4.111338045900976e-16
21.30765382691346 -4.32041799043883e-16
21.31965982991496 -4.540149477324211e-16
21.33166583291646 -4.771076025985527e-16
21.34367183591796 -5.013768931190242e-16
21.35567783891946 -5.268828684362974e-16
21.36768384192096 -5.536886467725605e-16
21.37968984492246 -5.818605724994675e-16
21.39169584792396 -6.114683812563251e-16
21.40370185092547 -6.425853735296006e-16
21.41570785392696 -6.752885971278407e-16
21.42771385692846 -7.096590390083676e-16
21.43971985992997 -7.45781826935572e-16
21.45172586293147 -7.837464414752572e-16
21.46373186593297 -8.236469388553975e-16
21.47573786893447 -8.65582185250926e-16
21.48774387193597 -9.096561030787965e-16
21.49974987493747 -9.559779299196904e-16
21.51175587793897 -1.0046624907144e-15
21.52376188094047 -1.055830483916209e-15
21.53576788394197 -1.109608782315597e-15
21.54777388694347 -1.166130749290408e-15
21.55977988994497 -1.225536571273292e-15
21.57178589294647 -1.287973607268958e-15
21.58379189594798 -1.35359675629652e-15
21.59579789894947 -1.422568843677212e-15
21.60780390195097 -1.495061027135043e-15
21.61980990495248 -1.571253223727683e-15
21.63181590795398 -1.651334558677166e-15
21.64382191095548 -1.735503837224954e-15
21.65582791395698 -1.823970040693716e-15
21.66783391695848 -1.916952847998956e-15
21.67983991995998 -2.014683183917516e-15
21.69184592296148 -2.117403795487176e-15
21.70385192596298 -2.22536985798222e-15
21.71585792896448 -2.33884961198411e-15
21.72786393196598 -2.458125033144534e-15
21.73986993496748 -2.583492536320184e-15
21.75187593796898 -2.715263715845015e-15
21.76388194097049 -2.853766123796477e-15
21.77588794397199 -2.999344088207725e-15
21.78789394697349 -3.152359573278161e-15
21.79989994997499 -3.313193083740201e-15
21.81190595297649 -3.48224461565119e-15
21.82391195597799 -3.659934655995999e-15
21.83591795897949 -3.846705233608597e-15
21.84792396198099 -4.043021024049877e-15
21.85992996498249 -4.249370511214683e-15
21.87193596798399 -4.466267208583585e-15
21.88394197098549 -4.694250943184988e-15
21.89594797398699 -4.933889205490815e-15
21.90795397698849 -5.185778568634837e-15
21.91995997999 -5.45054618051711e-15
21.9319659829915 -5.728851332541257e-15
21.943971985993 -6.021387108924192e-15
21.9559779889945 -6.328882120720492e-15
21.967983991996 -6.652102328916858e-15
21.9799899949975 -6.991852961176156e-15
21.991995997999 -7.348980527046226e-15
22.0040020010005 -7.724374936696436e-15
22.016008004002 -8.118971728505505e-15
22.0280140070035 -8.533754411098145e-15
22.040020010005 -8.969756925716076e-15
22.0520260130065 -9.428066235112021e-15
22.064032016008 -9.909825045473693e-15
22.07603801900951 -1.041623466821986e-14
22.088044022011 -1.094855802886266e-14
22.10005002501251 -1.150812283050074e-14
22.11205602801401 -1.209632487989724e-14
22.12406203101551 -1.271463158450608e-14
22.13606803401701 -1.336458562924055e-14
22.14807403701851 -1.404780884223116e-14
22.16008004002001 -1.476600625929549e-14
22.17208604302151 -1.552097039734385e-14
22.18409204602301 -1.631458574747041e-14
22.19609804902451 -1.714883349903365e-14
22.20810405202601 -1.802579650661156e-14
22.22011005502752 -1.89476645123293e-14
22.23211605802901 -1.991673963670078e-14
22.24412206103052 -2.093544215180202e-14
22.25612806403202 -2.200631655130635e-14
22.26813406703352 -2.313203793265944e-14
22.28014007003502 -2.431541870745923e-14
22.29214607303652 -2.555941565693342e-14
22.30415207603802 -2.68671373502771e-14
22.31615807903952 -2.824185194452844e-14
22.32816408204102 -2.968699538562207e-14
22.34017008504252 -3.120618003127197e-14
22.35217608804402 -3.280320371739952e-14
22.36418209104552 -3.448205929094084e-14
22.37618809404702 -3.624694463304457e-14
22.38819409704853 -3.810227319790781e-14
22.40020010005003 -4.00526850937992e-14
22.41220610305152 -4.210305873418604e-14
22.42421210605303 -4.42585230883208e-14
22.43621810905453 -4.652447056215503e-14
22.44822411205603 -4.890657054203982e-14
22.46023011505753 -5.141078363534379e-14
22.47223611805903 -5.404337664387993e-14
22.48424212106053 -5.681093830788084e-14
22.49624812406203 -5.97203958602083e-14
22.50825412706353 -6.27790324325279e-14
22.52026013006503 -6.599450535733048e-14
22.53226613306653 -6.937486541194415e-14
22.54427213606803 -7.292857705305903e-14
22.55627813906953 -7.666453969278857e-14
22.56828414207104 -8.059211006992075e-14
22.58029014507254 -8.472112577277922e-14
22.59229614807404 -8.906192997302276e-14
22.60430215107554 -9.362539743276999e-14
22.61630815407704 -9.842296185065311e-14
22.62831415707854 -1.034666446157866e-13
22.64032016008004 -1.087690850421937e-13
22.65232616308154 -1.143435721599747e-13
22.66433216608304 -1.202040781434334e-13
22.67633816908454 -1.263652934605151e-13
22.68834417208604 -1.328426638322602e-13
22.70035017508754 -1.396524290955499e-13
22.71235617808905 -1.468116640672329e-13
22.72436218109054 -1.543383215127789e-13
22.73636818409205 -1.622512773279258e-13
22.74837418709355 -1.705703780473811e-13
22.76038019009505 -1.793164908005203e-13
22.77238619309655 -1.88511555840213e-13
22.78439219609805 -1.981786417774121e-13
22.79639819909955 -2.083420036609832e-13
22.80840420210105 -2.190271440494475e-13
22.82041020510255 -2.30260877228876e-13
22.83241620810405 -2.420713967391293e-13
22.84442221110555 -2.544883463790072e-13
22.85642821410705 -2.675428948696681e-13
22.86843421710855 -2.81267814364935e-13
22.88044022011006 -2.956975630068342e-13
22.89244622311156 -3.108683717349482e-13
22.90445222611306 -3.268183355689228e-13
22.91645822911456 -3.435875095947923e-13
22.92846423211606 -3.612180098976812e-13
22.94047023511756 -3.797541196959636e-13
22.95247623811906 -3.992424009451216e-13
22.96448224112056 -4.197318116933852e-13
22.97648824412206 -4.412738294857948e-13
22.98849424712356 -4.6392258112864e-13
23.00050025012506 -4.877349791423188e-13
23.01250625312656 -5.127708652476011e-13
23.02451225612806 -5.39093161248081e-13
23.03651825912956 -5.667680276903282e-13
23.04852426213106 -5.95865030702939e-13
23.06053026513257 -6.264573174363997e-13
23.07253626813407 -6.586218005474504e-13
23.08454227113557 -6.924393521945379e-13
23.09654827413707 -7.279950080350423e-13
23.10855427713857 -7.653781817402777e-13
23.12056028014007 -8.046828905709193e-13
23.13256628314157 -8.46007992583514e-13
23.14457228614307 -8.894574360681993e-13
23.15657828914457 -9.351405218487352e-13
23.16858429214607 -9.831721791085392e-13
23.18059029514757 -1.033673255440683e-12
23.19259629814907 -1.086770821855842e-12
23.20460230115058 -1.142598493520097e-12
23.21660830415207 -1.20129676703434e-12
23.22861430715358 -1.263013375108942e-12
23.24062031015508 -1.327903659531454e-12
23.25262631315658 -1.396130963371423e-12
23.26463231615808 -1.467867043415226e-12
23.27663831915958 -1.543292503875026e-12
23.28864432216108 -1.622597252469945e-12
23.30065032516258 -1.705980980034207e-12
23.31265632816408 -1.793653664866689e-12
23.32466233116558 -1.885836103098996e-12
23.33666833416708 -1.982760466425189e-12
23.34867433716859 -2.084670888605626e-12
23.36068034017008 -2.191824082230356e-12
23.37268634317159 -2.304489987304241e-12
23.38469234617309 -2.422952453296654e-12
23.39669834917459 -2.547509956383482e-12
23.40870435217609 -2.678476353698418e-12
23.42071035517759 -2.816181676504378e-12
23.43271635817909 -2.960972964294602e-12
23.44472236118059 -3.113215141936815e-12
23.45672836418209 -3.273291942083014e-12
23.46873436718359 -3.441606875182276e-12
23.48074037018509 -3.618584249554734e-12
23.49274637318659 -3.804670244111896e-12
23.50475237618809 -4.000334036442039e-12
23.5167583791896 -4.206068989119904e-12
23.5287643821911 -4.422393897247644e-12
23.5407703851926 -4.649854300389364e-12
23.5527763881941 -4.889023862225012e-12
23.5647823911956 -5.140505821421224e-12
23.5767883941971 -5.404934517397493e-12
23.5887943971986 -5.682976994856108e-12
23.6008004002001 -5.975334691144237e-12
23.6128064032016 -6.282745210726786e-12
23.6248124062031 -6.605984191269805e-12
23.6368184092046 -6.945867266066748e-12
23.6488244122061 -7.303252127784535e-12
23.6608304152076 -7.679040698763531e-12
23.6728364182091 -8.074181413376198e-12
23.6848424212106 -8.48967161823357e-12
23.69684842421211 -8.926560096328116e-12
23.70885442721361 -9.385949721516122e-12
23.72086043021511 -9.869000250073795e-12
23.73286643321661 -1.037693125640947e-11
23.74487243621811 -1.091102522038023e-11
23.75687843921961 -1.147263077404662e-11
23.76888444222111 -1.206316611610367e-11
23.78089044522261 -1.268412260265288e-11
23.79289644822411 -1.333706852342729e-11
23.80490245122561 -1.40236530730533e-11
23.81690845422711 -1.474561052742794e-11
23.82891445722861 -1.550476463581189e-11
23.84092046023012 -1.630303323978634e-11
23.85292646323161 -1.714243313079814e-11
23.86493246623312 -1.802508515862427e-11
23.87693846923462 -1.895321960372391e-11
23.88894447223612 -1.992918182711731e-11
23.90095047523762 -2.095543821213557e-11
23.91295647823912 -2.203458241312774e-11
23.92496248124062 -2.316934192699116e-11
23.93696848424212 -2.436258500421224e-11
23.94897448724362 -2.5617327916967e-11
23.96098049024512 -2.693674260273914e-11
23.97298649324662 -2.832416470286746e-11
23.98499249624813 -2.978310201643848e-11
23.99699849924962 -3.131724339099635e-11
24.00900450225113 -3.293046807265239e-11
24.02101050525263 -3.462685553934475e-11
24.03301650825413 -3.64106958422271e-11
24.04502251125563 -3.828650048145755e-11
24.05702851425713 -4.025901384401741e-11
24.06903451725863 -4.233322523261921e-11
24.08104052026013 -4.451438151626618e-11
24.09304652326163 -4.680800043460656e-11
24.10505252626313 -4.921988458988892e-11
24.11705852926463 -5.175613616207334e-11
24.12906453226613 -5.442317238449307e-11
24.14107053526763 -5.722774181939554e-11
24.15307653826913 -6.01769414747263e-11
24.16508254127064 -6.32782348056598e-11
24.17708854427213 -6.653947064663141e-11
24.18909454727364 -6.996890312199239e-11
24.20110055027514 -7.357521258589961e-11
24.21310655327664 -7.736752764467026e-11
24.22511255627814 -8.135544831758599e-11
24.23711855927964 -8.554907039502841e-11
24.24912456228114 -8.995901105587337e-11
24.26113056528264 -9.459643580927773e-11
24.27313656828414 -9.947308682936079e-11
24.28514257128564 -1.046013127548294e-10
24.29714857428714 -1.099941000293221e-10
24.30915457728864 -1.156651058621714e-10
24.32116058029014 -1.216286928934053e-10
24.33316658329165 -1.278999656511494e-10
24.34517258629315 -1.344948088941522e-10
24.35717858929465 -1.414299279369545e-10
24.36918459229615 -1.487228910602735e-10
24.38119059529765 -1.563921741144771e-10
24.39319659829915 -1.644572074296116e-10
24.40520260130065 -1.729384251513154e-10
24.41720860430215 -1.818573171281284e-10
24.42921460730365 -1.91236483482205e-10
24.44122061030515 -2.010996920022701e-10
24.45322661330665 -2.114719385048438e-10
24.46523261630815 -2.223795103173217e-10
24.47723861930966 -2.338500530444441e-10
24.48924462231115 -2.45912640788054e-10
24.50125062531266 -2.585978499988355e-10
24.51325662831416 -2.719378371479751e-10
24.52526263131566 -2.859664204164211e-10
24.53726863431716 -3.007191656096453e-10
24.54927463731866 -3.162334765165767e-10
24.56128064032016 -3.325486899427016e-10
24.57328664332166 -3.49706175659223e-10
24.58529264632316 -3.677494415227058e-10
24.59729864932466 -3.867242440328008e-10
24.60930465232616 -4.06678704609498e-10
24.62131065532767 -4.276634318859314e-10
24.63331665832916 -4.497316503280855e-10
24.64532266133067 -4.729393355088754e-10
24.65732866433217 -4.973453563810268e-10
24.66933466733367 -5.230116249110213e-10
24.68134067033517 -5.500032534551251e-10
24.69334667333667 -5.783887202782556e-10
24.70535267633817 -6.082400436371885e-10
24.71735867933967 -6.396329648714377e-10
24.72936468234117 -6.726471409680986e-10
24.74137068534267 -7.073663470910903e-10
24.75337668834417 -7.438786895906376e-10
24.76538269134567 -7.822768300355374e-10
24.77738869434717 -8.226582208388663e-10
24.78939469734867 -8.651253530773269e-10
24.80140070035018 -9.097860171355254e-10
24.81340670335167 -9.567535768391661e-10
24.82541270635318 -1.006147257775536e-09
24.83741870935468 -1.05809245053583e-09
24.84942471235618 -1.112721029651908e-09
24.86143071535768 -1.170171689040095e-09
24.87343671835918 -1.23059029480673e-09
24.88544272136068 -1.294130256314433e-09
24.89744872436218 -1.360952916454633e-09
24.90945472736368 -1.431227962120881e-09
24.92146073036518 -1.505133855928971e-09
24.93346673336668 -1.582858290284107e-09
24.94547273636818 -1.664598664952328e-09
24.95747873936968 -1.750562589353352e-09
24.96948474237119 -1.840968410855068e-09
24.98149074537269 -1.936045770416216e-09
24.99349674837419 -2.036036186993555e-09
25.00550275137569 -2.141193672203201e-09
25.01750875437719 -2.251785376802992e-09
25.02951475737869 -2.368092270643906e-09
25.04152076038019 -2.490409857823953e-09
25.05352676338169 -2.619048928867781e-09
25.06553276638319 -2.754336351849658e-09
25.07753876938469 -2.896615904476922e-09
25.08954477238619 -3.046249149255432e-09
25.10155077538769 -3.203616353968529e-09
25.1135567783892 -3.369117459816616e-09
25.12556278139069 -3.543173099686103e-09
25.1375687843922 -3.726225669144362e-09
25.1495747873937 -3.918740452891924e-09
25.1615807903952 -4.12120680954464e-09
25.1735867933967 -4.334139417767428e-09
25.1855927963982 -4.558079586937782e-09
25.1975987993997 -4.79359663568193e-09
25.2096048024012 -5.041289341799783e-09
25.2216108054027 -5.301787467276979e-09
25.2336168084042 -5.575753362274049e-09
25.2456228114057 -5.863883652184304e-09
25.25762881440721 -6.166911012064074e-09
25.2696348174087 -6.485606032962024e-09
25.28164082041021 -6.820779184908818e-09
25.29364682341171 -7.173282881575212e-09
25.30565282641321 -7.544013651866235e-09
25.31765882941471 -7.933914423992065e-09
25.32966483241621 -8.343976927843473e-09
25.34167083541771 -8.775244221801721e-09
25.35367683841921 -9.228813350430535e-09
25.36568284142071 -9.705838139831983e-09
25.37768884442221 -1.020753213779962e-08
25.38969484742371 -1.073517170627199e-08
25.40170085042521 -1.129009927397859e-08
25.41370685342671 -1.187372675757932e-08
25.42571285642821 -1.248753916002902e-08
25.43771885942972 -1.313309835535105e-08
25.44972486243121 -1.381204706948007e-08
25.46173086543272 -1.452611306733504e-08
25.47373686843422 -1.527711355681014e-08
25.48574287143572 -1.606695982092523e-08
25.49774887443722 -1.689766208996054e-08
25.50975487743872 -1.777133466601316e-08
25.52176088044022 -1.869020131305763e-08
25.53376688344172 -1.965660092627131e-08
25.54577288644322 -2.067299349509861e-08
25.55777888944472 -2.174196637527856e-08
25.56978489244622 -2.286624088584953e-08
25.58179089544772 -2.404867924797518e-08
25.59379689844922 -2.529229188330919e-08
25.60580290145073 -2.660024509053467e-08
25.61780890445223 -2.797586911968091e-08
25.62981490745373 -2.942266666483589e-08
25.64182091045523 -3.094432179694268e-08
25.65382691345673 -3.254470935949211e-08
25.66583291645823 -3.4227904851107e-08
25.67783891945973 -3.599819482025765e-08
25.68984492246123 -3.786008779865682e-08
25.70185092546273 -3.98183258012595e-08
25.71385692846423 -4.187789642224031e-08
25.72586293146573 -4.404404555784524e-08
25.73786893446723 -4.632229078861593e-08
25.74987493746874 -4.871843545517068e-08
25.76188094047023 -5.123858346349861e-08
25.77388694347174 -5.388915485758839e-08
25.78589294647324 -5.667690219917449e-08
25.79789894947474 -5.960892779644649e-08
25.80990495247624 -6.269270182573815e-08
25.82191095547774 -6.59360813924949e-08
25.83391695847924 -6.934733058022011e-08
25.84592296148074 -7.293514153862598e-08
25.85792896448224 -7.670865666487244e-08
25.86993496748374 -8.067749193457089e-08
25.88194097048524 -8.485176144217071e-08
25.89394697348675 -8.924210321343736e-08
25.90595297648824 -9.385970635598458e-08
25.91795897948974 -9.871633961724353e-08
25.92996498249125 -1.038243814228517e-07
25.94197098549274 -1.091968514722289e-07
25.95397698849425 -1.148474439720908e-07
25.96598299149575 -1.207905625928376e-07
25.97798899449725 -1.270413572371635e-07
25.98999499749875 -1.336157627148644e-07
26.00200100050025 -1.405305394226995e-07
26.01400700350175 -1.478033161332876e-07
26.02601300650325 -1.554526350024148e-07
26.03801900950475 -1.634979989098031e-07
26.05002501250625 -1.719599212543594e-07
26.06203101550775 -1.808599783311999e-07
26.07403701850926 -1.902208644243517e-07
26.08604302151075 -2.00066449755978e-07
26.09804902451226 -2.10421841440281e-07
26.11005502751376 -2.213134475979216e-07
26.12206103051526 -2.327690447948841e-07
26.13406703351676 -2.448178489782123e-07
26.14607303651826 -2.574905900899951e-07
26.15807903951976 -2.708195905503882e-07
26.17008504252126 -2.848388478103547e-07
26.18209104552276 -2.995841211852237e-07
26.19409704852426 -3.150930231911156e-07
26.20610305152576 -3.314051156178062e-07
26.21810905452726 -3.485620105837181e-07
26.23011505752876 -3.666074768314794e-07
26.24212106053027 -3.855875515358964e-07
26.25412706353177 -4.055506579102929e-07
26.26613306653327 -4.265477289120097e-07
26.27813906953477 -4.486323373634611e-07
26.29014507253627 -4.718608328215655e-07
26.30215107553777 -4.962924855456391e-07
26.31415707853927 -5.219896379320036e-07
26.32616308154077 -5.490178638026734e-07
26.33816908454227 -5.774461359555834e-07
26.35017508754377 -6.073470024049694e-07
26.36218109054527 -6.387967717627495e-07
26.37418709354677 -6.718757082351562e-07
26.38619309654828 -7.066682367334753e-07
26.39819909954977 -7.432631586236434e-07
26.41020510255128 -7.817538786666784e-07
26.42221110555278 -8.22238643730575e-07
26.43421710855428 -8.648207938844199e-07
26.44622311155578 -9.096090265171866e-07
26.45822911455728 -9.567176741570061e-07
26.47023511755878 -1.006266996701793e-06
26.48224112056028 -1.058383488808984e-06
26.49424712356178 -1.113200203230982e-06
26.50625312656328 -1.170857090923692e-06
26.51825912956478 -1.231501358798501e-06
26.53026513256628 -1.295287846033234e-06
26.54227113556778 -1.362379419905097e-06
26.55427713856928 -1.432947392158655e-06
26.56628314157079 -1.507171956974442e-06
26.57828914457228 -1.585242651659106e-06
26.59029514757379 -1.667358841236203e-06
26.60230115057529 -1.75373022817793e-06
26.61430715357679 -1.844577388582469e-06
26.62631315657829 -1.940132336169365e-06
26.63831915957979 -2.040639115536551e-06
26.65032516258129 -2.14635442619763e-06
26.66233116558279 -2.257548278996791e-06
26.67433716858429 -2.374504686581708e-06
26.68634317158579 -2.497522389701972e-06
26.69834917458729 -2.626915621192365e-06
26.7103551775888 -2.763014909596814e-06
26.72236118059029 -2.906167924490377e-06
26.7343671835918 -3.056740365663445e-06
26.7463731865933 -3.215116898444664e-06
26.7583791895948 -3.381702137557285e-06
26.7703851925963 -3.556921682027965e-06
26.7823911955978 -3.741223203797807e-06
26.7943971985993 -3.935077592823013e-06
26.8064032016008 -4.138980161597219e-06
26.8184092046023 -4.35345191217981e-06
26.8304152076038 -4.57904086897465e-06
26.8424212106053 -4.816323480672097e-06
26.8544272136068 -5.06590609494436e-06
26.8664332166083 -5.328426509670671e-06
26.87843921960981 -5.604555604664808e-06
26.89044522261131 -5.894999058083741e-06
26.90245122561281 -6.200499151913166e-06
26.91445722861431 -6.521836671153943e-06
26.92646323161581 -6.859832901573463e-06
26.93846923461731 -7.215351731138649e-06
26.95047523761881 -7.589301860512828e-06
26.96248124062031 -7.982639128278333e-06
26.97448724362181 -8.396368956840524e-06
26.98649324662331 -8.831548925278295e-06
26.99849924962481 -9.289291475731391e-06
27.01050525262631 -9.770766760257051e-06
27.02251125562782 -1.027720563544855e-05
27.03451725862931 -1.080990281248681e-05
27.04652326163082 -1.137022017069466e-05
27.05852926463232 -1.195959024308231e-05
27.07053526763382 -1.257951988281351e-05
27.08254127063532 -1.323159411998532e-05
27.09454727363682 -1.391748021860269e-05
27.10655327663832 -1.463893194414143e-05
27.11855927963982 -1.539779405263371e-05
27.13056528264132 -1.619600701277746e-05
27.14257128564282 -1.703561197316862e-05
27.15457728864432 -1.791875598738344e-05
27.16658329164582 -1.884769751029895e-05
27.17858929464732 -1.982481217973521e-05
27.19059529764882 -2.085259889823397e-05
27.20260130065033 -2.193368623055836e-05
27.21460730365182 -2.307083913330697e-05
27.22661330665333 -2.426696603388759e-05
27.23861930965483 -2.552512627699121e-05
27.25062531265633 -2.684853795764937e-05
27.26263131565783 -2.824058616094866e-05
27.27463731865933 -2.970483162951912e-05
27.28664332166083 -3.124501988100988e-05
27.29864932466233 -3.28650907989192e-05
27.31065532766383 -3.456918872135969e-05
27.32266133066533 -3.636167305361622e-05
27.33466733366683 -3.824712943169705e-05
27.34667333666833 -4.02303814654918e-05
27.35867933966983 -4.231650309163556e-05
27.37068534267134 -4.45108315677425e-05
27.38269134567284 -4.681898114131651e-05
27.39469734867434 -4.92468574283767e-05
27.40670335167584 -5.18006725386559e-05
27.41870935467734 -5.448696098614376e-05
27.43071535767884 -5.731259642576188e-05
27.44272136068034 -6.028480925907495e-05
27.45472736368184 -6.341120515417236e-05
27.46673336668334 -6.669978452719819e-05
27.47873936968484 -7.01589630354743e-05
27.49074537268634 -7.379759313475552e-05
27.50275137568784 -7.762498675588531e-05
27.51475737868935 -8.16509391589914e-05
27.52676338169085 -8.588575402638074e-05
27.53876938469235 -9.034026985847113e-05
27.55077538769385 -9.502588774043823e-05
27.56278139069535 -9.995460055077308e-05
27.57478739369685 -0.000105139023686644
27.58679339669835 -0.000110592427384847
27.59879939969985 -0.0001163287707212226
27.61080540270135 -0.0001223627373757213
27.62281140570285 -0.0001287097732548312
27.63481740870435 -0.0001353861260678436
27.64682341170585 -0.0001424088869584477
27.65882941470736 -0.0001497960342984147
27.67083541770885 -0.0001575664797556819
27.68284142071035 -0.0001657401167549799
27.69484742371186 -0.0001743378714552849
27.70685342671336 -0.0001833817563748362
27.71885942971486 -0.00019289492680125
27.73086543271636 -0.0002029017401314078
27.74287143571786 -0.0002134278182933141
27.75487743871936 -0.0002245001134100253
27.76688344172086 -0.0002361469768740713
27.77888944472236 -0.0002483982320095417
27.79089544772386 -0.000261285250508214
27.80290145072536 -0.0002748410328357853
27.81490745372686 -0.0002891002928144566
27.82691345672836 -0.0003040995465988361
27.83891945972987 -0.0003198772062733989
27.85092546273136 -0.0003364736783116049
27.86293146573287 -0.0003539314671492475
27.87493746873437 -0.0003722952841377338
27.88694347173587 -0.0003916121621568018
27.89894947473737 -0.0004119315761807029
27.91095547773887 -0.0004333055701071607
27.92296148074037 -0.0004557888901744861
27.93496748374187 -0.0004794391253091364
27.94697348674337 -0.0005043168547637992
27.95897948974487 -0.0005304858034247859
27.97098549274637 -0.0005580130051872075
27.98299149574787 -0.000586968974817113
27.99499749874937 -0.0006174278887415507
28.00700350175088 -0.0006494677752304338
28.01900950475238 -0.0006831707144581904
28.03101550775388 -0.0007186230489585453
28.04302151075538 -0.0007559156050124537
28.05502751375688 -0.0007951439255372734
28.06703351675838 -0.0008364085150747825
28.07903951975988 -0.0008798150975067126
28.09104552276138 -0.0009254748871591321
28.10305152576288 -0.0009735048739913887
28.11505752876438 -0.001024028123601477
28.12706353176588 -0.001077174092817733
28.13906953476738 -0.001133078961686763
28.15107553776889 -0.001191885982709626
28.16308154077038 -0.001253745848222541
28.17508754377189 -0.001318817076865006
28.18709354677339 -0.001387266420127195
28.19909954977489 -0.001459269290020058
28.21110555277639 -0.00153501020896579
28.22311155577789 -0.001614683283063365
28.23511755877939 -0.001698492699943877
28.24712356178089 -0.001786653252493529
28.25912956478239 -0.001879390889788558
28.27113556778389 -0.001976943296656253
28.28314157078539 -0.002079560503349699
28.29514757378689 -0.002187505526901239
28.30715357678839 -0.002301055045800968
28.31915957978989 -0.002420500109732148
28.3311655827914 -0.002546146886185466
28.34317158579289 -0.002678317445868734
28.3551775887944 -0.002817350588928286
28.3671835917959 -0.002963602714103099
28.3791895947974 -0.003117448733042944
28.3911955977989 -0.003279283032137837
28.4032016008004 -0.003449520484328065
28.4152076038019 -0.003628597513492474
28.4272136068034 -0.003816973214147645
28.4392196098049 -0.004015130529332734
28.4512256128064 -0.004223577489704095
28.4632316158079 -0.004442848517021081
28.47523761880941 -0.00467350579536976
28.4872436218109 -0.004916140713645257
28.49924962481241 -0.005171375382996475
28.51125562781391 -0.005439864233129473
28.52326163081541 -0.005722295691568307
28.53526763381691 -0.00601939395018526
28.54727363681841 -0.006331920823536519
28.55927963981991 -0.006660677703775144
28.57128564282141 -0.007006507617161312
28.58329164582291 -0.007370297387450704
28.59529764882441 -0.007752979911716551
28.60730365182591 -0.00815553655444951
28.61930965482741 -0.00857899966608359
28.63131565782891 -0.009024455232415731
28.64332166083042 -0.009493045661723116
28.65532766383192 -0.009985972716735847
28.66733366683342 -0.01050450059899486
28.67933966983492 -0.01104995919351636
28.69134567283642 -0.01162374748209592
28.70335167583792 -0.01222733713401865
28.71535767883942 -0.01286227628339754
28.72736368184092 -0.01353019350284158
28.73936968484242 -0.01423280198365982
28.75137568784392 -0.01497190393333786
28.76338169084542 -0.01574939520158168
28.77538769384692 -0.01656727014681114
28.78739369684843 -0.0174276267556027
28.79939969984992 -0.01833267202823159
28.81140570285143 -0.0192847276441467
28.82341170585293 -0.02028623592193113
28.83541770885443 -0.02133976608905782
28.84742371185593 -0.0224480208775458
28.85942971485743 -0.02361384346245994
28.87143571785893 -0.02484022476107801
28.88344172086043 -0.0261303111114758
28.89544772386193 -0.02748741235025573
28.90745372686343 -0.02891501031017039
28.91945972986493 -0.03041676775947112
28.93146573286643 -0.03199653780594706
28.94347173586793 -0.03365837378981426
28.95547773886943 -0.03540653969087059
28.96748374187094 -0.03724552107665376
28.97948974487243 -0.03918003661973019
28.99149574787394 -0.04121505021370507
29.00350175087544 -0.04335578371908244
29.01550775387694 -0.04560773037172307
29.02751375687844 -0.04797666888835077
29.03951975987994 -0.05046867830534894
29.05152576288144 -0.05309015358897422
29.06353176588294 -0.0558478220570964
29.07553776888444 -0.05874876065465948
29.08754377188594 -0.06180041412725348
29.09954977488744 -0.06501061413949422
29.11155577788895 -0.06838759938733714
29.12356178089044 -0.0719400367560061
29.13556778389195 -0.07567704357790506
29.14757378689345 -0.07960821104770829
29.15957978989495 -0.08374362885479951
29.17158579289645 -0.0880939110963585
29.18359179589795 -0.09267022353768643
29.19559779889945 -0.09748431228982411
29.20760380190095 -0.1025485339781598
29.21960980490245 -0.1078758874795572
29.23161580790395 -0.1134800473095646
29.24362181090545 -0.11937539874551
29.25562781390695 -0.1255770747757471
29.26763381690845 -0.1321009949700134
29.27963981990996 -0.1389639063707984
29.29164582291146 -0.1461834265108189
29.30365182591296 -0.1537780886671584
29.31565782891446 -0.1617673894683847
29.32766383191596 -0.1701718389770017
29.33966983491746 -0.1790130133759621
29.35167583791896 -0.1883136103946571
29.36368184092046 -0.1980975076168449
29.37568784392196 -0.2083898238203891
29.38769384692346 -0.2192169835064721
29.39969984992496 -0.2306067847841499
29.41170585292646 -0.2425884707847391
29.42371185592796 -0.255192804789607
29.43571785892946 -0.268452149264479
29.44772386193096 -0.282400549003423
29.45972986493247 -0.2970738185962392
29.47173586793397 -0.3125096344440981
29.48374187093547 -0.3287476315599651
29.49574787393697 -0.345829505402652
29.50775387693847 -0.3637991190062819
29.51975987993997 -0.3827026156805658
29.53176588294147 -0.4025885375716191
29.54377188594297 -0.4235079503881103
29.55577788894447 -0.4455145746133946
29.56778389194597 -0.4686649235409573
29.57978989494747 -0.4930184484880432
29.59179589794897 -0.5186376915608025
29.60380190095048 -0.5455884463637098
29.61580790395197 -0.5739399270664329
29.62781390695348 -0.6037649462628289
29.63981990995498 -0.6351401020793522
29.65182591295648 -0.6681459750139428
29.66383191595798 -0.7028673350114926
29.67583791895948 -0.739393359308311
29.68784392196098 -0.777817861605704
29.69984992496248 -0.818239533161923
29.71185592796398 -0.8607621964223867
29.72386193096548 -0.905495071840327
29.73586793396698 -0.9525530585739387
29.74787393696849 -1.002057029781797
29.75987993996998 -1.054134143275852
29.77188594297149 -1.10891816833082
29.78389194597299 -1.166549829490328
29.79589794897449 -1.227177168253899
29.80790395197599 -1.290955923574854
29.81990995497749 -1.358049932147579
29.83191595797899 -1.428631549513529
29.84392196098049 -1.502882093068864
29.85592796398199 -1.580992308112956
29.86793396698349 -1.663162858136303
29.87993996998499 -1.749604840608666
29.89194597298649 -1.840540329593921
29.90395197598799 -1.936202946587061
29.9159579789895 -2.03683846104141
29.927963981991 -2.142705422130479
29.9399699849925 -2.254075823369244
29.951975987994 -2.371235801804145
29.9639819909955 -2.494486373570046
29.975987993997 -2.624144207705931
29.9879939969985 -2.760542440219552
30 -2.904031530494767
