6 0
6.012006003001501 2.633191325394815e-61
6.024012006003002 7.05355506627622e-61
6.036018009004502 1.615345413841227e-60
6.048024012006003 3.571572086854958e-60
6.060030015007504 7.785611482520676e-60
6.072036018009005 1.680298667241987e-59
6.084042021010506 3.593680972599224e-59
6.096048024012006 7.618334870791138e-59
6.108054027013507 1.601015176808592e-58
6.120060030015008 3.335645982777516e-58
6.132066033016509 6.890406730297378e-58
6.144072036018009 1.411304291202093e-57
6.156078039019509 2.866404857591127e-57
6.16808404202101 5.773317020366249e-57
6.180090045022511 1.153224908635665e-56
6.192096048024012 2.284719404260659e-56
6.204102051025512 4.489637408899953e-56
6.216108054027013 8.751414940002355e-56
6.228114057028514 1.692243017639757e-55
6.240120060030015 3.246334240480481e-55
6.252126063031516 6.178714657327181e-55
6.264132066033016 1.166824565313807e-54
6.276138069034517 2.186469224964906e-54
6.288144072036018 4.065735899413154e-54
6.300150075037519 7.50274703901157e-54
6.31215607803902 1.374085898571827e-53
6.32416208104052 2.497737153593994e-53
6.336168084042021 4.506562808546492e-53
6.348174087043522 8.071165839264128e-53
6.360180090045023 1.434978190754359e-52
6.372186093046524 2.532784781238001e-52
6.384192096048024 4.438341699473658e-52
6.396198099049525 7.722143578268912e-52
6.408204102051026 1.334057845530884e-51
6.420210105052527 2.288525684408859e-51
6.432216108054027 3.898573069079406e-51
6.444222111055527 6.595511294467366e-51
6.456228114057028 1.108174194695431e-50
6.468234117058529 1.849302559219931e-50
6.48024012006003 3.065290277764889e-50
6.49224612306153 5.046868587173563e-50
6.504252126063031 8.254331681538707e-50
6.516258129064532 1.341139247057143e-49
6.528264132066033 2.164811548486273e-49
6.540270135067534 3.471702857817615e-49
6.552276138069034 5.531754643780371e-49
6.564282141070535 8.757952658877918e-49
6.576288144072036 1.377789073025839e-48
6.588294147073537 2.153893372759749e-48
6.600300150075038 3.346166698034227e-48
6.612306153076538 5.166223219143794e-48
6.624312156078039 7.927221993051742e-48
6.63631815907954 1.208957110799071e-47
6.648324162081041 1.832577174157513e-47
6.660330165082541 2.76117774349099e-47
6.672336168084042 4.135481634994764e-47
6.684342171085543 6.157098756743793e-47
6.696348174087044 9.113030034082867e-47
6.708354177088545 1.340924201523275e-46
6.720360180090045 1.961635013974652e-46
6.732366183091546 2.853134501060995e-46
6.744372186093047 4.126041391127118e-46
6.756378189094547 5.932928969761774e-46
6.768384192096048 8.48292442621973e-46
6.780390195097548 1.206088784585345e-45
6.792396198099049 1.705242881632214e-45
6.80440220110055 2.39763046519367e-45
6.816408204102051 3.352607667269691e-45
6.828414207103552 4.662328161965174e-45
6.840420210105052 6.448480401032887e-45
6.852426213106553 8.870760919230075e-45
6.864432216108054 1.213745096262788e-44
6.876438219109555 1.651851775769142e-44
6.888444222111056 2.236171694060091e-44
6.900450225112556 3.011222669285746e-44
6.912456228114057 4.033639390697899e-44
6.924462231115558 5.375021431046312e-44
6.936468234117059 7.125319706077708e-44
6.948474237118559 9.396827409653737e-44
6.96048024012006 1.232883987461441e-43
6.972486243121561 1.609304291613075e-43
6.984492246123062 2.089968017249151e-43
6.996498249124563 2.700453588930638e-43
7.008504252126063 3.471674960036212e-43
7.020510255127563 4.440745237963197e-43
7.032516258129064 5.651917999474111e-43
7.044522261130565 7.157597575810434e-43
7.056528264132066 9.019404475629455e-43
7.068534267133566 1.130927613603404e-42
7.080540270135067 1.41105763811245e-42
7.092546273136568 1.751917940589032e-42
7.104552276138069 2.164448593291511e-42
7.11655827913957 2.661032061659218e-42
7.12856428214107 3.255565107483947e-42
7.140570285142571 3.963506046613861e-42
7.152576288144072 4.801889773175683e-42
7.164582291145573 5.789302298920078e-42
7.176588294147074 6.945806066175785e-42
7.188594297148574 8.292807036858996e-42
7.200600300150075 9.852854602665371e-42
7.212606303151576 1.164936576686871e-41
7.224612306153077 1.370626587774524e-41
7.236618309154577 1.604753950246802e-41
7.248624312156078 1.869668686199225e-41
7.260630315157579 2.167608363237665e-41
7.27263631815908 2.500624486432917e-41
7.284642321160581 2.870499726915578e-41
7.296648324162081 3.27865681227374e-41
7.308654327163582 3.726060347977001e-41
7.320660330165083 4.213113316447867e-41
7.332666333166584 4.739550497394141e-41
7.344672336168085 5.304331552732651e-41
7.356678339169584 5.905537001856071e-41
7.368684342171085 6.5402707558968e-41
7.380690345172586 7.204573258134797e-41
7.392696348174087 7.893349566919425e-41
7.404702351175588 8.600316891305506e-41
7.416708354177088 9.317976123796498e-41
7.428714357178589 1.003761178711952e-40
7.44072036018009 1.074932450408449e-40
7.452726363181591 1.144209959814645e-40
7.464732366183092 1.2103914730112e-40
7.476738369184592 1.272188857389024e-40
7.488744372186093 1.328247144029974e-40
7.500750375187594 1.377167749034037e-40
7.512756378189095 1.417535676543899e-40
7.524762381190595 1.447950373895566e-40
7.536768384192096 1.467059750540035e-40
7.548774387193597 1.473596712545885e-40
7.560780390195098 1.466417409511087e-40
7.572786393196599 1.444540247001673e-40
7.584792396198099 1.407184591850584e-40
7.596798399199599 1.353807996339889e-40
7.6088044022011 1.284140696740422e-40
7.620810405202601 1.198216107500452e-40
7.632816408204102 1.096396039321793e-40
7.644822411205602 9.793894209016375e-41
7.656828414207103 8.482634023871403e-41
7.668834417208604 7.044458639705891e-41
7.680840420210105 5.497185441788594e-41
7.692846423211606 3.862002360225234e-41
7.704852426213106 2.163197700860489e-41
7.716858429214607 4.277880488523805e-42
7.728864432216108 -1.314952322645738e-41
7.740870435217609 -3.034053761380595e-41
7.75287643821911 -4.697495136504991e-41
7.76488244122061 -6.272915971872163e-41
7.776888444222111 -7.7283804588054e-41
7.788894447223612 -9.033174359899104e-41
7.800900450225113 -1.015861365408999e-40
7.812906453226613 -1.107884218901461e-40
7.824912456228114 -1.177159468676532e-40
7.836918459229615 -1.221890126058206e-40
7.848924462231116 -1.240771018636603e-40
7.860930465232617 -1.233040705105958e-40
7.872936468234117 -1.198521055870073e-40
7.884942471235618 -1.137642817438431e-40
7.896948474237119 -1.051455835765842e-40
7.90895447723862 -9.416230284559868e-41
7.920960480240121 -8.103976561984369e-41
7.932966483241621 -6.605839358919335e-41
7.944972486243121 -4.954815460219171e-41
7.956978489244622 -3.188150823455941e-41
7.968984492246123 -1.346500116766588e-41
7.980990495247624 5.270287341183406e-42
7.992996498249124 2.387920919778798e-41
8.005002501250626 4.1913645866825e-41
8.017008504252125 5.893394085924019e-41
8.029014507253628 7.452034860750294e-41
8.041020510255127 8.828417450452184e-41
8.053026513256629 9.98782834044807e-41
8.065032516258128 1.090066665368014e-40
8.077038519259631 1.15432779309553e-40
8.08904452226113 1.189863942795311e-40
8.101050525262632 1.195687537251113e-40
8.113056528264131 1.171558535691368e-40
8.125062531265632 1.11799743404373e-40
8.137068534267133 1.036277844221669e-40
8.149074537268634 9.283986633672068e-41
8.161080540270135 7.970364405970999e-41
8.173086543271635 6.454791302288473e-41
8.185092546273136 4.775429682976535e-41
8.197098549274637 2.974747061669154e-41
8.209104552276138 1.09841865618664e-41
8.221110555277638 -8.05859693276322e-42
8.233116558279139 -2.689615481619685e-41
8.24512256128064 -4.50486599116668e-41
8.257128564282141 -6.205372259937593e-41
8.269134567283642 -7.74784602603758e-41
8.281140570285142 -9.093076563061381e-41
8.293146573286643 -1.020694673836437e-40
8.305152576288144 -1.106131092212261e-40
8.317158579289645 -1.163471144077824e-40
8.329164582291146 -1.19129149718639e-40
8.341170585292646 -1.188925546876289e-40
8.353176588294147 -1.156477572165817e-40
8.365182591295648 -1.094816533557531e-40
8.377188594297149 -1.005549856756053e-40
8.389194597298649 -8.909780945945916e-41
8.40120060030015 -7.540318737813235e-41
8.413206603301651 -5.981929992503223e-41
8.425212606303152 -4.274019943482416e-41
8.437218609304653 -2.459546893631155e-41
8.449224612306153 -5.83907259474499e-42
8.461230615307654 1.306229846782513e-41
8.473236618309155 3.164107290715297e-41
8.485242621310656 4.944052687306377e-41
8.497248624312157 6.602609016049945e-41
8.509254627313657 8.099594532641597e-41
8.521260630315158 9.399065873419665e-41
8.533266633316659 1.047016133808195e-40
8.54527263631816 1.128780496740944e-40
8.55727863931966 1.18332560892766e-40
8.569284642321161 1.209449336356651e-40
8.58129064532266 1.206642688616617e-40
8.593296648324163 1.175093648507889e-40
8.605302651325662 1.115673883262677e-40
8.617308654327164 1.029909028840125e-40
8.629314657328663 9.199336369825534e-41
8.641320660330166 7.884322325476982e-41
8.653326663331665 6.385682380041704e-41
8.665332666333168 4.73902776478982e-41
8.677338669334667 2.983055597175693e-41
8.689344672336169 1.158601998974822e-41
8.701350675337668 -6.923364664413667e-42
8.713356678339169 -2.527588893751657e-41
8.72536268134067 -4.305780069756609e-41
8.737368684342171 -5.987261947618681e-41
8.749374687343671 -7.534985690876969e-41
8.761380690345172 -8.915295494094562e-41
8.773386693346673 -1.009862784648805e-40
8.785392696348174 -1.106010266900923e-40
8.797398699349674 -1.177999574233001e-40
8.809404702351175 -1.224408496955656e-40
8.821410705352676 -1.244386620030173e-40
8.833416708354177 -1.237663750172894e-40
8.845422711355678 -1.204545382166554e-40
8.857428714357178 -1.145895687952242e-40
8.869434717358679 -1.063108778090932e-40
8.88144072036018 -9.580692228721152e-41
8.893446723361681 -8.331030254013897e-41
8.905452726363182 -6.909204081276816e-41
8.917458729364682 -5.345519052362519e-41
8.929464732366183 -3.672793449224248e-41
8.941470735367684 -1.925633575827587e-41
8.953476738369185 -1.39690591612993e-42
8.965482741370685 1.649084650984391e-41
8.977488744372186 3.405173100124991e-41
8.989494747373687 5.094190569005319e-41
9.001500750375188 6.683548795895076e-41
9.013506753376689 8.143062349082347e-41
9.025512756378189 9.445490846146169e-41
9.03751875937969 1.056700772670839e-40
9.049524762381191 1.148758869055003e-40
9.061530765382692 1.219131484248756e-40
9.073536768384193 1.266658752697215e-40
9.085542771385693 1.290625374660136e-40
9.097548774387194 1.290764290054149e-40
9.109554777388695 1.267251731593905e-40
9.121560780390196 1.220694064693688e-40
9.133566783391696 1.152106965588565e-40
9.145572786393197 1.062887614884206e-40
9.157578789394698 9.547806896676573e-41
9.169584792396197 8.298390223589068e-41
9.1815907953977 6.903798581010714e-41
9.193596798399199 5.389376846158289e-41
9.205602801400701 3.782146294742911e-41
9.2176088044022 2.110294204523284e-41
9.229614807403703 4.026588622035405e-42
9.241620810405202 -1.311780614598696e-41
9.253626813406704 -3.004400748483179e-41
9.265632816408203 -4.647408234189853e-41
9.277638819409706 -6.214285077110215e-41
9.289644822411205 -7.680197758868268e-41
9.301650825412706 -9.022364799249169e-41
9.313656828414207 -1.022037808423514e-40
9.325662831415707 -1.12564743601479e-40
9.337668834417208 -1.211575433282776e-40
9.349674837418709 -1.278634783864007e-40
9.36168084042021 -1.325952455260407e-40
9.37368684342171 -1.352975065170401e-40
9.385692846423211 -1.359469274393142e-40
9.397698849424712 -1.345517119355744e-40
9.409704852426213 -1.311506571035262e-40
9.421710855427714 -1.258117671708167e-40
9.433716858429214 -1.186304655988788e-40
9.445722861430715 -1.097274507663049e-40
9.457728864432216 -9.924624387336718e-41
9.469734867433717 -8.735048019147491e-41
9.481740870435218 -7.422099627675734e-41
9.493746873436718 -6.005276631377076e-41
9.505752876438219 -4.505174040568965e-41
9.51775887943972 -2.9431636445371e-41
9.529764882441221 -1.341073526142123e-41
9.541770885442721 2.791273883355065e-42
9.553776888444222 1.895635356945507e-41
9.565782891445723 3.487104410589949e-41
9.577788894447224 5.032921896307923e-41
9.589794897448725 6.513463811287668e-41
9.601800900450225 7.910327227561153e-41
9.613806903451726 9.206537584500973e-41
9.625812906453227 1.03867291081621e-40
9.637818909454728 1.143729709534049e-40
9.649824912456229 1.234652126870532e-40
9.661830915457729 1.310465986098788e-40
9.67383691845923 1.370401451518917e-40
9.685842921460731 1.413896648913141e-40
9.697848924462232 1.440598502224443e-40
9.709854927463732 1.450360905689523e-40
9.721860930465233 1.443240380326613e-40
9.733866933466732 1.419489389400188e-40
9.745872936468235 1.379547509152423e-40
9.757878939469734 1.324030668671913e-40
9.769884942471236 1.253718686294676e-40
9.781890945472735 1.169541339489832e-40
9.793896948474238 1.072563210913911e-40
9.805902951475737 9.639675554124894e-41
9.81790895447724 8.450394314322311e-41
9.829914957478739 7.171483358395384e-41
9.841920960480241 5.817305738106693e-41
9.85392696348174 4.402715855654732e-41
9.865932966483243 2.9428843958148e-41
9.877938969484742 1.453126878718858e-41
9.889944972486242 -5.126236733553975e-43
9.901950975487743 -1.555169182775499e-41
9.913956978489244 -3.043810051708017e-41
9.925962981490745 -4.502872808415546e-41
9.937968984492246 -5.918646497559952e-41
9.949974987493746 -7.278139499824862e-41
9.961980990495247 -8.569185222649226e-41
9.973986993496748 -9.780534839699277e-41
9.985992996498249 -1.090193674073979e-40
9.99799899949975 -1.192420252378866e-40
10.01000500250125 -1.283925952230779e-40
10.02201100550275 -1.364019001038468e-40
10.03401700850425 -1.432125736732395e-40
10.04602301150575 -1.487791960896471e-40
10.05802901450725 -1.530683080576187e-40
10.07003501750875 -1.560583100684081e-40
10.08204102051026 -1.5773925374663e-40
10.09404702351176 -1.581125330663751e-40
10.10605302651326 -1.57190483781527e-40
10.11805902951476 -1.549958998643113e-40
10.13006503251626 -1.515614760676575e-40
10.14207103551776 -1.46929185927031e-40
10.15407703851926 -1.41149604602555e-40
10.16608304152076 -1.342811859403655e-40
10.17808904452226 -1.263895030115286e-40
10.19009504752376 -1.175464611763564e-40
10.20210105052526 -1.078294924307956e-40
10.21410705352676 -9.732073942910318e-41
10.22611305652826 -8.610623715272703e-41
10.23811905952977 -7.427509971852945e-41
10.25012506253126 -6.191871929950416e-41
10.26213106553277 -4.912998357682651e-41
10.27413706853427 -3.600251756206927e-41
10.28614307153577 -2.262995503087496e-41
10.29814907453727 -9.105244201981535e-42
10.31015507753877 4.480008314582796e-42
10.32216108054027 1.803615188252226e-41
10.33416708354177 3.147606169622035e-41
10.34617308654327 4.471566188937825e-41
10.35817908954477 5.76744002161622e-41
10.37018509254627 7.027567316256173e-41
10.38219109554777 8.244720085486212e-41
10.39419709854927 9.412135161069773e-41
10.40620310155078 1.052354164237307e-40
10.41820910455228 1.157318340837572e-40
10.43021510755378 1.255583680087029e-40
10.44222111055528 1.346682362027049e-40
10.45422711355678 1.430201960549511e-40
10.46623311655828 1.50578585957158e-40
10.47823911955978 1.5731332594405e-40
10.49024512256128 1.631998797516035e-40
10.50225112556278 1.682191808432856e-40
10.51425712856428 1.723575250763427e-40
10.52626313156578 1.756064327699429e-40
10.53826913456728 1.779624829963505e-40
10.55027513756878 1.794271229472077e-40
10.56228114057028 1.800064552314358e-40
10.57428714357179 1.797110059412859e-40
10.58629314657329 1.785554762808523e-40
10.59829914957479 1.765584804890235e-40
10.61030515257629 1.737422727086296e-40
10.62231115557779 1.701324653575226e-40
10.63431715857929 1.657577414476833e-40
10.64632316158079 1.606495631772009e-40
10.65832916458229 1.548418789891339e-40
10.67033516758379 1.483708311527136e-40
10.68234117058529 1.412744657779215e-40
10.69434717358679 1.335924470258673e-40
10.70635317658829 1.253657771262028e-40
10.7183591795898 1.166365236604818e-40
10.7303651825913 1.074475554183492e-40
10.7423711855928 9.784228798286e-41
10.7543771885943 8.786444005328374e-41
10.7663831915958 7.755780136939839e-41
10.7783891945973 6.696601296140299e-41
10.7903951975988 5.613236031495665e-41
10.8024012006003 4.509957991210602e-41
10.8144072036018 3.390967948657006e-41
10.8264132066033 2.26037722164115e-41
10.8384192096048 1.122192496890916e-41
10.8504252126063 -1.969793883071579e-43
10.8624312156078 -1.161536568892089e-41
10.87443721860931 -2.299707634685528e-41
10.8864432216108 -3.430746765459328e-41
10.89844922461231 -4.551349281300291e-41
10.91045522761381 -5.658377206718069e-41
10.92246123061531 -6.748865037780829e-41
10.93446723361681 -7.820024310528405e-41
10.94647323661831 -8.869247022469115e-41
10.95847923961981 -9.894107962376836e-41
10.97048524262131 -1.08923660063782e-40
10.98249124562281 -1.186196444048621e-40
10.99449724862431 -1.280103037133414e-40
11.00650325162581 -1.370787328792657e-40
11.01850925462731 -1.458098283778941e-40
11.03051525762881 -1.541902588100802e-40
11.04252126063032 -1.622084288532699e-40
11.05452726363182 -1.698544372478574e-40
11.06653326663332 -1.771200294331898e-40
11.07853926963482 -1.839985454339384e-40
11.09054527263632 -1.904848635812597e-40
11.10255127563782 -1.965753406344504e-40
11.11455727863932 -2.022677488480098e-40
11.12656328164082 -2.075612105064909e-40
11.13856928464232 -2.124561304255293e-40
11.15057528764382 -2.169541268922627e-40
11.16258129064532 -2.210579614922927e-40
11.17458729364682 -2.247714682436171e-40
11.18659329664832 -2.280994824308149e-40
11.19859929964982 -2.310477695054234e-40
11.21060530265133 -2.336229543910787e-40
11.22261130565283 -2.358324515048017e-40
11.23461730865433 -2.376843957789465e-40
11.24662331165583 -2.391875749419457e-40
11.25862931465733 -2.403513632901904e-40
11.27063531765883 -2.411856571583155e-40
11.28264132066033 -2.417008122708931e-40
11.29464732366183 -2.419075831351851e-40
11.30665332666333 -2.418170646121831e-40
11.31865932966483 -2.414406357818009e-40
11.33066533266633 -2.407899061977573e-40
11.34267133566783 -2.398766646084689e-40
11.35467733866933 -2.387128302021898e-40
11.36668334167084 -2.37310406417658e-40
11.37868934467234 -2.356814373457017e-40
11.39069534767384 -2.33837966732567e-40
11.40270135067534 -2.317919995821859e-40
11.41470735367684 -2.295554663421464e-40
11.42671335667834 -2.271401896467808e-40
11.43871935967984 -2.245578535804958e-40
11.45072536268134 -2.218199754151965e-40
11.46273136568284 -2.189378797673977e-40
11.47473736868434 -2.159226751133039e-40
11.48674337168584 -2.127852325937436e-40
11.49874937468734 -2.095361670353264e-40
11.51075537768885 -2.061858201095007e-40
11.52276138069034 -2.027442455472877e-40
11.53476738369185 -1.992211963242932e-40
11.54677338669335 -1.956261137281408e-40
11.55877938969485 -1.919681182186219e-40
11.57078539269635 -1.882560019896495e-40
11.58279139569785 -1.844982231414195e-40
11.59479739869935 -1.807029013710257e-40
11.60680340170085 -1.768778150900805e-40
11.61880940470235 -1.730303998786226e-40
11.63081540770385 -1.691677481857098e-40
11.64282141070535 -1.652966101885509e-40
11.65482741370685 -1.614233957238001e-40
11.66683341670835 -1.575541772066736e-40
11.67883941970986 -1.536946934558204e-40
11.69084542271136 -1.498503543443572e-40
11.70285142571286 -1.460262462001294e-40
11.71485742871436 -1.422271378810521e-40
11.72686343171586 -1.384574874543018e-40
11.73886943471736 -1.347214494111276e-40
11.75087543771886 -1.310228823521299e-40
11.76288144072036 -1.273653570809688e-40
11.77488744372186 -1.237521650476144e-40
11.78689344672336 -1.201863270854066e-40
11.79889944972486 -1.166706023893376e-40
11.81090545272636 -1.132074976860969e-40
11.82291145572786 -1.09799276549507e-40
11.83491745872936 -1.064479688180154e-40
11.84692346173087 -1.031553800738928e-40
11.85892946473237 -9.992310114669582e-41
11.87093546773387 -9.675251760639081e-41
11.88294147073537 -9.364481921428261e-41
11.89494747373687 -9.060100930255875e-41
11.90695347673837 -8.762191405582207e-41
11.91895947973987 -8.47081916704546e-41
11.93096548274137 -8.186034137002263e-41
11.94297148574287 -7.907871225719433e-41
11.95497748874437 -7.636351198479869e-41
11.96698349174587 -7.371481523070522e-41
11.97898949474737 -7.113257196314817e-41
11.99099549774887 -6.861661548495628e-41
12.00300150075038 -6.616667024688156e-41
12.01500750375187 -6.378235942184982e-41
12.02701350675338 -6.14632122334813e-41
12.03901950975488 -5.920867103365461e-41
12.05102551275638 -5.701809812521657e-41
12.06303151575788 -5.489078232717161e-41
12.07503751875938 -5.282594528082549e-41
12.08704352176088 -5.082274749640778e-41
12.09904952476238 -4.88802941406628e-41
12.11105552776388 -4.699764056678047e-41
12.12306153076538 -4.517379758883941e-41
12.13506753376688 -4.340773650366273e-41
12.14707353676839 -4.169839386363899e-41
12.15907953976988 -4.004467600464709e-41
12.17108554277139 -3.844546333374282e-41
12.18309154577289 -3.689961438172227e-41
12.19509754877439 -3.540596962607808e-41
12.20710355177589 -3.396335509020788e-41
12.21910955477739 -3.25705857250282e-41
12.23111555777889 -3.122646857939195e-41
12.24312156078039 -2.992980576590757e-41
12.25512756378189 -2.867939722891671e-41
12.26713356678339 -2.747404332150623e-41
12.27913956978489 -2.631254719851427e-41
12.29114557278639 -2.519371703254108e-41
12.30315157578789 -2.411636805999513e-41
12.31515757878939 -2.307932446419808e-41
12.3271635817909 -2.208142110253957e-41
12.3391695847924 -2.112150508461731e-41
12.3511755877939 -2.019843720822179e-41
12.3631815907954 -1.931109325993081e-41
12.3751875937969 -1.84583651869674e-41
12.3871935967984 -1.763916214684979e-41
12.3991995997999 -1.68524114412235e-41
12.4112056028014 -1.609705934011576e-41
12.4232116058029 -1.537207180269428e-41
12.4352176088044 -1.46764351004444e-41
12.4472236118059 -1.400915634850583e-41
12.4592296148074 -1.336926395073018e-41
12.4712356178089 -1.275580796383746e-41
12.48324162081041 -1.216786038586282e-41
12.49524762381191 -1.160451537389624e-41
12.50725362681341 -1.106488939592735e-41
12.51925962981491 -1.054812132141725e-41
12.53126563281641 -1.005337245502889e-41
12.54327163581791 -9.579826517758096e-42
12.55527763881941 -9.126689579519876e-42
12.56728364182091 -8.693189947058977e-42
12.57928964482241 -8.27857801087081e-42
12.59129564782391 -7.882126054639078e-42
12.60330165082541 -7.503128030520148e-42
12.61530765382691 -7.140899303431658e-42
12.62731365682841 -6.79477636733442e-42
12.63931965982992 -6.464116536332535e-42
12.65132566283141 -6.14829761325709e-42
12.66333166583292 -5.846717538243854e-42
12.67533766883442 -5.558794019665331e-42
12.68734367183592 -5.283964149632317e-42
12.69934967483742 -5.021684006139955e-42
12.71135567783892 -4.771428243797995e-42
12.72336168084042 -4.532689674954948e-42
12.73536768384192 -4.304978842900546e-42
12.74737368684342 -4.087823588710926e-42
12.75937968984492 -3.880768613185676e-42
12.77138569284642 -3.683375035215659e-42
12.78339169584793 -3.495219947815018e-42
12.79539769884942 -3.315895972950036e-42
12.80740370185093 -3.145010816201393e-42
12.81940970485243 -2.98218682220476e-42
12.83141570785393 -2.827060531727427e-42
12.84342171085543 -2.679282241155697e-42
12.85542771385693 -2.538515565088982e-42
12.86743371685843 -2.404437002661616e-42
12.87943971985993 -2.27673550814248e-42
12.89144572286143 -2.155112066295144e-42
12.90345172586293 -2.039279272917505e-42
12.91545772886443 -1.928960920919492e-42
12.92746373186593 -1.82389159224025e-42
12.93946973486743 -1.723816255852133e-42
12.95147573786893 -1.62848987204768e-42
12.96348174087044 -1.537677003157289e-42
12.97548774387194 -1.451151430799536e-42
12.98749374687344 -1.368695779722669e-42
12.99949974987494 -1.290101148254715e-42
13.01150575287644 -1.215166745340669e-42
13.02351175587794 -1.143699534108214e-42
13.03551775887944 -1.075513881868227e-42
13.04752376188094 -1.010431216422781e-42
13.05952976488244 -9.482796885213245e-43
13.07153576788394 -8.888938402750111e-43
13.08354177088544 -8.321142793097021e-43
13.09554777388694 -7.777873584096874e-43
13.10755377688844 -7.257648603766601e-43
13.11955977988995 -6.75903687801671e-43
13.13156578289145 -6.280655574216128e-43
13.14357178589295 -5.821166987060333e-43
13.15557778889445 -5.379275562946364e-43
13.16758379189595 -4.953724958805436e-43
13.17958979489745 -4.543295131090894e-43
13.19159579789895 -4.146799450364788e-43
13.20360180090045 -3.763081836668787e-43
13.21560780390195 -3.391013910602902e-43
13.22761380690345 -3.029492154767062e-43
13.23961980990495 -2.677435079944212e-43
13.25162581290645 -2.333780390117761e-43
13.26363181590795 -1.997482140119136e-43
13.27563781890946 -1.667507879391096e-43
13.28764382191095 -1.34283577502767e-43
13.29964982491246 -1.022451706910049e-43
13.31165582791396 -7.053463273977323e-44
13.32366183091546 -3.905120776535706e-44
13.33566783391696 -7.69401522780205e-45
13.34767383691846 2.363825965002827e-44
13.35967983991996 5.504768242858712e-44
13.37168584292146 8.663739393228712e-44
13.38369184592296 1.185119436856671e-43
13.39569784892446 1.507776333812742e-43
13.40770385192596 1.8354287151438e-43
13.41970985492746 2.169185403826319e-43
13.43171585792896 2.510183767160823e-43
13.44372186093047 2.859593672750779e-43
13.45572786393197 3.218621608305808e-43
13.46773386693347 3.588514980239953e-43
13.47973986993497 3.970566606919042e-43
13.49174587293647 4.366119423356801e-43
13.50375187593797 4.776571415171826e-43
13.51575787893947 5.203380800701814e-43
13.52776388194097 5.648071481332207e-43
13.53976988494247 6.112238781339625e-43
13.55177588794397 6.59755549988141e-43
13.56378189094547 7.10577829918786e-43
13.57578789394697 7.638754454539574e-43
13.58779389694847 8.198428993246122e-43
13.59979989994997 8.78685225159112e-43
13.61180590295148 9.406187880581236e-43
13.62381190595298 1.005872133334077e-42
13.63581790895448 1.074686886913887e-42
13.64782391195598 1.147318711133264e-42
13.65982991495748 1.224038319896711e-42
13.67183591795898 1.305132557440312e-42
13.68384192096048 1.390905545215943e-42
13.69584792396198 1.481679901716726e-42
13.70785392696348 1.577798040385955e-42
13.71985992996498 1.679623551096619e-42
13.73186593296648 1.7875426710578e-42
13.74387193596798 1.901965851399148e-42
13.75587793896949 2.023329426107259e-42
13.76788394197099 2.152097390439932e-42
13.77988994497248 2.288763296428104e-42
13.79189594797399 2.433852273592931e-42
13.80390195097549 2.587923183559293e-42
13.81590795397699 2.751570917839663e-42
13.82791395697849 2.925428848696266e-42
13.83991995997999 3.110171443667876e-42
13.85192596298149 3.306517055073389e-42
13.86393196598299 3.515230896580981e-42
13.87593796898449 3.737128219762492e-42
13.88794397198599 3.973077704441843e-42
13.89994997498749 4.224005077597485e-42
13.911955977989 4.49089697659681e-42
13.92396198099049 4.774805073629509e-42
13.935967983992 5.07685047937228e-42
13.9479739869935 5.398228445164302e-42
13.959979989995 5.740213384307206e-42
13.9719859929965 6.104164234531234e-42
13.983991995998 6.491530185197185e-42
13.9959979989995 6.90385679443894e-42
14.008004002001 7.342792523201165e-42
14.0200100050025 7.810095714999383e-42
14.032016008004 8.307642052233785e-42
14.0440220110055 8.837432522032796e-42
14.056028014007 9.401601926898032e-42
14.0680340170085 1.000242797787899e-41
14.08004002001 1.064234101063526e-41
14.09204602301151 1.132393436755866e-41
14.10405202601301 1.204997549213977e-41
14.11605802901451 1.282341778498815e-41
14.12806403201601 1.364741327436673e-41
14.14007003501751 1.452532615779552e-41
14.15207603801901 1.546074727523466e-41
14.16408204102051 1.645750957859057e-41
14.17608804402201 1.751970466682116e-41
14.18809404702351 1.865170046076799e-41
14.20010005002501 1.98581600970378e-41
14.21210605302651 2.114406212581692e-41
14.22411205602801 2.251472210345603e-41
14.23611805902951 2.397581567703739e-41
14.24812406203102 2.553340326496191e-41
14.26013006503252 2.719395644490159e-41
14.27213606803402 2.896438616828728e-41
14.28414207103552 3.085207292888101e-41
14.29614807403702 3.286489902195365e-41
14.30815407703852 3.501128304019614e-41
14.32016008004002 3.730021676278073e-41
14.33216608304152 3.974130460500604e-41
14.34417208604302 4.234480580775799e-41
14.35617808904452 4.5121679558655e-41
14.36818409204602 4.808363325027712e-41
14.38019009504752 5.12431740953727e-41
14.39219609804903 5.461366433445754e-41
14.40420210105053 5.82093802878471e-41
14.41620810405203 6.204557552196876e-41
14.42821410705353 6.613854841887354e-41
14.44022011005503 7.050571445829634e-41
14.45222611305653 7.516568354349604e-41
14.46423211605803 8.013834272554787e-41
14.47623811905953 8.544494470586918e-41
14.48824412206103 9.110820252365842e-41
14.50025012506253 9.715239086374139e-41
14.51225612806403 1.036034544511882e-40
14.52426213106553 1.104891240321333e-40
14.53626813406703 1.178390404756612e-40
14.54827413706853 1.256848875695761e-40
14.56028014007003 1.340605341235424e-40
14.57228614307154 1.430021860366509e-40
14.58429214607304 1.525485490331525e-40
14.59629814907454 1.627410028201153e-40
14.60830415207604 1.736237874743624e-40
14.62031015507754 1.852442029234672e-40
14.63231615807904 1.976528224471253e-40
14.64432216108054 2.10903721191156e-40
14.65632816408204 2.25054720757047e-40
14.66833416708354 2.401676510056738e-40
14.68034017008504 2.563086302949662e-40
14.69234617308654 2.735483654582519e-40
14.70435217608804 2.919624729231956e-40
14.71635817908954 3.116318224711205e-40
14.72836418209105 3.326429052435359e-40
14.74037018509255 3.550882277174063e-40
14.75237618809405 3.790667334936439e-40
14.76438219109555 4.046842548750783e-40
14.77638819409705 4.320539963513966e-40
14.78839419709855 4.612970522599283e-40
14.80040020010005 4.925429610534113e-40
14.81240620310155 5.259302987798027e-40
14.82441220610305 5.616073145656304e-40
14.83641820910455 5.997326110942237e-40
14.84842421210605 6.404758732843845e-40
14.86043021510755 6.840186486047008e-40
14.87243621810905 7.30555182704878e-40
14.88444222111056 7.802933143093661e-40
14.89644822411206 8.334554336014762e-40
14.90845422711356 8.902795086294815e-40
14.92046023011506 9.510201845913604e-40
14.93246623311656 1.015949961203452e-39
14.94447223611806 1.085360453732051e-39
14.95647823911956 1.159563743667678e-39
14.96848424212106 1.238893825451413e-39
14.98049024512256 1.323708156123327e-39
14.99249624812406 1.414389315256957e-39
15.00450225112556 1.511346783073381e-39
15.01650825412706 1.615018845196278e-39
15.02851425712857 1.725874633118288e-39
15.04052026013007 1.844416310101873e-39
15.05252626313157 1.97118141293802e-39
15.06453226613307 2.106745360736903e-39
15.07653826913457 2.25172414272969e-39
15.08854427213607 2.406777197924061e-39
15.10055027513757 2.572610500381849e-39
15.11255627813907 2.749979864880094e-39
15.12456228114057 2.939694488781667e-39
15.13656828414207 3.14262074708352e-39
15.14857428714357 3.359686258835392e-39
15.16058029014507 3.591884244435252e-39
15.17258629314657 3.840278194716571e-39
15.18459229614807 4.106006874253337e-39
15.19659829914957 4.390289682929329e-39
15.20860430215108 4.694432401556261e-39
15.22061030515258 5.019833349189655e-39
15.23261630815408 5.367989981791008e-39
15.24462231115558 5.740505964029588e-39
15.25662831415708 6.139098748317923e-39
15.26863431715858 6.565607697642796e-39
15.28064032016008 7.022002791400796e-39
15.29264632316158 7.51039395628702e-39
15.30465232616308 8.033041067331666e-39
15.31665832916458 8.592364667446828e-39
15.32866433216608 9.190957457351225e-39
15.34067033516758 9.831596611500943e-39
15.35267633816908 1.051725697968849e-38
15.36468234117059 1.125112523830016e-38
15.37668834417209 1.203661505986482e-38
15.38869434717359 1.287738337450828e-38
15.40070035017509 1.377734780227156e-38
15.41270635317659 1.47407053409847e-38
15.42471235617809 1.577195240053949e-38
15.43671835917959 1.687590628100388e-38
15.44872436218109 1.805772819910257e-38
15.46073036518259 1.93229479751855e-38
15.47273636818409 2.067749050095816e-38
15.48474237118559 2.212770411699444e-38
15.49674837418709 2.368039103843815e-38
15.50875437718859 2.534283997736959e-38
15.5207603801901 2.712286112111967e-38
15.5327663831916 2.902882363740921e-38
15.5447723861931 3.106969588963303e-38
15.5567783891946 3.325508855896027e-38
15.5687843921961 3.559530088424932e-38
15.5807903951976 3.810137024615048e-38
15.5927963981991 4.078512533826856e-38
15.6048024012006 4.365924318596276e-38
15.6168084042021 4.673731029236235e-38
15.6288144072036 5.003388821156737e-38
15.6408204102051 5.356458387088681e-38
15.6528264132066 5.734612498745226e-38
15.6648324162081 6.1396440949749e-38
15.6768384192096 6.573474956165748e-38
15.6888444222111 7.038165007562915e-38
15.70085042521261 7.535922297277957e-38
15.71285642821411 8.069113698112327e-38
15.72486243121561 8.640276385906725e-38
15.73686843421711 9.25213015098044e-38
15.74887443721861 9.907590603359582e-38
15.76088044022011 1.060978333693123e-37
15.77288644322161 1.136205912242408e-37
15.78489244622311 1.216801020422939e-37
15.79689844922461 1.303148778156399e-37
15.80890445222611 1.395662076036881e-37
15.82091045522761 1.494783586865914e-37
15.83291645822911 1.600987923483149e-37
15.84492246123061 1.714783953571768e-37
15.85692846423212 1.836717282899859e-37
15.86893446723362 1.967372919298609e-37
15.88094047023512 2.10737813057947e-37
15.89294647323662 2.25740551056002e-37
15.90495247623812 2.418176268406898e-37
15.91695847923962 2.590463757619237e-37
15.92896448224112 2.775097262173052e-37
15.94097048524262 2.972966058632124e-37
15.95297648824412 3.185023774410518e-37
15.96498249124562 3.412293063852987e-37
15.97698849424712 3.655870625389652e-37
15.98899449724862 3.916932584728471e-37
16.00100050025013 4.196740270881844e-37
16.01300650325162 4.496646413791491e-37
16.02501250625313 4.818101794428424e-37
16.03701850925463 5.162662380513142e-37
16.04902451225613 5.53199698343659e-37
16.06103051525763 5.92789547457731e-37
16.07303651825913 6.352277602017723e-37
16.08504252126063 6.807202451677084e-37
16.09704852426213 7.294878600115306e-37
16.10905452726363 7.817675009737316e-37
16.12106053026513 8.378132720859308e-37
16.13306653326664 8.9789773991052e-37
16.14507253626813 9.623132800904212e-37
16.15707853926963 1.031373522448045e-36
16.16908454227114 1.105414901868646e-36
16.18109054527264 1.184798322735973e-36
16.19309654827414 1.269910945260176e-36
16.20510255127564 1.361168102652174e-36
16.21710855427714 1.459015358758383e-36
16.22911455727864 1.563930716477994e-36
16.24112056028014 1.676426988045759e-36
16.25312656328164 1.797054339080071e-36
16.26513256628314 1.926403019173399e-36
16.27713856928464 2.065106292744271e-36
16.28914457228614 2.213843584881647e-36
16.30115057528764 2.373343857999138e-36
16.31315657828915 2.544389236283342e-36
16.32516258129064 2.727818896173739e-36
16.33716858429214 2.924533242457481e-36
16.34917458729365 3.135498391007777e-36
16.36118059029515 3.361750980746988e-36
16.37318659329665 3.604403339082751e-36
16.38519259629815 3.864649026856118e-36
16.39719859929965 4.143768790763858e-36
16.40920460230115 4.443136953282651e-36
16.42121060530265 4.764228272341425e-36
16.43321660830415 5.108625305370873e-36
16.44522261130565 5.478026314918526e-36
16.45722861430716 5.874253755766626e-36
16.46923461730865 6.299263386442598e-36
16.48124062031015 6.755154051183305e-36
16.49324662331166 7.244178181820619e-36
16.50525262631316 7.768753072714722e-36
16.51725862931466 8.33147298579168e-36
16.52926463231616 8.935122146963382e-36
16.54127063531766 9.582688699742412e-36
16.55327663831916 1.027737968673543e-35
16.56528264132066 1.102263713493069e-35
16.57728864432216 1.182215532631573e-35
16.58929464732366 1.267989934139869e-35
16.60130065032516 1.360012496969186e-35
16.61330665332666 1.458740008818313e-35
16.62531265632816 1.564662761630446e-35
16.63731865932967 1.678307016394621e-35
16.64932466233117 1.800237649770242e-35
16.66133066533267 1.931060995980971e-35
16.67333666833417 2.071427898420947e-35
16.68534267133567 2.222036986486961e-35
16.69734867433717 2.383638194300526e-35
16.70935467733867 2.557036539219417e-35
16.72136068034017 2.743096179365855e-35
16.73336668334167 2.942744770824662e-35
16.74537268634317 3.156978146696951e-35
16.75737868934467 3.386865341840992e-35
16.76938469234617 3.633553988900417e-35
16.78139069534767 3.898276113119892e-35
16.79339669834918 4.182354355489718e-35
16.80540270135068 4.487208655953899e-35
16.81740870435218 4.814363430772526e-35
16.82941470735368 5.165455280660818e-35
16.84142071035518 5.542241269047169e-35
16.85342671335668 5.946607812714814e-35
16.86543271635818 6.380580230231559e-35
16.87743871935968 6.846332996945593e-35
16.88944472236118 7.346200758950005e-35
16.90145072536268 7.882690162313238e-35
16.91345672836418 8.458492558057179e-35
16.92546273136568 9.076497647860793e-35
16.93746873436718 9.739808140298221e-35
16.94947473736868 1.045175549261118e-34
16.96148074037018 1.121591681859301e-34
16.97348674337169 1.203613304915515e-34
16.98549274637319 1.29165284385862e-34
16.99749874937469 1.386153151643387e-34
17.00950475237619 1.487589759237513e-34
17.02151075537769 1.596473292943e-34
17.03351675837919 1.71335207094594e-34
17.04552276138069 1.838814892411322e-34
17.05752876438219 1.973494033430802e-34
17.06953476738369 2.118068465196666e-34
17.08154077038519 2.273267310919928e-34
17.09354677338669 2.43987355924063e-34
17.10555277638819 2.618728053200309e-34
17.1175587793897 2.810733775267092e-34
17.1295647823912 3.016860450430433e-34
17.14157078539269 3.238149491022895e-34
17.1535767883942 3.475719308689309e-34
17.1655827913957 3.730771020818075e-34
17.1775887943972 4.004594580785271e-34
17.1895947973987 4.298575363550145e-34
17.2016008004002 4.614201240491835e-34
17.2136068034017 4.953070179903978e-34
17.2256128064032 5.316898412279539e-34
17.2376188094047 5.707529202436498e-34
17.2496248124062 6.126942273671559e-34
17.26163081540771 6.577263932499721e-34
17.27363681840921 7.060777946160233e-34
17.2856428214107 7.579937228962706e-34
17.29764882441221 8.137376397731492e-34
17.30965482741371 8.735925261103404e-34
17.32166083041521 9.378623312267084e-34
17.33366683341671 1.006873529992675e-33
17.34567283641821 1.080976795785601e-33
17.35767883941971 1.16054879794075e-33
17.36968484242121 1.245994132979361e-33
17.38169084542271 1.337747399588413e-33
17.39369684842421 1.436275428071722e-33
17.40570285142572 1.542079675792656e-33
17.41770885442721 1.655698800989376e-33
17.42971485742871 1.77771142826852e-33
17.44172086043022 1.908739120077414e-33
17.45372686343172 2.049449569523568e-33
17.46573286643321 2.200560031058708e-33
17.47773886943472 2.362841006779234e-33
17.48974487243622 2.537120207421905e-33
17.50175087543772 2.724286808559873e-33
17.51375687843922 2.925296024037294e-33
17.52576288144072 3.141174020328597e-33
17.53776888444222 3.373023197279843e-33
17.54977488744372 3.622027862593465e-33
17.56178089044522 3.889460329464315e-33
17.57378689344672 4.176687468974717e-33
17.58579289644823 4.48517775122092e-33
17.59779889944972 4.816508811685111e-33
17.60980490245122 5.172375582099435e-33
17.62181090545273 5.554599027985408e-33
17.63381690845423 5.965135538209265e-33
17.64582291145573 6.406087015287444e-33
17.65782891445723 6.879711718824498e-33
17.66983491745873 7.3884359183873e-33
17.68184092046023 7.934866416334924e-33
17.69384692346173 8.521804005655196e-33
17.70585292646323 9.152257932730288e-33
17.71785892946473 9.829461440190428e-33
17.72986493246623 1.055688847064423e-32
17.74187093546773 1.133827161812574e-32
17.75387693846923 1.217762142060385e-32
17.76588294147074 1.30792470938934e-32
17.77788894447224 1.40477788148254e-32
17.78989494747374 1.508819166961615e-32
17.80190095047524 1.620583139206394e-32
17.81390695347674 1.740644202554261e-32
17.82591295647824 1.869619565280327e-32
17.83791895947974 2.008172434839063e-32
17.84992496248124 2.157015452008669e-32
17.86193096548274 2.316914381827086e-32
17.87393696848424 2.48869208055e-32
17.88594297148574 2.673232759303202e-32
17.89794897448724 2.871486566652069e-32
17.90995497748874 3.084474513977676e-32
17.92196098049025 3.313293769341031e-32
17.93396698349175 3.559123347443417e-32
17.94597298649325 3.823230225362102e-32
17.95797898949475 4.106975915967457e-32
17.96998499249625 4.411823533321652e-32
17.98199099549775 4.739345386933066e-32
17.99399699849925 5.091231144507897e-32
18.00600300150075 5.469296605815791e-32
18.01800900450225 5.875493133485153e-32
18.03001500750375 6.311917789983183e-32
18.04202101050525 6.780824233733367e-32
18.05402701350675 7.284634431298981e-32
18.06603301650825 7.825951246835713e-32
18.07803901950975 8.407571974612433e-32
18.09004502251126 9.032502885340683e-32
18.10205102551276 9.703974862366393e-32
18.11405702851426 1.042546020948991e-31
18.12606303151576 1.120069071832253e-31
18.13806903451726 1.203367708969166e-31
18.15007503751876 1.292872981070763e-31
18.16208104052026 1.389048159673976e-31
18.17408704352176 1.492391151575857e-31
18.18609304652326 1.603437092132766e-31
18.19809904952476 1.722761133001953e-31
18.21010505252626 1.850981438923433e-31
18.22211105552776 1.988762409237333e-31
18.23411705852926 2.136818141011733e-31
18.24612306153077 2.295916151924613e-31
18.25812906453227 2.466881382407682e-31
18.27013506753377 2.650600498026588e-31
18.28214107053527 2.84802651464922e-31
18.29414707353677 3.060183770649728e-31
18.30615307653827 3.288173272219457e-31
18.31815907953977 3.533178439816881e-31
18.33016508254127 3.796471285897144e-31
18.34217108554277 4.079419056329101e-31
18.35417708854427 4.383491370345793e-31
18.36618309154577 4.710267896495904e-31
18.37818909454727 5.061446604882878e-31
18.39019509754878 5.438852639009711e-31
18.40220110055028 5.844447853807291e-31
18.41420710355177 6.280341069929405e-31
18.42621310655328 6.748799098166961e-31
18.43821910955478 7.252258591887336e-31
18.45022511255628 7.793338789763595e-31
18.46223111555778 8.374855215745499e-31
18.47423711855928 8.999834408264689e-31
18.48624312156078 9.671529756086763e-31
18.49824912456228 1.039343852405166e-30
18.51025512756378 1.116932015821202e-30
18.52226113056528 1.200321596661971e-30
18.53426713356679 1.289947027925936e-30
18.54627313656828 1.386275319842301e-30
18.55827913956978 1.489808505920279e-30
18.57028514257129 1.601086272879332e-30
18.58229114557279 1.72068878829903e-30
18.59429714857428 1.849239740869711e-30
18.60630315157579 1.987409609246344e-30
18.61830915457729 2.135919176713697e-30
18.63031515757879 2.295543310167609e-30
18.64232116058029 2.46711502331162e-30
18.65432716358179 2.65152984546791e-30
18.66633316658329 2.849750519014222e-30
18.67833916958479 3.062812050192957e-30
18.69034517258629 3.291827139903894e-30
18.70235117558779 3.53799202309804e-30
18.7143571785893 3.802592747547529e-30
18.72636318159079 4.087011925086643e-30
18.73836918459229 4.392735990914357e-30
18.7503751875938 4.721363009232358e-30
18.7623811905953 5.074611066378653e-30
18.7743871935968 5.454327295720779e-30
18.7863931965983 5.862497581910952e-30
18.7983991995998 6.301256995695646e-30
18.8104052026013 6.772901014333421e-30
18.8224112056028 7.279897586827507e-30
18.8344172086043 7.824900107645997e-30
18.8464232116058 8.410761367405993e-30
18.85842921460731 9.040548554164179e-30
18.8704352176088 9.717559384512729e-30
18.8824412206103 1.044533944965526e-29
18.89444722361181 1.122770086806475e-29
18.90645322661331 1.206874234323803e-29
18.91845922961481 1.297287073249606e-29
18.93046523261631 1.394482424077564e-29
18.94247123561781 1.498969736195824e-29
18.95447723861931 1.61129676995321e-29
18.96648324162081 1.732052480833187e-29
18.97848924462231 1.86187012098012e-29
18.99049524762381 2.001430574473206e-29
19.00250125062531 2.151465943981318e-29
19.01450725362681 2.312763407763413e-29
19.02651325662831 2.486169367411102e-29
19.03851925962982 2.672593908270235e-29
19.05052526263132 2.873015596134918e-29
19.06253126563282 3.088486635589278e-29
19.07453726863432 3.320138417288671e-29
19.08654327163582 3.569187483533505e-29
19.09854927463732 3.836941943705947e-29
19.11055527763882 4.124808373524609e-29
19.12256128064032 4.434299234637384e-29
19.13456728364182 4.767040853831604e-29
19.14657328664332 5.124782004108298e-29
19.15857928964482 5.509403133059355e-29
19.17058529264632 5.922926287419714e-29
19.18259129564782 6.367525786359751e-29
19.19459729864932 6.845539700055243e-29
19.20660330165082 7.359482194345015e-29
19.21860930465233 7.912056806882206e-29
19.23061530765383 8.506170725128507e-29
19.24262131065533 9.14495014185807e-29
19.25462731365683 9.831756769557442e-29
19.26663331665833 1.057020560125999e-28
19.27863931965983 1.13641840119711e-28
19.29064532266133 1.221787230195863e-28
19.30265132566283 1.313576579084001e-28
19.31465732866433 1.412269857963371e-28
19.32666333166583 1.5183869106802e-28
19.33866933466733 1.632486763384187e-28
19.35067533766883 1.755170580623202e-28
19.36268134067033 1.887084844657019e-28
19.37468734367184 2.028924774859686e-28
19.38669334667334 2.181438005355966e-28
19.39869934967484 2.345428540409798e-28
19.41070535267634 2.521761008559042e-28
19.42271135567784 2.711365238078889e-28
19.43471735867934 2.915241178064605e-28
19.44672336168084 3.134464191261952e-28
19.45872936468234 3.370190746750375e-28
19.47073536768384 3.623664542710429e-28
19.48274137068534 3.896223091794417e-28
19.49474737368684 4.189304804079718e-28
19.50675337668834 4.504456605231305e-28
19.51875937968985 4.843342130347268e-28
19.53076538269135 5.20775053702415e-28
19.54277138569284 5.599605984473882e-28
19.55477738869435 6.020977829068545e-28
19.56678339169585 6.474091590502186e-28
19.57878939469735 6.961340746860592e-28
19.59079539769885 7.485299421302407e-28
19.60280140070035 8.04873602780158e-28
19.61480740370185 8.654627948507362e-28
19.62681340670335 9.306177320771148e-28
19.63881940970485 1.000682801779857e-27
19.65082541270635 1.076028391324215e-27
19.66283141570786 1.157052852688835e-27
19.67483741870936 1.24418461559494e-27
19.68684342171085 1.337884460438438e-27
19.69884942471236 1.438647963118785e-27
19.71085542771386 1.54700812477431e-27
19.72286143071536 1.663538200419e-27
19.73486743371686 1.788854741535742e-27
19.74687343671836 1.923620868821262e-27
19.75887943971986 2.068549792504797e-27
19.77088544272136 2.224408598982163e-27
19.78289144572286 2.392022323926671e-27
19.79489744872436 2.572278333565658e-27
19.80690345172586 2.766131037454552e-27
19.81890945472736 2.974606957848049e-27
19.83091545772886 3.198810182669704e-27
19.84292146073037 3.439928231127096e-27
19.85492746373187 3.69923836322071e-27
19.86693346673336 3.978114366762516e-27
19.87893946973487 4.278033858067681e-27
19.89094547273637 4.600586135223325e-27
19.90295147573787 4.947480625786661e-27
19.91495747873937 5.320555973936777e-27
19.92696348174087 5.721789815516816e-27
19.93896948474237 6.153309293074592e-27
19.95097548774387 6.617402366959421e-27
19.96298149074537 7.116529982782222e-27
19.97498749374687 7.653339160117506e-27
19.98699349674838 8.230677072244247e-27
19.99899949974987 8.851606192014002e-27
20.01100550275137 9.519420584627473e-27
20.02301150575288 1.023766343422529e-26
20.03501750875438 1.101014589778819e-26
20.04702351175588 1.184096738693072e-26
20.05902951475738 1.273453738579985e-26
20.07103551775888 1.36955989214954e-26
20.08304152076038 1.472925381225736e-26
20.09504752376188 1.584098982816369e-26
20.10705352676338 1.703670990930047e-26
20.11905952976488 1.83227635973611e-26
20.13106553276639 1.970598084845937e-26
20.14307153576788 2.119370840766774e-26
20.15507753876938 2.279384893948405e-26
20.16708354177089 2.451490312316097e-26
20.17908954477239 2.636601493768208e-26
20.19109554777389 2.835702037822002e-26
20.20310155077539 3.049849986425916e-26
20.21510755377689 3.280183461930391e-26
20.22711355677839 3.527926732333139e-26
20.23911955977989 3.794396736199646e-26
20.25112556278139 4.081010102118153e-26
20.26313156578289 4.389290700193363e-26
20.27513756878439 4.720877765928995e-26
20.28714357178589 5.077534639911215e-26
20.29914957478739 5.461158169999361e-26
20.3111555777889 5.873788826274869e-26
20.3231615807904 6.317621582812993e-26
20.3351675837919 6.79501762444512e-26
20.3471735867934 7.308516941094288e-26
20.3591795897949 7.860851877016584e-26
20.3711855927964 8.454961707391856e-26
20.3831915957979 9.094008320206078e-26
20.3951975987994 9.781393087284259e-26
20.4072036018009 1.05207750146986e-25
20.4192096048024 1.131609026962598e-25
20.4312156078039 1.217157318809855e-25
20.4432216108054 1.309177887602025e-25
20.4552276138069 1.408160752435421e-25
20.4672336168084 1.514633056856526e-25
20.4792396198099 1.629161883227906e-25
20.49124562281141 1.752357280574669e-25
20.50325162581291 1.884875522113827e-25
20.51525762881441 2.02742260989926e-25
20.52726363181591 2.18075804533879e-25
20.53926963481741 2.345698885764286e-25
20.55127563781891 2.523124108768308e-25
20.56328164082041 2.713979307669916e-25
20.57528764382191 2.919281743246577e-25
20.58729364682341 3.140125778778369e-25
20.59929964982491 3.377688727504885e-25
20.61130565282641 3.633237143805703e-25
20.62331165582791 3.908133591793555e-25
20.63531765882941 4.203843927568518e-25
20.64732366183092 4.521945134135064e-25
20.65932966483242 4.864133750946718e-25
20.67133566783392 5.232234943231111e-25
20.68334167083542 5.628212259678551e-25
20.69534767383692 6.054178130768388e-25
20.70735367683842 6.51240516397902e-25
20.71935967983992 7.005338296401024e-25
20.73136568284142 7.535607869871241e-25
20.74337168584292 8.106043698693638e-25
20.75537768884442 8.719690205336869e-25
20.76738369184592 9.379822705227325e-25
20.77938969484742 1.008996492792079e-24
20.79139569784893 1.0853907868569e-24
20.80340170085043 1.167573007073457e-24
20.81540770385192 1.255981944928796e-24
20.82741370685343 1.351089677038394e-24
20.83941970985493 1.453404091440737e-24
20.85142571285643 1.563471605734671e-24
20.86343171585793 1.681880091634941e-24
20.87543771885943 1.809262021629268e-24
20.88744372186093 1.946297854612434e-24
20.89944972486243 2.093719678655679e-24
20.91145572786393 2.252315130450046e-24
20.92346173086543 2.422931612447685e-24
20.93546773386693 2.60648083032343e-24
20.94747373686843 2.80394367509881e-24
20.95947973986993 3.016375476121373e-24
20.97148574287144 3.244911653083614e-24
20.98349174587294 3.490773797408738e-24
20.99549774887443 3.755276215636406e-24
21.00750375187594 4.039832969922901e-24
21.01950975487744 4.345965453440296e-24
21.03151575787894 4.675310541332322e-24
21.04352176088044 5.029629360976436e-24
21.05552776388194 5.410816728628566e-24
21.06753376688344 5.820911303107071e-24
21.07953976988494 6.262106511024886e-24
21.09154577288644 6.736762302224427e-24
21.10355177588794 7.247417798530743e-24
21.11555777888945 7.796804903738785e-24
21.12756378189095 8.387862947916319e-24
21.13956978489244 9.023754444662651e-24
21.15157578789395 9.707882045945001e-24
21.16358179089545 1.044390678557122e-23
21.17558779389695 1.123576770928409e-23
21.18759379689845 1.208770299691632e-23
21.19959979989995 1.300427269006621e-23
21.21160580290145 1.399038314738544e-23
21.22361180590295 1.505131335885864e-23
21.23561780890445 1.619274326044966e-23
21.24762381190595 1.742078420124532e-23
21.25962981490746 1.874201172680187e-23
21.27163581790895 2.016350085485507e-23
21.28364182091045 2.169286403295814e-23
21.29564782391196 2.333829198203581e-23
21.30765382691346 2.510859764536407e-23
21.31965982991496 2.70132634791889e-23
21.33166583291646 2.906249233917137e-23
21.34367183591796 3.126726223618998e-23
21.35567783891946 3.363938525584635e-23
21.36768384192096 3.619157095842056e-23
21.37968984492246 3.893749460012796e-23
21.39169584792396 4.189187054246991e-23
21.40370185092547 4.507053124438639e-23
21.41570785392696 4.849051226195998e-23
21.42771385692846 5.217014371274786e-23
21.43971985992997 5.612914869660966e-23
21.45172586293147 6.03887492023363e-23
21.46373186593297 6.497178006967515e-23
21.47573786893447 6.990281161970376e-23
21.48774387193597 7.520828161316317e-23
21.49974987493747 8.091663724657334e-23
21.51175587793897 8.705848794998912e-23
21.52376188094047 9.366676980840508e-23
21.53576788394197 1.007769224913963e-22
21.54777388694347 1.084270796429268e-22
21.55977988994497 1.166582737557313e-22
21.57178589294647 1.255146566326666e-22
21.58379189594798 1.350437366213654e-22
21.59579789894947 1.452966338988479e-22
21.60780390195097 1.563283551799533e-22
21.61980990495248 1.681980893280613e-22
21.63181590795398 1.80969525459153e-22
21.64382191095548 1.947111952514102e-22
21.65582791395698 2.094968413029335e-22
21.66783391695848 2.254058135204742e-22
21.67983991995998 2.425234956730707e-22
21.69184592296148 2.609417644069888e-22
21.70385192596298 2.807594831932459e-22
21.71585792896448 3.020830338672038e-22
21.72786393196598 3.250268886222613e-22
21.73986993496748 3.497142255376507e-22
21.75187593796898 3.762775909549237e-22
21.76388194097049 4.048596122701667e-22
21.77588794397199 4.356137649806725e-22
21.78789394697349 4.687051981171841e-22
21.79989994997499 5.043116225074939e-22
21.81190595297649 5.426242666558209e-22
21.82391195597799 5.838489053868383e-22
21.83591795897949 6.28206966795435e-22
21.84792396198099 6.759367234654028e-22
21.85992996498249 7.272945743745033e-22
21.87193596798399 7.825564243922563e-22
21.88394197098549 8.420191688029292e-22
21.89594797398699 9.060022908524445e-22
21.90795397698849 9.74849580927304e-22
21.91995997999 1.048930986629466e-21
21.9319659829915 1.128644603716906e-21
21.943971985993 1.214418818639214e-21
21.9559779889945 1.306714614215049e-21
21.967983991996 1.406028050878107e-21
21.9799899949975 1.512892936865076e-21
21.991995997999 1.627883701738115e-21
22.0040020010005 1.751618488731065e-21
22.016008004002 1.884762482588912e-21
22.0280140070035 2.028031490840258e-21
22.040020010005 2.182195797809664e-21
22.0520260130065 2.348084312148008e-21
22.064032016008 2.526589030242452e-21
22.07603801900951 2.718669839571783e-21
22.088044022011 2.92535968790693e-21
22.10005002501251 3.147770146230386e-21
22.11205602801401 3.387097395372609e-21
22.12406203101551 3.644628668649775e-21
22.13606803401701 3.921749185247943e-21
22.14807403701851 4.21994961174684e-21
22.16008004002001 4.540834092026675e-21
22.17208604302151 4.886128888868771e-21
22.18409204602301 5.257691683862131e-21
22.19609804902451 5.657521585781058e-21
22.20810405202601 6.087769901422913e-21
22.22011005502752 6.550751727010518e-21
22.23211605802901 7.048958422693099e-21
22.24412206103052 7.585071037446627e-21
22.25612806403202 8.161974756805045e-21
22.26813406703352 8.782774451375586e-21
22.28014007003502 9.450811410034276e-21
22.29214607303652 1.016968134809373e-20
22.30415207603802 1.094325378761916e-20
22.31615807903952 1.177569291447731e-20
22.32816408204102 1.267148002467667e-20
22.34017008504252 1.363543768113941e-20
22.35217608804402 1.467275571128167e-20
22.36418209104552 1.578901918571965e-20
22.37618809404702 1.699023852911812e-20
22.38819409704853 1.828288192571263e-20
22.40020010005003 1.967391019443019e-20
22.41220610305152 2.117081432187145e-20
22.42421210605303 2.278165585577356e-20
22.43621810905453 2.451511037702337e-20
22.44822411205603 2.638051428492035e-20
22.46023011505753 2.838791514828625e-20
22.47223611805903 3.054812589428177e-20
22.48424212106053 3.287278312752267e-20
22.49624812406203 3.537440989440217e-20
22.50825412706353 3.806648323154237e-20
22.52026013006503 4.096350686314556e-20
22.53226613306653 4.408108943983703e-20
22.54427213606803 4.743602874153237e-20
22.55627813906953 5.104640229909001e-20
22.56828414207104 5.49316649241945e-20
22.58029014507254 5.911275367424733e-20
22.59229614807404 6.361220081922234e-20
22.60430215107554 6.845425542068716e-20
22.61630815407704 7.366501417973713e-20
22.62831415707854 7.927256226068346e-20
22.64032016008004 8.530712485125556e-20
22.65232616308154 9.18012302781091e-20
22.66433216608304 9.87898855588912e-20
22.67633816908454 1.063107653393395e-19
22.68834417208604 1.144044152362469e-19
22.70035017508754 1.231144706850002e-19
22.71235617808905 1.324878924742185e-19
22.72436218109054 1.425752202402325e-19
22.73636818409205 1.534308452912449e-19
22.74837418709355 1.651133042355178e-19
22.76038019009505 1.776855950004196e-19
22.77238619309655 1.912155169502294e-19
22.78439219609805 2.05776036940903e-19
22.79639819909955 2.214456832902555e-19
22.80840420210105 2.383089697929704e-19
22.82041020510255 2.564568520723194e-19
22.83241620810405 2.759872187353487e-19
22.84442221110555 2.970054199865142e-19
22.85642821410705 3.196248365573276e-19
22.86843421710855 3.439674920276281e-19
22.88044022011006 3.701647118487825e-19
22.89244622311156 3.983578326317197e-19
22.90445222611306 4.286989655345887e-19
22.91645822911456 4.613518178774657e-19
22.92846423211606 4.964925774265049e-19
22.94047023511756 5.343108641289464e-19
22.95247623811906 5.750107544452785e-19
22.96448224112056 6.188118838176013e-19
22.97648824412206 6.659506332359607e-19
22.98849424712356 7.166814063194103e-19
23.00050025012506 7.712780038182892e-19
23.01250625312656 8.300351029713063e-19
23.02451225612806 8.93269849718369e-19
23.03651825912956 9.613235723807586e-19
23.04852426213106 1.034563626077522e-18
23.06053026513257 1.113385377854407e-18
23.07253626813407 1.198214343263136e-18
23.08454227113557 1.289508485948392e-18
23.09654827413707 1.38776069268209e-18
23.10855427713857 1.493501437233986e-18
23.12056028014007 1.60730164748973e-18
23.13256628314157 1.729775791327475e-18
23.14457228614307 1.861585197948206e-18
23.15657828914457 2.003441632629383e-18
23.16858429214607 2.156111144243228e-18
23.18059029514757 2.320418206357446e-18
23.19259629814907 2.497250174325416e-18
23.20460230115058 2.687562082483404e-18
23.21660830415207 2.892381807413551e-18
23.22861430715358 3.112815625213126e-18
23.24062031015508 3.35005419284362e-18
23.25262631315658 3.60537898592923e-18
23.26463231615808 3.880169227845554e-18
23.27663831915958 4.175909347599334e-18
23.28864432216108 4.494197006863193e-18
23.30065032516258 4.836751739611107e-18
23.31265632816408 5.205424251117439e-18
23.32466233116558 5.60220642665278e-18
23.33666833416708 6.029242104053002e-18
23.34867433716859 6.488838668474408e-18
23.36068034017008 6.983479532100466e-18
23.37268634317159 7.515837566358082e-18
23.38469234617309 8.088789559359957e-18
23.39669834917459 8.705431776842106e-18
23.40870435217609 9.369096710842204e-18
23.42071035517759 1.00833711067975e-17
23.43271635817909 1.085211536666549e-17
23.44472236118059 1.167948443312365e-17
23.45672836418209 1.25699502679274e-17
23.46873436718359 1.352832604614035e-17
23.48074037018509 1.455979219724613e-17
23.49274637318659 1.566992443415569e-17
23.50475237618809 1.686472392189308e-17
23.5167583791896 1.815064974933442e-17
23.5287643821911 1.953465387985152e-17
23.5407703851926 2.102421877014206e-17
23.5527763881941 2.262739786098393e-17
23.5647823911956 2.435285915921181e-17
23.5767883941971 2.62099321469627e-17
23.5887943971986 2.820865827226565e-17
23.6008004002001 3.035984529445641e-17
23.6128064032016 3.267512577878552e-17
23.6248124062031 3.516702005707213e-17
23.6368184092046 3.784900399545722e-17
23.6488244122061 4.073558193635966e-17
23.6608304152076 4.384236520977908e-17
23.6728364182091 4.718615663927181e-17
23.6848424212106 5.078504150041451e-17
23.69684842421211 5.465848542454037e-17
23.70885442721361 5.882743977817494e-17
23.72086043021511 6.331445508911668e-17
23.73286643321661 6.814380313372085e-17
23.74487243621811 7.334160834689128e-17
23.75687843921961 7.893598926681729e-17
23.76888444222111 8.495721078088637e-17
23.78089044522261 9.143784799775346e-17
23.79289644822411 9.841296263357021e-17
23.80490245122561 1.059202928682164e-16
23.81690845422711 1.140004577003985e-16
23.82891445722861 1.226971769090807e-16
23.84092046023012 1.320575078133226e-16
23.85292646323161 1.421321001136709e-16
23.86493246623312 1.529754701962813e-16
23.87693846923462 1.646462963864739e-16
23.88894447223612 1.77207736752008e-16
23.90095047523762 1.907277711786292e-16
23.91295647823912 2.052795695720516e-16
23.92496248124062 2.209418881822028e-16
23.93696848424212 2.377994961980516e-16
23.94897448724362 2.559436349254838e-16
23.96098049024512 2.754725120373815e-16
23.97298649324662 2.96491833575251e-16
23.98499249624813 3.191153765864727e-16
23.99699849924962 3.434656055016202e-16
24.00900450225113 3.69674335593506e-16
24.02101050525263 3.978834471149583e-16
24.03301650825413 4.282456539871881e-16
24.04502251125563 4.609253312064714e-16
24.05702851425713 4.96099405455347e-16
24.06903451725863 5.339583137473467e-16
24.08104052026013 5.747070353032922e-16
24.09304652326163 6.185662022544153e-16
24.10505252626313 6.65773295195137e-16
24.11705852926463 7.165839300686073e-16
24.12906453226613 7.712732433635433e-16
24.14107053526763 8.301373831342186e-16
24.15307653826913 8.934951139295216e-16
24.16508254127064 9.616895443349588e-16
24.17708854427213 1.035089986496661e-15
24.18909454727364 1.114093957712477e-15
24.20110055027514 1.199129334946009e-15
24.21310655327664 1.290656673949109e-15
24.22511255627814 1.389171705571469e-15
24.23711855927964 1.495208022797274e-15
24.24912456228114 1.609339973083787e-15
24.26113056528264 1.732185771690639e-15
24.27313656828414 1.864410852887754e-15
24.28514257128564 2.006731477220596e-15
24.29714857428714 2.159918614400876e-15
24.30915457728864 2.324802122886535e-15
24.32116058029014 2.502275248824806e-15
24.33316658329165 2.693299468765271e-15
24.34517258629315 2.898909702415359e-15
24.35717858929465 3.12021992371899e-15
24.36918459229615 3.358429200700723e-15
24.38119059529765 3.614828196844801e-15
24.39319659829915 3.890806169283353e-15
24.40520260130065 4.187858501764395e-15
24.41720860430215 4.507594813272822e-15
24.42921460730365 4.851747686301996e-15
24.44122061030515 5.222182062136909e-15
24.45322661330665 5.620905354130301e-15
24.46523261630815 6.050078333850409e-15
24.47723861930966 6.512026849174288e-15
24.48924462231115 7.009254437916592e-15
24.50125062531266 7.544455905445012e-15
24.51325662831416 8.120531939966552e-15
24.52526263131566 8.740604844801884e-15
24.53726863431716 9.408035473028815e-15
24.54927463731866 1.012644145640336e-14
24.56128064032016 1.089971682749344e-14
24.57328664332166 1.173205314152401e-14
24.58529264632316 1.262796221257469e-14
24.59729864932466 1.359230058753553e-14
24.60930465232616 1.463029589066169e-14
24.62131065532767 1.574757518172422e-14
24.63331665832916 1.695019548168687e-14
24.64532266133067 1.824467663160836e-14
24.65732866433217 1.963803666313824e-14
24.66933466733367 2.11378298726123e-14
24.68134067033517 2.275218780543436e-14
24.69334667333667 2.448986337323446e-14
24.70535267633817 2.636027834330519e-14
24.71735867933967 2.837357445813104e-14
24.72936468234117 3.054066846253835e-14
24.74137068534267 3.287331133721451e-14
24.75337668834417 3.538415206018863e-14
24.76538269134567 3.808680624245611e-14
24.77738869434717 4.099593001040114e-14
24.78939469734867 4.412729953616621e-14
24.80140070035018 4.74978966477929e-14
24.81340670335167 5.112600098397864e-14
24.82541270635318 5.503128919384068e-14
24.83741870935468 5.923494172034256e-14
24.84942471235618 6.375975774723024e-14
24.86143071535768 6.863027893366614e-14
24.87343671835918 7.387292260848219e-14
24.88544272136068 7.951612514735652e-14
24.89744872436218 8.559049631153243e-14
24.90945472736368 9.212898538624141e-14
24.92146073036518 9.916706002109136e-14
24.93346673336668 1.067428987436811e-13
24.94547273636818 1.148975981919817e-13
24.95747873936968 1.236753961909838e-13
24.96948474237119 1.331239118851864e-13
24.98149074537269 1.432944042311636e-13
24.99349674837419 1.542420502541883e-13
25.00550275137569 1.660262445802742e-13
25.01750875437719 1.787109218705814e-13
25.02951475737869 1.92364903909567e-13
25.04152076038019 2.070622732322071e-13
25.05352676338169 2.22882775319816e-13
25.06553276638319 2.399122515492088e-13
25.07753876938469 2.582431052470579e-13
25.08954477238619 2.779748033811696e-13
25.10155077538769 2.99214416614052e-13
25.1135567783892 3.220772006525961e-13
25.12556278139069 3.46687222052095e-13
25.1375687843922 3.731780318743874e-13
25.1495747873937 4.016933908599594e-13
25.1615807903952 4.323880500537753e-13
25.1735867933967 4.654285911259606e-13
25.1855927963982 5.00994330952865e-13
25.1975987993997 5.392782953732607e-13
25.2096048024012 5.804882674103637e-13
25.2216108054027 6.248479156550697e-13
25.2336168084042 6.725980089414549e-13
25.2456228114057 7.239977239145785e-13
25.25762881440721 7.793260525954927e-13
25.2696348174087 8.388833175918584e-13
25.28164082041021 9.029928031876379e-13
25.29364682341171 9.720025111751658e-13
25.30565282641321 1.046287050970924e-12
25.31765882941471 1.126249674286235e-12
25.32966483241621 1.212324465409825e-12
25.34167083541771 1.304978699005058e-12
25.35367683841921 1.404715378235205e-12
25.36568284142071 1.512075967010342e-12
25.37768884442221 1.62764333120472e-12
25.38969484742371 1.752044904829369e-12
25.40170085042521 1.885956098367638e-12
25.41370685342671 2.030103967797766e-12
25.42571285642821 2.185271164243775e-12
25.43771885942972 2.352300185721577e-12
25.44972486243121 2.532097954089493e-12
25.46173086543272 2.725640742080407e-12
25.47373686843422 2.933979477196032e-12
25.48574287143572 3.158245451292651e-12
25.49774887443722 3.3996564668934e-12
25.50975487743872 3.659523453636581e-12
25.52176088044022 3.939257590825635e-12
25.53376688344172 4.240377974798123e-12
25.54577288644322 4.564519872793349e-12
25.55777888944472 4.913443608187198e-12
25.56978489244622 5.289044125395745e-12
25.58179089544772 5.693361286444852e-12
25.59379689844922 6.128590955181407e-12
25.60580290145073 6.597096929384784e-12
25.61780890445223 7.101423785647724e-12
25.62981490745373 7.64431070685927e-12
25.64182091045523 8.228706367465704e-12
25.65382691345673 8.857784957437539e-12
25.66583291645823 9.534963432063032e-12
25.67783891945973 1.026392008135481e-11
25.68984492246123 1.104861452003262e-11
25.70185092546273 1.189330920677075e-11
25.71385692846423 1.280259260971535e-11
25.72586293146573 1.378140414423006e-11
25.73786893446723 1.483506101846694e-11
25.74987493746874 1.596928713273535e-11
25.76188094047023 1.719024418981175e-11
25.77388694347174 1.850456518535814e-11
25.78589294647324 1.991939046056216e-11
25.79789894947474 2.144240651304745e-11
25.80990495247624 2.308188777710574e-11
25.82191095547774 2.484674160045223e-11
25.83391695847924 2.67465566620927e-11
25.84592296148074 2.879165509460813e-11
25.85792896448224 3.099314859431199e-11
25.86993496748374 3.336299882442788e-11
25.88194097048524 3.591408243978678e-11
25.89394697348675 3.86602610866827e-11
25.90595297648824 4.161645675858922e-11
25.91795897948974 4.479873291757384e-11
25.92996498249125 4.822438182261194e-11
25.94197098549274 5.19120185397674e-11
25.95397698849425 5.588168214555641e-11
25.96598299149575 6.015494467394291e-11
25.97798899449725 6.475502839954085e-11
25.98999499749875 6.970693209494973e-11
26.00200100050025 7.503756694897233e-11
26.01400700350175 8.077590288502308e-11
26.02601300650325 8.695312607561736e-11
26.03801900950475 9.360280850974599e-11
26.05002501250625 1.007610905355143e-10
26.06203101550775 1.084668773710204e-10
26.07403701850926 1.167620506524465e-10
26.08604302151075 1.25691696170152e-10
26.09804902451226 1.353043490316366e-10
26.11005502751376 1.456522575850616e-10
26.12206103051526 1.567916675390965e-10
26.13406703351676 1.687831278247501e-10
26.14607303651826 1.8169181986315e-10
26.15807903951976 1.955879120305928e-10
26.17008504252126 2.105469412493008e-10
26.18209104552276 2.266502237799191e-10
26.19409704852426 2.439852974506973e-10
26.20610305152576 2.626463977293642e-10
26.21810905452726 2.82734970227866e-10
26.23011505752876 3.043602224284026e-10
26.24212106053027 3.276397176326309e-10
26.25412706353177 3.527000143656819e-10
26.26613306653327 3.796773547140054e-10
26.27813906953477 4.087184053423572e-10
26.29014507253627 4.399810552219366e-10
26.30215107553777 4.736352744103118e-10
26.31415707853927 5.09864038556043e-10
26.32616308154077 5.488643241586026e-10
26.33816908454227 5.908481799992865e-10
26.35017508754377 6.360438805733626e-10
26.36218109054527 6.846971678000151e-10
26.37418709354677 7.370725877670995e-10
26.38619309654828 7.934549297849857e-10
26.39819909954977 8.541507755806094e-10
26.41020510255128 9.194901670623372e-10
26.42221110555278 9.898284017316257e-10
26.43421710855428 1.065547965512247e-09
26.44622311155578 1.147060613515829e-09
26.45822911455728 1.23480961006769e-09
26.47023511755878 1.329272140183877e-09
26.48224112056028 1.43096190562353e-09
26.49424712356178 1.540431919645464e-09
26.50625312656328 1.658277515679449e-09
26.51825912956478 1.785139586287161e-09
26.53026513256628 1.921708070041356e-09
26.54227113556778 2.06872570530141e-09
26.55427713856928 2.226992071316288e-09
26.56628314157079 2.397367938650149e-09
26.57828914457228 2.580779952609724e-09
26.59029514757379 2.778225675165416e-09
26.60230115057529 2.990779012809751e-09
26.61430715357679 3.219596059897864e-09
26.62631315657829 3.465921389276638e-09
26.63831915957979 3.731094824444267e-09
26.65032516258129 4.016558730103599e-09
26.66233116558279 4.323865860794907e-09
26.67433716858429 4.654687810332193e-09
26.68634317158579 5.010824108038151e-09
26.69834917458729 5.394212011294465e-09
26.7103551775888 5.806937047715274e-09
26.72236118059029 6.25124436433311e-09
26.7343671835918 6.729550945580561e-09
26.7463731865933 7.244458766581376e-09
26.7583791895948 7.798768953357338e-09
26.7703851925963 8.395497027039862e-09
26.7823911955978 9.03788931507765e-09
26.7943971985993 9.729440618786131e-09
26.8064032016008 1.047391323342538e-08
26.8184092046023 1.127535742435797e-08
26.8304152076038 1.213813347076693e-08
26.8424212106053 1.306693539695002e-08
26.8544272136068 1.406681652039565e-08
26.8664332166083 1.514321695573964e-08
26.87843921960981 1.630199322435197e-08
26.89044522261131 1.754945013076992e-08
26.90245122561281 1.889237507953759e-08
26.91445722861431 2.033807501930238e-08
26.92646323161581 2.189441621532562e-08
26.93846923461731 2.356986706696837e-08
26.95047523761881 2.53735442032954e-08
26.96248124062031 2.731526210779335e-08
26.97448724362181 2.940558654241834e-08
26.98649324662331 3.165589206187999e-08
26.99849924962481 3.407842393134468e-08
27.01050525262631 3.668636478472296e-08
27.02251125562782 3.949390638652429e-08
27.03451725862931 4.251632688805834e-08
27.04652326163082 4.577007399868595e-08
27.05852926463232 4.927285452503936e-08
27.07053526763382 5.304373076581413e-08
27.08254127063532 5.710322428707493e-08
27.09454727363682 6.147342764321595e-08
27.10655327663832 6.617812465199432e-08
27.11855927963982 7.124291987864706e-08
27.13056528264132 7.669537803426189e-08
27.14257128564282 8.25651740475743e-08
27.15457728864432 8.888425462749993e-08
27.16658329164582 9.568701219630243e-08
27.17858929464732 1.030104721406792e-07
27.19059529764882 1.108944944005923e-07
27.20260130065033 1.193819904937715e-07
27.21460730365182 1.285191571578988e-07
27.22661330665333 1.383557278830032e-07
27.23861930965483 1.489452437040515e-07
27.25062531265633 1.603453447286351e-07
27.26263131565783 1.7261808398761e-07
27.27463731865933 1.858302653181498e-07
27.28664332166083 2.0005380711959e-07
27.29864932466233 2.153661339633873e-07
27.31065532766383 2.318505981902595e-07
27.32266133066533 2.495969337909316e-07
27.33466733366683 2.687017450427903e-07
27.34667333666833 2.892690325640948e-07
27.35867933966983 3.114107596512365e-07
27.37068534267134 3.352474619840053e-07
27.38269134567284 3.609089040200859e-07
27.39469734867434 3.885347856543787e-07
27.40670335167584 4.182755029925857e-07
27.41870935467734 4.502929673833295e-07
27.43071535767884 4.847614871704805e-07
27.44272136068034 5.21868716969084e-07
27.45472736368184 5.618166796361759e-07
27.46673336668334 6.048228665038421e-07
27.47873936968484 6.511214218682945e-07
27.49074537268634 7.009644181877969e-07
27.50275137568784 7.546232289365203e-07
27.51475737868935 8.123900065934903e-07
27.52676338169085 8.745792738186388e-07
27.53876938469235 9.415296364847076e-07
27.55077538769385 1.013605627897705e-06
27.56278139069535 1.091199694253463e-06
27.57478739369685 1.174734332147401e-06
27.58679339669835 1.264664389783164e-06
27.59879939969985 1.361479544417761e-06
27.61080540270135 1.465706969541202e-06
27.62281140570285 1.577914206322472e-06
27.63481740870435 1.698712254966792e-06
27.64682341170585 1.828758902827456e-06
27.65882941470736 1.96876230740567e-06
27.67083541770885 2.119484853760791e-06
27.68284142071035 2.281747307348736e-06
27.69484742371186 2.456433284916239e-06
27.70685342671336 2.644494067811886e-06
27.71885942971486 2.846953783940853e-06
27.73086543271636 3.064914986599264e-06
27.74287143571786 3.299564660586897e-06
27.75487743871936 3.552180688325527e-06
27.76688344172086 3.824138811217127e-06
27.77888944472236 4.116920124175028e-06
27.79089544772386 4.432119144166978e-06
27.80290145072536 4.771452496737211e-06
27.81490745372686 5.136768267842688e-06
27.82691345672836 5.530056071964601e-06
27.83891945972987 5.953457891359947e-06
27.85092546273136 6.409279745520817e-06
27.86293146573287 6.900004254433768e-06
27.87493746873437 7.428304164103041e-06
27.88694347173587 7.997056908045992e-06
27.89894947473737 8.609360284115435e-06
27.91095547773887 9.268549332082521e-06
27.92296148074037 9.978214503958451e-06
27.93496748374187 1.074222122607924e-05
27.94697348674337 1.156473095956365e-05
27.95897948974487 1.245022387392131e-05
27.97098549274637 1.340352325738069e-05
27.98299149574787 1.442982179697275e-05
27.99499749874937 1.553470987159785e-05
28.00700350175088 1.672420601227534e-05
28.01900950475238 1.800478969558835e-05
28.03101550775388 1.938343664905433e-05
28.04302151075538 2.086765686084373e-05
28.05502751375688 2.246553550101073e-05
28.06703351675838 2.418577697727045e-05
28.07903951975988 2.603775236544362e-05
28.09104552276138 2.803155047308518e-05
28.10305152576288 3.017803281461832e-05
28.11505752876438 3.248889279761769e-05
28.12706353176588 3.497671944284154e-05
28.13906953476738 3.765506598532721e-05
28.15107553776889 4.053852373047224e-05
28.16308154077038 4.364280156767098e-05
28.17508754377189 4.69848115749175e-05
28.18709354677339 5.058276118099039e-05
28.19909954977489 5.445625238758424e-05
28.21110555277639 5.862638859223942e-05
28.22311155577789 6.311588959435878e-05
28.23511755877939 6.794921541121135e-05
28.24712356178089 7.315269957885137e-05
28.25912956478239 7.875469266459162e-05
28.27113556778389 8.478571677334015e-05
28.28314157078539 9.127863189004627e-05
28.29514757378689 9.826881496503102e-05
28.30715357678839 0.00010579435271845
28.31915957978989 0.0001138962492149326
28.3311655827914 0.0001226186493399697
28.34317158579289 0.0001320090793963165
28.3551775887944 0.000142118706132021
28.3671835917959 0.000153002615612177
28.3791895947974 0.0001647201134546928
28.3911955977989 0.0001773350480668506
28.4032016008004 0.0001909161586448351
28.4152076038019 0.0002055374498334266
28.4272136068034 0.0002212785950884159
28.4392196098049 0.0002382253709407947
28.4512256128064 0.0002564701245302683
28.4632316158079 0.0002761122769570353
28.47523761880941 0.0002972588651960818
28.4872436218109 0.0003200251255285014
28.49924962481241 0.0003445351216707294
28.51125562781391 0.0003709224210263019
28.52326163081541 0.0003993308227471497
28.53526763381691 0.0004299151415739401
28.54727363681841 0.0004628420517291328
28.55927963981991 0.0004982909954638717
28.57128564282141 0.0005364551612123861
28.58329164582291 0.0005775425366871399
28.59529764882441 0.0006217770426566119
28.60730365182591 0.0006693997535875588
28.61930965482741 0.0007206702118072857
28.63131565782891 0.000775867842351423
28.64332166083042 0.0008352934762117598
28.65532766383192 0.0008992709902898086
28.66733366683342 0.0009681490729981974
28.67933966983492 0.001042303125137176
28.69134567283642 0.001122137306411217
28.70335167583792 0.00120808673874492
28.71535767883942 0.001300619878412518
28.72736368184092 0.001400241069915875
28.73936968484242 0.001507493295537061
28.75137568784392 0.00162296113555867
28.76338169084542 0.001747273955293942
28.77538769384692 0.001881109336305682
28.78739369684843 0.00202519677052469
28.79939969984992 0.002180321637412157
28.81140570285143 0.00234732948585415
28.82341170585293 0.002527130644138229
28.83541770885443 0.002720705183151513
28.84742371185593 0.00292910825986597
28.85942971485743 0.003153475870250667
28.87143571785893 0.003395031042983784
28.88344172086043 0.003655090507741202
28.89544772386193 0.003935071874426892
28.90745372686343 0.004236501362496951
28.91945972986493 0.004561022122529458
28.93146573286643 0.004910403195422389
28.94347173586793 0.005286549158079659
28.95547773886943 0.005691510508189515
28.96748374187094 0.006127494844730689
28.97948974487243 0.006596878905181874
28.99149574787394 0.00710222152508273
29.00350175087544 0.007646277590625513
29.01550775387694 0.008232013060372736
29.02751375687844 0.008862621138027755
29.03951975987994 0.00954153968446354
29.05152576288144 0.01027246996397439
29.06353176588294 0.01105939682699292
29.07553776888444 0.01190661043935
29.08754377188594 0.01281872967659099
29.09954977488744 0.01380072731094405
29.11155577788895 0.01485795712831452
29.12356178089044 0.01599618312320721
29.13556778389195 0.01722161093081296
29.14757378689345 0.01854092166769922
29.15957978989495 0.01996130836568268
29.17158579289645 0.02149051519760784
29.18359179589795 0.02313687970898453
29.19559779889945 0.02490937828583461
29.20760380190095 0.02681767510675127
29.21960980490245 0.02887217484618076
29.23161580790395 0.03108407941639984
29.24362181090545 0.03346544905769314
29.25562781390695 0.03602926810995521
29.26763381690845 0.0387895158244795
29.27963981990996 0.04176124260219174
29.29164582291146 0.04496065207418844
29.30365182591296 0.04840518947231129
29.31565782891446 0.05211363677180369
29.32766383191596 0.05610621512503874
29.33966983491746 0.06040469514508387
29.35167583791896 0.06503251564069157
29.36368184092046 0.07001491145041172
29.37568784392196 0.07537905107316151
29.38769384692346 0.08115418484603314
29.39969984992496 0.08737180447766135
29.41170585292646 0.09406581480742338
29.42371185592796 0.1012727187274439
29.43571785892946 0.1090318162761896
29.44772386193096 0.1173854189897528
29.45972986493247 0.1263790806801673
29.47173586793397 0.1360618458997196
29.48374187093547 0.1464865174467113
29.49574787393697 0.1577099443720158
29.50775387693847 0.1697933320576195
29.51975987993997 0.182802576058765
29.53176588294147 0.1968086215309616
29.54377188594297 0.2118878502027217
29.55577788894447 0.2281224970051709
29.56778389194597 0.2456010986314894
29.57978989494747 0.2644189764733502
29.59179589794897 0.2846787565690908
29.60380190095048 0.3064909294002891
29.61580790395197 0.3299744525908412
29.62781390695348 0.3552573997967172
29.63981990995498 0.3824776593266035
29.65182591295648 0.411783686304985
29.66383191595798 0.4433353124813611
29.67583791895948 0.4773046181038317
29.68784392196098 0.5138768706139332
29.69984992496248 0.553251535284207
29.71185592796398 0.5956433633125394
29.72386193096548 0.6412835633099474
29.73586793396698 0.6904210625735259
29.74787393696849 0.7433238650261857
29.75987993996998 0.8002805132322838
29.77188594297149 0.8616016624661442
29.78389194597299 0.9276217754219076
29.79589794897449 0.998700946811438
29.80790395197599 1.075226867805783
29.81990995497749 1.157616941038774
29.83191595797899 1.246320557712922
29.84392196098049 1.341821549232354
29.85592796398199 1.444640826739858
29.86793396698349 1.555339222960512
29.87993996998499 1.67452055185831
29.89194597298649 1.802834902800809
29.90395197598799 1.940982187206501
29.9159579789895 2.089715957027419
29.927963981991 2.249847515902911
29.9399699849925 2.422250345417615
29.951975987994 2.607864870616219
29.9639819909955 2.807703590778988
29.975987993997 3.022856603455272
29.9879939969985 3.254497551898323
30 3.50389002835533
