6 -0 
6.012006003001501 -3.702943296242603e-38 
6.024012006003002 -9.904423470725754e-38 
6.036018009004502 -2.26376167155762e-37 
6.048024012006003 -4.994358635291573e-37 
6.060030015007504 -1.086254938177975e-36 
6.072036018009005 -2.338975712035297e-36 
6.084042021010506 -4.990746799693098e-36 
6.096048024012006 -1.055506097683592e-35 
6.108054027013507 -2.212885289027506e-35 
6.120060030015008 -4.599325870105209e-35 
6.132066033016509 -9.477585567874802e-35 
6.144072036018009 -1.93642111916414e-34 
6.156078039019509 -3.92310964118352e-34 
6.16808404202101 -7.881690231341926e-34 
6.180090045022511 -1.570348650453868e-33 
6.192096048024012 -3.103058222575393e-33 
6.204102051025512 -6.081769582069305e-33 
6.216108054027013 -1.182347270315159e-32 
6.228114057028514 -2.280152083680492e-32 
6.240120060030015 -4.362290911717887e-32 
6.252126063031516 -8.279909913227619e-32 
6.264132066033016 -1.559281966766717e-31 
6.276138069034517 -2.913663430636791e-31 
6.288144072036018 -5.402529647893999e-31 
6.300150075037519 -9.940885883891661e-31 
6.31215607803902 -1.815306706647746e-30 
6.32416208104052 -3.290019740557817e-30 
6.336168084042021 -5.918298522363045e-30 
6.348174087043522 -1.056747273493818e-29 
6.360180090045023 -1.873040073380203e-29 
6.372186093046524 -3.295718819125583e-29 
6.384192096048024 -5.757124126907232e-29 
6.396198099049525 -9.984775961791961e-29 
6.408204102051026 -1.719384468733719e-28 
6.420210105052527 -2.939909702399375e-28 
6.432216108054027 -4.991664579191455e-28 
6.444222111055527 -8.416490198660622e-28 
6.456228114057028 -1.409335543011986e-27 
6.468234117058529 -2.343790516254668e-27 
6.48024012006003 -3.871392034528301e-27 
6.49224612306153 -6.351585770342511e-27 
6.504252126063031 -1.035109364079213e-26 
6.516258129064532 -1.675720100577145e-26 
6.528264132066033 -2.694943865567786e-26 
6.540270135067534 -4.305786745367866e-26 
6.552276138069034 -6.834883534641618e-26 
6.564282141070535 -1.077969576155978e-25 
6.576288144072036 -1.689271125558885e-25 
6.588294147073537 -2.630450190597772e-25 
6.600300150075038 -4.070228445888747e-25 
6.612306153076538 -6.258716601799775e-25 
6.624312156078039 -9.56421030503756e-25 
6.63631815907954 -1.452544723171319e-24 
6.648324162081041 -2.192529361221686e-24 
6.660330165082541 -3.289390851105242e-24 
6.672336168084042 -4.905215036969043e-24 
6.684342171085543 -7.270950405640512e-24 
6.696348174087044 -1.0713530874439e-23 
6.708354177088545 -1.569277787903439e-23 
6.720360180090045 -2.285124832114826e-23 
6.732366183091546 -3.308108639676608e-23 
6.744372186093047 -4.761303307699858e-23 
6.756378189094547 -6.813407846810913e-23 
6.768384192096048 -9.694184059609798e-23 
6.780390195097548 -1.371456481510244e-22 
6.792396198099049 -1.92926517983602e-22 
6.80440220110055 -2.698707654349948e-22 
6.816408204102051 -3.753948682223609e-22 
6.828414207103552 -5.192824050493717e-22 
6.840420210105052 -7.143573655789855e-22 
6.852426213106553 -9.773218036822258e-22 
6.864432216108054 -1.329789565662483e-21 
6.876438219109555 -1.799551506072064e-21 
6.888444222111056 -2.422110986617721e-21 
6.900450225112556 -3.242531256545333e-21 
6.912456228114057 -4.317638185898027e-21 
6.924462231115558 -5.71862234551758e-21 
6.936468234117059 -7.534083108616541e-21 
6.948474237118559 -9.873553733360614e-21 
6.96048024012006 -1.287153966483014e-20 
6.972486243121561 -1.669209192550456e-20 
6.984492246123062 -2.153392279243465e-20 
6.996498249124563 -2.763605136202475e-20 
7.008504252126063 -3.528394152164072e-20 
7.020510255127563 -4.481606384985141e-20 
7.032516258129064 -5.663077580233444e-20 
7.044522261130565 -7.119337120869926e-20 
7.056528264132066 -8.904310093037695e-20 
7.068534267133566 -1.107999122224527e-19 
7.080540270135067 -1.371705960797482e-19 
7.092546273136568 -1.689539713175298e-19 
7.104552276138069 -2.07044673600625e-19 
7.11655827913957 -2.524350599145733e-19 
7.12856428214107 -3.062146874863009e-19 
7.140570285142571 -3.695667848437891e-19 
7.152576288144072 -4.437611059523684e-19 
7.164582291145573 -5.301425508676668e-19 
7.176588294147074 -6.301149529899799e-19 
7.188594297148574 -7.451194785197337e-19 
7.200600300150075 -8.766071625713823e-19 
7.212606303151576 -1.026005222329043e-18 
7.224612306153077 -1.194676943420261e-18 
7.236618309154577 -1.38387513278221e-18 
7.248624312156078 -1.59468936938236e-18 
7.260630315157579 -1.827987561050318e-18 
7.27263631815908 -2.084352626641837e-18 
7.284642321160581 -2.364015460891332e-18 
7.296648324162081 -2.666785694722597e-18 
7.308654327163582 -2.991982124273149e-18 
7.320660330165083 -3.338365032648317e-18 
7.332666333166584 -3.704072952469065e-18 
7.344672336168085 -4.086566696036253e-18 
7.356678339169584 -4.48258369365305e-18 
7.368684342171085 -4.888105809600089e-18 
7.380690345172586 -5.298343829813862e-18 
7.392696348174087 -5.707741718448017e-18 
7.404702351175588 -6.110003507088759e-18 
7.416708354177088 -6.498145299935426e-18 
7.428714357178589 -6.864574345177343e-18 
7.44072036018009 -7.201196437281907e-18 
7.452726363181591 -7.499552084411579e-18 
7.464732366183092 -7.750980914353937e-18 
7.476738369184592 -7.946812723630697e-18 
7.488744372186093 -8.078582428107036e-18 
7.500750375187594 -8.138264986621729e-18 
7.512756378189095 -8.11852518569179e-18 
7.524762381190595 -8.012976042212084e-18 
7.536768384192096 -7.816438554038893e-18 
7.548774387193597 -7.525194659548761e-18 
7.560780390195098 -7.137224609061558e-18 
7.572786393196599 -6.652419552782222e-18 
7.584792396198099 -6.072760055111107e-18 
7.596798399199599 -5.402451488360367e-18 
7.6088044022011 -4.648007864053084e-18 
7.620810405202601 -3.818276637691291e-18 
7.632816408204102 -2.924398369377663e-18 
7.644822411205602 -1.979696817886703e-18 
7.656828414207103 -9.994970537688172e-19 
7.668834417208604 -8.714453800424585e-22 
7.680840420210105 9.976841669813142e-19 
7.692846423211606 1.976639220127994e-18 
7.704852426213106 2.915874617393252e-18 
7.716858429214607 3.795176360028167e-18 
7.728864432216108 4.594764288474483e-18 
7.740870435217609 5.295841552275052e-18 
7.75287643821911 5.8811487610851e-18 
7.76488244122061 6.335505574749189e-18 
7.776888444222111 6.646321843170316e-18 
7.788894447223612 6.804060364658366e-18 
7.800900450225113 6.802633931530175e-18 
7.812906453226613 6.639720587395642e-18 
7.824912456228114 6.316982919685781e-18 
7.836918459229615 5.840179715273583e-18 
7.848924462231116 5.219161352580627e-18 
7.860930465232617 4.467743801870747e-18 
7.872936468234117 3.603459946394705e-18 
7.884942471235618 2.64719099249381e-18 
7.896948474237119 1.622684864777206e-18 
7.90895447723862 5.559725329664052e-19 
7.920960480240121 -5.253029626313332e-19 
7.932966483241621 -1.592626578938325e-18 
7.944972486243121 -2.61739930058061e-18 
7.956978489244622 -3.571750722230148e-18 
7.968984492246123 -4.429351237147094e-18 
7.980990495247624 -5.166198173938936e-18 
7.992996498249124 -5.761350381944831e-18 
8.005002501250626 -6.19758681097828e-18 
8.017008504252125 -6.461966546728758e-18 
8.029014507253628 -6.546270499064109e-18 
8.041020510255127 -6.447308415432674e-18 
8.053026513256629 -6.167078995011891e-18 
8.065032516258128 -5.712775475771275e-18 
8.077038519259631 -5.096634000448666e-18 
8.08904452226113 -4.335627168504434e-18 
8.101050525262632 -3.451010271214872e-18 
8.113056528264131 -2.467732606781423e-18 
8.125062531265632 -1.413730807559738e-18 
8.137068534267133 -3.191251204574519e-19 
8.149074537268634 7.846570796365199e-19 
8.161080540270135 1.865803714865935e-18 
8.173086543271635 2.893057872850976e-18 
8.185092546273136 3.836645899729384e-18 
8.197098549274637 4.669164744648881e-18 
8.209104552276138 5.366400790056915e-18 
8.221110555277638 5.908054529713161e-18 
8.233116558279139 6.278348429909538e-18 
8.24512256128064 6.466499025494236e-18 
8.257128564282141 6.467038632123533e-18 
8.269134567283642 6.279976850443742e-18 
8.281140570285142 5.910797132444833e-18 
8.293146573286643 5.370288902102397e-18 
8.305152576288144 4.674220896135871e-18 
8.317158579289645 3.842866344505791e-18 
8.329164582291146 2.90039518216868e-18 
8.341170585292646 1.874152526893514e-18 
8.353176588294147 7.938460460588621e-19 
8.365182591295648 -3.093325341160946e-19 
8.377188594297149 -1.403624725604716e-18 
8.389194597298649 -2.457633411311055e-18 
8.40120060030015 -3.441233817956022e-18 
8.413206603301651 -4.326440188460733e-18 
8.425212606303152 -5.088202704810791e-18 
8.437218609304653 -5.705111670939831e-18 
8.449224612306153 -6.159989097236887e-18 
8.461230615307654 -6.44035152069745e-18 
8.473236618309155 -6.538732018791238e-18 
8.485242621310656 -6.452853791448264e-18 
8.497248624312157 -6.185652248989308e-18 
8.509254627313657 -5.745147108288368e-18 
8.521260630315158 -5.144170423050709e-18 
8.533266633316659 -4.399960623212503e-18 
8.54527263631816 -3.533636392339311e-18 
8.55727863931966 -2.569567465632134e-18 
8.569284642321161 -1.534662098839965e-18 
8.58129064532266 -4.575929751312742e-19 
8.593296648324163 6.320153598505043e-19 
8.605302651325662 1.704413834670113e-18 
8.617308654327164 2.7305473610773e-18 
8.629314657328663 3.682841702434755e-18 
8.641320660330166 4.535937316764532e-18 
8.653326663331665 5.267350796570655e-18 
8.665332666333168 5.858047035908291e-18 
8.677338669334667 6.292908174958848e-18 
8.689344672336169 6.561088604867537e-18 
8.701350675337668 6.656248756441844e-18 
8.713356678339169 6.57666393904437e-18 
8.72536268134067 6.325208035351996e-18 
8.737368684342171 5.909215292538607e-18 
8.749374687343671 5.340226686986858e-18 
8.761380690345172 4.633630293516602e-18 
8.773386693346673 3.808207688601383e-18 
8.785392696348174 2.885600600708881e-18 
8.797398699349674 1.889713744605795e-18 
8.809404702351175 8.460710101019768e-19 
8.821410705352676 -2.188570957289225e-19 
8.833416708354177 -1.278336630472584e-18 
8.845422711355678 -2.306046167991636e-18 
8.857428714357178 -3.276728397522075e-18 
8.869434717358679 -4.166801406006988e-18 
8.88144072036018 -4.954915214650019e-18 
8.893446723361681 -5.622440996598544e-18 
8.905452726363182 -6.15388251666669e-18 
8.917458729364682 -6.537201639463302e-18 
8.929464732366183 -6.764052180549879e-18 
8.941470735367684 -6.829918857755551e-18 
8.953476738369185 -6.73416056975253e-18 
8.965482741370685 -6.479959623344164e-18 
8.977488744372186 -6.074180791535527e-18 
8.989494747373687 -5.527146159709695e-18 
9.001500750375188 -4.852333562769779e-18 
9.013506753376689 -4.06600799583123e-18 
9.025512756378189 -3.186796667429401e-18 
9.03751875937969 -2.2352193386545e-18 
9.049524762381191 -1.233186244386953e-18 
9.061530765382692 -2.034762227385946e-19 
9.073536768384193 8.307923070711678e-19 
9.085542771385693 1.8466851653631e-18 
9.097548774387194 2.82195924541479e-18 
9.109554777388695 3.735541394317608e-18 
9.121560780390196 4.567969417784863e-18 
9.133566783391696 5.301786513273077e-18 
9.145572786393197 5.921881811665869e-18 
9.157578789394698 6.415771192202907e-18 
9.169584792396197 6.77381408842125e-18 
9.1815907953977 6.989363585243056e-18 
9.193596798399199 7.058848681145741e-18 
9.205602801400701 6.981789119006234e-18 
9.2176088044022 6.760744642165926e-18 
9.229614807403703 6.40120187957666e-18 
9.241620810405202 5.911403280638614e-18 
9.253626813406704 5.302123586062977e-18 
9.265632816408203 4.586400219840332e-18 
9.277638819409706 3.779224707973083e-18 
9.289644822411205 2.897202765438587e-18 
9.301650825412706 1.958191041798489e-18 
9.313656828414207 9.809186801377797e-19 
9.325662831415707 -1.539817028117274e-20 
9.337668834417208 -1.011440930475196e-18 
9.349674837418709 -1.988164639476449e-18 
9.36168084042021 -2.927158335609152e-18 
9.37368684342171 -3.810983236901445e-18 
9.385692846423211 -4.623482893704245e-18 
9.397698849424712 -5.350060278045528e-18 
9.409704852426213 -5.977917628945209e-18 
9.421710855427714 -6.496255770040694e-18 
9.433716858429214 -6.896430534971271e-18 
9.445722861430715 -7.172064857379315e-18 
9.457728864432216 -7.319115987566564e-18 
9.469734867433717 -7.335898169727717e-18 
9.481740870435218 -7.223061936902473e-18 
9.493746873436718 -6.983531941895437e-18 
9.505752876438219 -6.622405930027835e-18 
9.51775887943972 -6.146818064478237e-18 
9.529764882441221 -5.565770330116471e-18 
9.541770885442721 -4.889936162300209e-18 
9.553776888444222 -4.131440770394117e-18 
9.565782891445723 -3.303622851139821e-18 
9.577788894447224 -2.420782515729234e-18 
9.589794897448725 -1.497920289550743e-18 
9.601800900450225 -5.504719897174611e-19 
9.613806903451726 4.059558513447362e-19 
9.625812906453227 1.35584556058865e-18 
9.637818909454728 2.284018721913827e-18 
9.649824912456229 3.175873560236737e-18 
9.661830915457729 4.017605864093446e-18 
9.67383691845923 4.796410426891971e-18 
9.685842921460731 5.50066044490473e-18 
9.697848924462232 6.120062788241238e-18 
9.709854927463732 6.645787549920132e-18 
9.721860930465233 7.070570768728472e-18 
9.733866933466732 7.388789705336922e-18 
9.745872936468235 7.596510520305158e-18 
9.757878939469734 7.691508650101177e-18 
9.769884942471236 7.673262596840258e-18 
9.781890945472735 7.542922233771261e-18 
9.793896948474238 7.303253077157678e-18 
9.805902951475737 6.958558282612533e-18 
9.81790895447724 6.514580387554181e-18 
9.829914957478739 5.978385039560148e-18 
9.841920960480241 5.358229122190017e-18 
9.85392696348174 4.663415815305978e-18 
9.865932966483243 3.904139206794802e-18 
9.877938969484742 3.09132110832763e-18 
9.889944972486242 2.236442721438631e-18 
9.901950975487743 1.351373754361452e-18 
9.913956978489244 4.482015077823989e-19 
9.925962981490745 -4.609376676147787e-19 
9.937968984492246 -1.364022283507857e-18 
9.949974987493746 -2.24930290781916e-18 
9.961980990495247 -3.105450742958501e-18 
9.973986993496748 -3.92169589964736e-18 
9.985992996498249 -4.68795389899097e-18 
9.99799899949975 -5.394939165936145e-18 
10.01000500250125 -6.034264512847541e-18 
10.02201100550275 -6.598525848935823e-18 
10.03401700850425 -7.081371586187631e-18 
10.04602301150575 -7.477556442053911e-18 
10.05802901450725 -7.782979560515063e-18 
10.07003501750875 -7.994707083648941e-18 
10.08204102051026 -8.110979503192493e-18 
10.09404702351176 -8.131204303873399e-18 
10.10605302651326 -8.055934575897549e-18 
10.11805902951476 -7.886834421669235e-18 
10.13006503251626 -7.626632110663567e-18 
10.14207103551776 -7.279062045797493e-18 
10.15407703851926 -6.848796694361427e-18 
10.16608304152076 -6.341369706599495e-18 
10.17808904452226 -5.763091495640863e-18 
10.19009504752376 -5.120958584214612e-18 
10.20210105052526 -4.42255803717272e-18 
10.21410705352676 -3.675968295238554e-18 
10.22611305652826 -2.889657705697019e-18 
10.23811905952977 -2.072382011188322e-18 
10.25012506253126 -1.233082009716278e-18 
10.26213106553277 -3.8078253886908e-19 
10.27413706853427 4.755061334273038e-19 
10.28614307153577 1.326883509015708e-18 
10.29814907453727 2.164649735073716e-18 
10.31015507753877 2.980391332908367e-18 
10.32216108054027 3.766061055381049e-18 
10.33416708354177 4.514051249003123e-18 
10.34617308654327 5.217260198997916e-18 
10.35817908954477 5.86915103817862e-18 
10.37018509254627 6.463802902114167e-18 
10.38219109554777 6.995954112614532e-18 
10.39419709854927 7.461037268029795e-18 
10.40620310155078 7.855206211303894e-18 
10.41820910455228 8.175354934341236e-18 
10.43021510755378 8.419128559336805e-18 
10.44222111055528 8.584926613702984e-18 
10.45422711355678 8.671898884627492e-18 
10.46623311655828 8.679934201752048e-18 
10.47823911955978 8.609642551717836e-18 
10.49024512256128 8.462330976219378e-18 
10.50225112556278 8.239973745684633e-18 
10.51425712856428 7.945177333781899e-18 
10.52626313156578 7.581140743751792e-18 
10.53826913456728 7.151611756255973e-18 
10.55027513756878 6.660839680272875e-18 
10.56228114057028 6.11352519386184e-18 
10.57428714357179 5.514767860716791e-18 
10.58629314657329 4.870011901739959e-18 
10.59829914957479 4.184990788818929e-18 
10.61030515257629 3.46567121105041e-18 
10.62231115557779 2.718196942301223e-18 
10.63431715857929 1.948833113729135e-18 
10.64632316158079 1.163911366203801e-18 
10.65832916458229 3.697763259748359e-19 
10.67033516758379 -4.272661870722074e-19 
10.68234117058529 -1.220998845162049e-18 
10.69434717358679 -2.005340056349637e-18 
10.70635317658829 -2.774388468562195e-18 
10.7183591795898 -3.52246447524946e-18 
10.7303651825913 -4.244148503018297e-18 
10.7423711855928 -4.934315900487665e-18 
10.7543771885943 -5.588168285876614e-18 
10.7663831915958 -6.201261248209281e-18 
10.7783891945973 -6.769528333194689e-18 
10.7903951975988 -7.289301279557741e-18 
10.8024012006003 -7.757326504632525e-18 
10.8144072036018 -8.170777869187405e-18 
10.8264132066033 -8.527265780567699e-18 
10.8384192096048 -8.824842720185248e-18 
10.8504252126063 -9.062005306052095e-18 
10.8624312156078 -9.237693023372365e-18 
10.87443721860931 -9.351283776127399e-18 
10.8864432216108 -9.402586430090052e-18 
10.89844922461231 -9.391830532789536e-18 
10.91045522761381 -9.3196534086397e-18 
10.92246123061531 -9.187084837787414e-18 
10.93446723361681 -8.995529535294346e-18 
10.94647323661831 -8.746747653113824e-18 
10.95847923961981 -8.442833531056026e-18 
10.97048524262131 -8.086192924655656e-18 
10.98249124562281 -7.679518937678551e-18 
10.99449724862431 -7.225766885053703e-18 
11.00650325162581 -6.72812830842269e-18 
11.01850925462731 -6.190004361394578e-18 
11.03051525762881 -5.614978775120942e-18 
11.04252126063032 -5.006790607100849e-18 
11.05452726363182 -4.369306967331523e-18 
11.06653326663332 -3.706495906176957e-18 
11.07853926963482 -3.022399637770703e-18 
11.09054527263632 -2.321108261537496e-18 
11.10255127563782 -1.606734132640153e-18 
11.11455727863932 -8.833870199609868e-19 
11.12656328164082 -1.551501777314611e-19 
11.13856928464232 5.739425557559938e-19 
11.15057528764382 1.299928531675615e-18 
11.16258129064532 2.018936848487326e-18 
11.17458729364682 2.727207618710575e-18 
11.18659329664832 3.421109881722843e-18 
11.19859929964982 4.097158111775721e-18 
11.21060530265133 4.752027282190136e-18 
11.22261130565283 5.382566458043918e-18 
11.23461730865433 5.985810900543901e-18 
11.24662331165583 6.558992676633622e-18 
11.25862931465733 7.099549777185405e-18 
11.27063531765883 7.605133756329407e-18 
11.28264132066033 8.073615913054851e-18 
11.29464732366183 8.503092044161208e-18 
11.30665332666333 8.891885804923502e-18 
11.31865932966483 9.238550720460905e-18 
11.33066533266633 9.541870896755999e-18 
11.34267133566783 9.800860485567514e-18 
11.35467733866933 1.001476196211874e-17 
11.36668334167084 1.018304327843731e-17 
11.37868934467234 1.030539395858614e-17 
11.39069534767384 1.038172020477711e-17 
11.40270135067534 1.041213908552125e-17 
11.41470735367684 1.039697187856411e-17 
11.42671335667834 1.033673664241078e-17 
11.43871935967984 1.023214009078883e-17 
11.45072536268134 1.008406884445839e-17 
11.46273136568284 9.893580134389242e-18 
11.47473736868434 9.661892029515618e-18 
11.48674337168584 9.390373261082741e-18 
11.49874937468734 9.080532714048739e-18 
11.51075537768885 8.734008654132759e-18 
11.52276138069034 8.352557756938927e-18 
11.53476738369185 7.938044003166707e-18 
11.54677338669335 7.492427501274848e-18 
11.55877938969485 7.017753296126837e-18 
11.57078539269635 6.516140219143027e-18 
11.58279139569785 5.989769832345162e-18 
11.59479739869935 5.440875515431622e-18 
11.60680340170085 4.871731741692759e-18 
11.61880940470235 4.284643585189521e-18 
11.63081540770385 3.681936498199757e-18 
11.64282141070535 3.065946394506526e-18 
11.65482741370685 2.439010070682609e-18 
11.66683341670835 1.803455994134143e-18 
11.67883941970986 1.161595483321477e-18 
11.69084542271136 5.157143022932777e-19 
11.70285142571286 -1.319353115350495e-19 
11.71485742871436 -7.79142170542275e-19 
11.72686343171586 -1.423743198197991e-18 
11.73886943471736 -2.063630018592167e-18 
11.75087543771886 -2.696755067074647e-18 
11.76288144072036 -3.321137217533229e-18 
11.77488744372186 -3.934866924355964e-18 
11.78689344672336 -4.536110879501042e-18 
11.79889944972486 -5.123116187331911e-18 
11.81090545272636 -5.694214061963736e-18 
11.82291145572786 -6.247823053808113e-18 
11.83491745872936 -6.782451813795402e-18 
11.84692346173087 -7.296701405398311e-18 
11.85892946473237 -7.789267176077632e-18 
11.87093546773387 -8.258940201122661e-18 
11.88294147073537 -8.704608314067674e-18 
11.89494747373687 -9.125256738934954e-18 
11.90695347673837 -9.519968340487268e-18 
11.91895947973987 -9.88792350947343e-18 
11.93096548274137 -1.022839970052352e-17 
11.94297148574287 -1.054077064090057e-17 
11.95497748874437 -1.082450522874832e-17 
11.96698349174587 -1.107916613979575e-17 
11.97898949474737 -1.130440816169353e-17 
11.99099549774887 -1.149997627527179e-17 
12.00300150075038 -1.166570350202886e-17 
12.01500750375187 -1.180150853709166e-17 
12.02701350675338 -1.190739318673826e-17 
12.03901950975488 -1.198343962934594e-17 
12.05102551275638 -1.202980751833132e-17 
12.06303151575788 -1.204673094528802e-17 
12.07503751875938 -1.203451528110826e-17 
12.08704352176088 -1.199353391240272e-17 
12.09904952476238 -1.192422489001491e-17 
12.11105552776388 -1.182708750586628e-17 
12.12306153076538 -1.170267881377239e-17 
12.13506753376688 -1.155161010924377e-17 
12.14707353676839 -1.13745433826321e-17 
12.15907953976988 -1.117218775930824e-17 
12.17108554277139 -1.094529593986749e-17 
12.18309154577289 -1.069466065265336e-17 
12.19509754877439 -1.042111113017912e-17 
12.20710355177589 -1.01255096203083e-17 
12.21910955477739 -9.808747942336878e-18 
12.23111555777889 -9.471744097402273e-18 
12.24312156078039 -9.115438941932483e-18 
12.25512756378189 -8.740792932143754e-18 
12.26713356678339 -8.348782946900844e-18 
12.27913956978489 -7.940399195572051e-18 
12.29114557278639 -7.516642216844086e-18 
12.30315157578789 -7.078519973811e-18 
12.31515757878939 -6.627045050019177e-18 
12.3271635817909 -6.163231950537563e-18 
12.3391695847924 -5.688094511530748e-18 
12.3511755877939 -5.202643421242876e-18 
12.3631815907954 -4.707883854753985e-18 
12.3751875937969 -4.204813224347581e-18 
12.3871935967984 -3.694419046830123e-18 
12.3991995997999 -3.177676928669649e-18 
12.4112056028014 -2.655548669372513e-18 
12.4232116058029 -2.128980483094424e-18 
12.4352176088044 -1.598901338084465e-18 
12.4472236118059 -1.06622141318868e-18 
12.4592296148074 -5.318306702928964e-19 
12.4712356178089 3.402458737625278e-21 
12.48324162081041 5.386322723615023e-19 
12.49524762381191 1.073036888920656e-18 
12.50725362681341 1.605819227718682e-18 
12.51925962981491 2.136207884107599e-18 
12.53126563281641 2.663457901276647e-18 
12.54327163581791 3.186851441619144e-18 
12.55527763881941 3.705698360714889e-18 
12.56728364182091 4.219336687106585e-18 
12.57928964482241 4.72713301117041e-18 
12.59129564782391 5.228482786483712e-18 
12.60330165082541 5.722810547177838e-18 
12.61530765382691 6.20957004483211e-18 
12.62731365682841 6.688244308516816e-18 
12.63931965982992 7.15834563162958e-18 
12.65132566283141 7.619415489191611e-18 
12.66333166583292 8.071024389278806e-18 
12.67533766883442 8.512771662258472e-18 
12.68734367183592 8.944285191486313e-18 
12.69934967483742 9.365221089091179e-18 
12.71135567783892 9.775263320437589e-18 
12.72336168084042 1.017412328080929e-17 
12.73536768384192 1.056153932780145e-17 
12.74737368684342 1.093727627284587e-17 
12.75937968984492 1.130112483522269e-17 
12.77138569284642 1.165290106183551e-17 
12.78339169584793 1.199244571594332e-17 
12.79539769884942 1.231962363795562e-17 
12.80740370185093 1.263432308130375e-17 
12.81940970485243 1.293645502630609e-17 
12.83141570785393 1.322595247484463e-17 
12.84342171085543 1.350276972856843e-17 
12.85542771385693 1.376688165323494e-17 
12.86743371685843 1.401828293169404e-17 
12.87943971985993 1.425698730791202e-17 
12.89144572286143 1.448302682432484e-17 
12.90345172586293 1.46964510547009e-17 
12.91545772886443 1.489732633458544e-17 
12.92746373186593 1.508573499128975e-17 
12.93946973486743 1.526177457528155e-17 
12.95147573786893 1.542555709472532e-17 
12.96348174087044 1.557720825481692e-17 
12.97548774387194 1.57168667034523e-17 
12.98749374687344 1.584468328466829e-17 
12.99949974987494 1.596082030119345e-17 
13.01150575287644 1.606545078734875e-17 
13.02351175587794 1.615875779344245e-17 
13.03551775887944 1.624093368271028e-17 
13.04752376188094 1.631217944176156e-17 
13.05952976488244 1.637270400540413e-17 
13.07153576788394 1.642272359663583e-17 
13.08354177088544 1.646246108250852e-17 
13.09554777388694 1.649214534649119e-17 
13.10755377688844 1.651201067788283e-17 
13.11955977988995 1.652229617875272e-17 
13.13156578289145 1.652324518881576e-17 
13.14357178589295 1.651510472858372e-17 
13.15557778889445 1.649812496106939e-17 
13.16758379189595 1.647255867226028e-17 
13.17958979489745 1.643866077052041e-17 
13.19159579789895 1.639668780502473e-17 
13.20360180090045 1.63468975032787e-17 
13.21560780390195 1.628954832772731e-17 
13.22761380690345 1.622489905141192e-17 
13.23961980990495 1.615320835259069e-17 
13.25162581290645 1.607473442819817e-17 
13.26363181590795 1.598973462598247e-17 
13.27563781890946 1.589846509512373e-17 
13.28764382191095 1.580118045510575e-17 
13.29964982491246 1.569813348258294e-17 
13.31165582791396 1.558957481595777e-17 
13.32366183091546 1.547575267735934e-17 
13.33566783391696 1.535691261169098e-17 
13.34767383691846 1.523329724239481e-17 
13.35967983991996 1.510514604356289e-17 
13.37168584292146 1.49726951280087e-17 
13.38369184592296 1.483617705089816e-17 
13.39569784892446 1.469582062852753e-17 
13.40770385192596 1.455185077182458e-17 
13.41970985492746 1.440448833414081e-17 
13.43171585792896 1.42539499728952e-17 
13.44372186093047 1.410044802462397e-17 
13.45572786393197 1.394419039298689e-17 
13.46773386693347 1.378538044927733e-17 
13.47973986993497 1.362421694498191e-17 
13.49174587293647 1.34608939359347e-17 
13.50375187593797 1.329560071761185e-17 
13.51575787893947 1.312852177111414e-17 
13.52776388194097 1.295983671938738e-17 
13.53976988494247 1.27897202932344e-17 
13.55177588794397 1.261834230667659e-17 
13.56378189094547 1.244586764122809e-17 
13.57578789394697 1.227245623865175e-17 
13.58779389694847 1.209826310177234e-17 
13.59979989994997 1.192343830292957e-17 
13.61180590295148 1.174812699966141e-17 
13.62381190595298 1.157246945721592e-17 
13.63581790895448 1.139660107749859e-17 
13.64782391195598 1.122065243407122e-17 
13.65982991495748 1.10447493128273e-17 
13.67183591795898 1.086901275797875e-17 
13.68384192096048 1.069355912299856e-17 
13.69584792396198 1.051850012617373e-17 
13.70785392696348 1.034394291043343e-17 
13.71985992996498 1.016999010712724e-17 
13.73186593296648 9.996739903439029e-18 
13.74387193596798 9.824286113132379e-18 
13.75587793896949 9.652718250334052e-18 
13.76788394197099 9.482121606072398e-18 
13.77988994497248 9.312577327298285e-18 
13.79189594797399 9.144162498126499e-18 
13.80390195097549 8.976950223046001e-18 
13.81590795397699 8.811009711857768e-18 
13.82791395697849 8.646406366109122e-18 
13.83991995997999 8.483201866803633e-18 
13.85192596298149 8.321454263175584e-18 
13.86393196598299 8.16121806232782e-18 
13.87593796898449 8.00254431954147e-18 
13.88794397198599 7.84548072907548e-18 
13.89994997498749 7.690071715283216e-18 
13.911955977989 7.536358523882461e-18 
13.92396198099049 7.384379313224005e-18 
13.935967983992 7.234169245412746e-18 
13.9479739869935 7.085760577143604e-18 
13.959979989995 6.939182750122872e-18 
13.9719859929965 6.794462480953531e-18 
13.983991995998 6.651623850370896e-18 
13.9959979989995 6.510688391722477e-18 
14.008004002001 6.371675178593191e-18 
14.0200100050025 6.234600911484201e-18 
14.032016008004 6.099480003460411e-18 
14.0440220110055 5.966324664688262e-18 
14.056028014007 5.835144985791807e-18 
14.0680340170085 5.705949019961155e-18 
14.08004002001 5.578742863753228e-18 
14.09204602301151 5.453530736530453e-18 
14.10405202601301 5.330315058488385e-18 
14.11605802901451 5.209096527228433e-18 
14.12806403201601 5.089874192836861e-18 
14.14007003501751 4.972645531435915e-18 
14.15207603801901 4.857406517177492e-18 
14.16408204102051 4.744151692654043e-18 
14.17608804402201 4.63287423770551e-18 
14.18809404702351 4.52356603660499e-18 
14.20010005002501 4.416217743609516e-18 
14.21210605302651 4.310818846865821e-18 
14.22411205602801 4.20735773066429e-18 
14.23611805902951 4.105821736037425e-18 
14.24812406203102 4.00619721970205e-18 
14.26013006503252 3.90846961134733e-18 
14.27213606803402 3.812623469273203e-18 
14.28414207103552 3.718642534386331e-18 
14.29614807403702 3.626509782562876e-18 
14.30815407703852 3.536207475389638e-18 
14.32016008004002 3.447717209296955e-18 
14.33216608304152 3.361019963098711e-18 
14.34417208604302 3.276096143956417e-18 
14.35617808904452 3.192925631785945e-18 
14.36818409204602 3.111487822126902e-18 
14.38019009504752 3.031761667496001e-18 
14.39219609804903 2.953725717246926e-18 
14.40420210105053 2.877358155960334e-18 
14.41620810405203 2.802636840388589e-18 
14.42821410705353 2.729539334980719e-18 
14.44022011005503 2.658042946013865e-18 
14.45222611305653 2.588124754358204e-18 
14.46423211605803 2.519761646902899e-18 
14.47623811905953 2.452930346671177e-18 
14.48824412206103 2.387607441653066e-18 
14.50025012506253 2.323769412384695e-18 
14.51225612806403 2.261392658303329e-18 
14.52426213106553 2.200453522907589e-18 
14.53626813406703 2.140928317752405e-18 
14.54827413706853 2.082793345308411e-18 
14.56028014007003 2.026024920715491e-18 
14.57228614307154 1.970599392460216e-18 
14.58429214607304 1.916493162006826e-18 
14.59629814907454 1.863682702411326e-18 
14.60830415207604 1.812144575948099e-18 
14.62031015507754 1.761855450778287e-18 
14.63231615807904 1.712792116688919e-18 
14.64432216108054 1.664931499931553e-18 
14.65632816408204 1.618250677188866e-18 
14.66833416708354 1.572726888697338e-18 
14.68034017008504 1.52833755055381e-18 
14.69234617308654 1.485060266233318e-18 
14.70435217608804 1.442872837345235e-18 
14.71635817908954 1.401753273654303e-18 
14.72836418209105 1.361679802392738e-18 
14.74037018509255 1.322630876889096e-18 
14.75237618809405 1.284585184539183e-18 
14.76438219109555 1.247521654143739e-18 
14.77638819409705 1.211419462637211e-18 
14.78839419709855 1.176258041231374e-18 
14.80040020010005 1.142017080997075e-18 
14.81240620310155 1.108676537906868e-18 
14.82441220610305 1.076216637360767e-18 
14.83641820910455 1.044617878216835e-18 
14.84842421210605 1.013861036347799e-18 
14.86043021510755 9.839271677443406e-19 
14.87243621810905 9.547976111851991e-19 
14.88444222111056 9.264539904936766e-19 
14.89644822411206 8.988782163996194e-19 
14.90845422711356 8.720524880254141e-19 
14.92046023011506 8.459592940140184e-19 
14.93246623311656 8.205814133165204e-19 
14.94447223611806 7.959019156562063e-19 
14.95647823911956 7.719041616856044e-19 
14.96848424212106 7.485718028524643e-19 
14.98049024512256 7.258887809901299e-19 
14.99249624812406 7.03839327647271e-19 
15.00450225112556 6.824079631714466e-19 
15.01650825412706 6.615794955604966e-19 
15.02851425712857 6.413390190952803e-19 
15.04052026013007 6.216719127668171e-19 
15.05252626313157 6.025638385104267e-19 
15.06453226613307 5.84000739259016e-19 
15.07653826913457 5.659688368272173e-19 
15.08854427213607 5.484546296376564e-19 
15.10055027513757 5.314448903001969e-19 
15.11255627813907 5.149266630546027e-19 
15.12456228114057 4.988872610866476e-19 
15.13656828414207 4.833142637273097e-19 
15.14857428714357 4.681955135443034e-19 
15.16058029014507 4.535191133348185e-19 
15.17258629314657 4.392734230279756e-19 
15.18459229614807 4.25447056505147e-19 
15.19659829914957 4.120288783459394e-19 
15.20860430215108 3.990080005073013e-19 
15.22061030515258 3.863737789428861e-19 
15.23261630815408 3.7411581016948e-19 
15.24462231115558 3.622239277869942e-19 
15.25662831415708 3.506881989582188e-19 
15.26863431715858 3.394989208542419e-19 
15.28064032016008 3.286466170711538e-19 
15.29264632316158 3.181220340233822e-19 
15.30465232616308 3.079161373187353e-19 
15.31665832916458 2.980201081199748e-19 
15.32866433216608 2.884253394974899e-19 
15.34067033516758 2.791234327774024e-19 
15.35267633816908 2.701061938892032e-19 
15.36468234117059 2.613656297167902e-19 
15.37668834417209 2.528939444565676e-19 
15.38869434717359 2.446835359860539e-19 
15.40070035017509 2.367269922462444e-19 
15.41270635317659 2.290170876407835e-19 
15.42471235617809 2.21546779454812e-19 
15.43671835917959 2.143092042961782e-19 
15.44872436218109 2.072976745615269e-19 
15.46073036518259 2.005056749296179e-19 
15.47273636818409 1.939268588840636e-19 
15.48474237118559 1.875550452675256e-19 
15.49674837418709 1.813842148692627e-19 
15.50875437718859 1.75408507047783e-19 
15.5207603801901 1.696222163902202e-19 
15.5327663831916 1.640197894099242e-19 
15.5447723861931 1.585958212836362e-19 
15.5567783891946 1.533450526294984e-19 
15.5687843921961 1.482623663270414e-19 
15.5807903951976 1.433427843801812e-19 
15.5927963981991 1.385814648241601e-19 
15.6048024012006 1.339736986772689e-19 
15.6168084042021 1.29514906938093e-19 
15.6288144072036 1.252006376289436e-19 
15.6408204102051 1.21026562886047e-19 
15.6528264132066 1.169884760969906e-19 
15.6648324162081 1.130822890858478e-19 
15.6768384192096 1.093040293463361e-19 
15.6888444222111 1.056498373232929e-19 
15.70085042521261 1.021159637426959e-19 
15.71285642821411 9.869876699039152e-20 
15.72486243121561 9.539471053964264e-20 
15.73686843421711 9.220036042755351e-20 
15.74887443721861 8.911238278038124e-20 
15.76088044022011 8.61275413876978e-20 
15.77288644322161 8.324269532532448e-20 
15.78489244622311 8.045479662691994e-20 
15.79689844922461 7.776088800406767e-20 
15.80890445222611 7.515810061467331e-20 
15.82091045522761 7.264365187945176e-20 
15.83291645822911 7.021484334625463e-20 
15.84492246123061 6.786905860196221e-20 
15.85692846423212 6.560376123163968e-20 
15.86893446723362 6.341649282463582e-20 
15.88094047023512 6.130487102728226e-20 
15.89294647323662 5.926658764183361e-20 
15.90495247623812 5.729940677127342e-20 
15.91695847923962 5.540116300959666e-20 
15.92896448224112 5.35697596771678e-20 
15.94097048524262 5.1803167100743e-20 
15.95297648824412 5.009942093773688e-20 
15.96498249124562 4.845662054430707e-20 
15.97698849424712 4.68729273868247e-20 
15.98899449724862 4.534656349629517e-20 
16.00100050025013 4.387580996529128e-20 
16.01300650325162 4.245900548695981e-20 
16.02501250625313 4.109454493566337e-20 
16.03701850925463 3.978087798882093e-20 
16.04902451225613 3.851650778951344e-20 
16.06103051525763 3.729998964942556e-20 
16.07303651825913 3.612992979169976e-20 
16.08504252126063 3.500498413328559e-20 
16.09704852426213 3.392385710637482e-20 
16.10905452726363 3.288530051852207e-20 
16.12106053026513 3.188811245106008e-20 
16.13306653326664 3.093113619542983e-20 
16.14507253626813 3.001325922705763e-20 
16.15707853926963 2.913341221642419e-20 
16.16908454227114 2.829056807698404e-20 
16.18109054527264 2.748374104960923e-20 
16.19309654827414 2.671198582324583e-20 
16.20510255127564 2.597439669148924e-20 
16.21710855427714 2.52701067448011e-20 
16.22911455727864 2.45982870981092e-20 
16.24112056028014 2.395814615355083e-20 
16.25312656328164 2.334892889814016e-20 
16.26513256628314 2.276991623616109e-20 
16.27713856928464 2.222042435610865e-20 
16.28914457228614 2.169980413202482e-20 
16.30115057528764 2.120744055909821e-20 
16.31315657828915 2.074275222342097e-20 
16.32516258129064 2.030519080582217e-20 
16.33716858429214 1.989424061972243e-20 
16.34917458729365 1.950941818298205e-20 
16.36118059029515 1.91502718237426e-20 
16.37318659329665 1.881638132029091e-20 
16.38519259629815 1.850735757500419e-20 
16.39719859929965 1.822284232246587e-20 
16.40920460230115 1.796250787187367e-20 
16.42121060530265 1.772605688389387e-20 
16.43321660830415 1.751322218215021e-20 
16.44522261130565 1.732376659957028e-20 
16.45722861430716 1.715748285984877e-20 
16.46923461730865 1.701419349432397e-20 
16.48124062031015 1.689375079460238e-20 
16.49324662331166 1.67960368013061e-20 
16.50525262631316 1.672096332935848e-20 
16.51725862931466 1.666847203026592e-20 
16.52926463231616 1.663853449189721e-20 
16.54127063531766 1.663115237630709e-20 
16.55327663831916 1.66463575961972e-20 
16.56528264132066 1.66842125306555e-20 
16.57728864432216 1.674481028086543e-20 
16.58929464732366 1.682827496652703e-20 
16.60130065032516 1.693476206378549e-20 
16.61330665332666 1.706445878551772e-20 
16.62531265632816 1.721758450488418e-20 
16.63731865932967 1.739439122311189e-20 
16.64932466233117 1.759516408253584e-20 
16.66133066533267 1.782022192598836e-20 
16.67333666833417 1.806991790369174e-20 
16.68534267133567 1.834464012887666e-20 
16.69734867433717 1.864481238341893e-20 
16.70935467733867 1.897089487485971e-20 
16.72136068034017 1.932338504624911e-20 
16.73336668334167 1.97028184403315e-20 
16.74537268634317 2.010976961967085e-20 
16.75737868934467 2.054485314439891e-20 
16.76938469234617 2.100872460935523e-20 
16.78139069534767 2.150208174247853e-20 
16.79339669834918 2.202566556640229e-20 
16.80540270135068 2.258026162530441e-20 
16.81740870435218 2.31667012791617e-20 
16.82941470735368 2.378586306766437e-20 
16.84142071035518 2.443867414615455e-20 
16.85342671335668 2.512611179606552e-20 
16.86543271635818 2.584920501245565e-20 
16.87743871935968 2.660903617135291e-20 
16.88944472236118 2.740674277975232e-20 
16.90145072536268 2.824351931124019e-20 
16.91345672836418 2.912061913035603e-20 
16.92546273136568 3.0039356508945e-20 
16.93746873436718 3.100110873790154e-20 
16.94947473736868 3.200731833785887e-20 
16.96148074037018 3.305949537253857e-20 
16.97348674337169 3.415921986864126e-20 
16.98549274637319 3.530814434633178e-20 
16.99749874937469 3.650799646455303e-20 
17.00950475237619 3.776058178558924e-20 
17.02151075537769 3.906778666349487e-20 
17.03351675837919 4.043158126120787e-20 
17.04552276138069 4.185402270137719e-20 
17.05752876438219 4.333725835615438e-20 
17.06953476738369 4.488352928142736e-20 
17.08154077038519 4.649517380121318e-20 
17.09354677338669 4.817463124817385e-20 
17.10555277638819 4.99244458664779e-20 
17.1175587793897 5.174727088349882e-20 
17.1295647823912 5.364587275712134e-20 
17.14157078539269 5.562313560571797e-20 
17.1535767883942 5.768206582816187e-20 
17.1655827913957 5.982579692155769e-20 
17.1775887943972 6.205759450470181e-20 
17.1895947973987 6.43808615556255e-20 
17.2016008004002 6.679914387193254e-20 
17.2136068034017 6.9316135763014e-20 
17.2256128064032 7.193568598361078e-20 
17.2376188094047 7.46618039185983e-20 
17.2496248124062 7.749866602928786e-20 
17.26163081540771 8.045062257197777e-20 
17.27363681840921 8.352220459994335e-20 
17.2856428214107 8.6718131260531e-20 
17.29764882441221 9.004331739951623e-20 
17.30965482741371 9.350288148540308e-20 
17.32166083041521 9.710215386687898e-20 
17.33366683341671 1.008466853772004e-19 
17.34567283641821 1.047422562998688e-19 
17.35767883941971 1.087948857105646e-19 
17.36968484242121 1.130108412109421e-19 
17.38169084542271 1.173966490705469e-19 
17.39369684842421 1.219591047938108e-19 
17.40570285142572 1.26705284129791e-19 
17.41770885442721 1.316425545430742e-19 
17.42971485742871 1.367785871650416e-19 
17.44172086043022 1.421213692455064e-19 
17.45372686343172 1.476792171255807e-19 
17.46573286643321 1.534607897535111e-19 
17.47773886943472 1.594751027661439e-19 
17.48974487243622 1.657315431596385e-19 
17.50175087543772 1.72239884574046e-19 
17.51375687843922 1.79010303217415e-19 
17.52576288144072 1.860533944561686e-19 
17.53776888444222 1.933801900996295e-19 
17.54977488744372 2.010021764077535e-19 
17.56178089044522 2.089313128523526e-19 
17.57378689344672 2.171800516633823e-19 
17.58579289644823 2.257613581931917e-19 
17.59779889944972 2.34688732133038e-19 
17.60980490245122 2.439762296176111e-19 
17.62181090545273 2.536384862548328e-19 
17.63381690845423 2.636907411197686e-19 
17.64582291145573 2.741488617531368e-19 
17.65782891445723 2.850293702066145e-19 
17.66983491745873 2.963494701789242e-19 
17.68184092046023 3.081270752885507e-19 
17.69384692346173 3.2038083853088e-19 
17.70585292646323 3.331301829695734e-19 
17.71785892946473 3.463953337141055e-19 
17.72986493246623 3.601973512375904e-19 
17.74187093546773 3.745581660913195e-19 
17.75387693846923 3.895006150748199e-19 
17.76588294147074 4.050484789227433e-19 
17.77788894447224 4.212265215724864e-19 
17.78989494747374 4.380605310791607e-19 
17.80190095047524 4.555773622473522e-19 
17.81390695347674 4.738049810520555e-19 
17.82591295647824 4.927725109242427e-19 
17.83791895947974 5.125102809797238e-19 
17.84992496248124 5.330498762732981e-19 
17.86193096548274 5.544241901636768e-19 
17.87393696848424 5.766674788782797e-19 
17.88594297148574 5.998154183708011e-19 
17.89794897448724 6.239051635683807e-19 
17.90995497748874 6.489754101093264e-19 
17.92196098049025 6.750664586766289e-19 
17.93396698349175 7.022202820369766e-19 
17.94597298649325 7.30480594899642e-19 
17.95797898949475 7.598929267144743e-19 
17.96998499249625 7.905046975332968e-19 
17.98199099549775 8.223652970642961e-19 
17.99399699849925 8.555261670545047e-19 
18.00600300150075 8.900408871412108e-19 
18.01800900450225 9.259652643191408e-19 
18.03001500750375 9.633574261764855e-19 
18.04202101050525 1.002277918059375e-18 
18.05402701350675 1.042789804331182e-18 
18.06603301650825 1.084958773900133e-18 
18.07803901950975 1.128853250196075e-18 
18.09004502251126 1.174544505784963e-18 
18.10205102551276 1.222106781817648e-18 
18.11405702851426 1.271617412517942e-18 
18.12606303151576 1.323156954923631e-18 
18.13806903451726 1.376809324103255e-18 
18.15007503751876 1.432661934080944e-18 
18.16208104052026 1.490805844711501e-18 
18.17408704352176 1.551335914758253e-18 
18.18609304652326 1.614350961436962e-18 
18.19809904952476 1.679953926700315e-18 
18.21010505252626 1.748252050549198e-18 
18.22211105552776 1.819357051669211e-18 
18.23411705852926 1.893385315703579e-18 
18.24612306153077 1.970458091486904e-18 
18.25812906453227 2.050701695578051e-18 
18.27013506753377 2.1342477254449e-18 
18.28214107053527 2.221233281668762e-18 
18.29414707353677 2.311801199551945e-18 
18.30615307653827 2.406100290528351e-18 
18.31815907953977 2.504285593794056e-18 
18.33016508254127 2.606518638592639e-18 
18.34217108554277 2.712967717608606e-18 
18.35417708854427 2.82380817194161e-18 
18.36618309154577 2.93922268815442e-18 
18.37818909454727 3.059401607908581e-18 
18.39019509754878 3.184543250723771e-18 
18.40220110055028 3.314854250419717e-18 
18.41420710355177 3.450549905823458e-18 
18.42621310655328 3.591854546349667e-18 
18.43821910955478 3.739001913087745e-18 
18.45022511255628 3.89223555605649e-18 
18.46223111555778 4.051809248315481e-18 
18.47423711855928 4.217987417651725e-18 
18.48624312156078 4.391045596590954e-18 
18.49824912456228 4.571270891514994e-18 
18.51025512756378 4.758962471700094e-18 
18.52226113056528 4.954432079126018e-18 
18.53426713356679 5.158004559942086e-18 
18.54627313656828 5.370018418514301e-18 
18.55827913956978 5.590826395017327e-18 
18.57028514257129 5.820796067576341e-18 
18.58229114557279 6.060310480006875e-18 
18.59429714857428 6.309768796245688e-18 
18.60630315157579 6.569586982612553e-18 
18.61830915457729 6.840198519091739e-18 
18.63031515757879 7.122055140872892e-18 
18.64232116058029 7.415627611444268e-18 
18.65432716358179 7.721406528586637e-18 
18.66633316658329 8.039903164674101e-18 
18.67833916958479 8.371650342748332e-18 
18.69034517258629 8.717203349895728e-18 
18.70235117558779 9.077140889522572e-18 
18.7143571785893 9.452066074191778e-18 
18.72636318159079 9.84260746075623e-18 
18.73836918459229 1.024942012959817e-17 
18.7503751875938 1.067318680986179e-17 
18.7623811905953 1.111461905264737e-17 
18.7743871935968 1.157445845421956e-17 
18.7863931965983 1.205347793137093e-17 
18.7983991995998 1.255248305117352e-17 
18.8104052026013 1.307231341744755e-17 
18.8224112056028 1.36138441163759e-17 
18.8344172086043 1.417798722379811e-17 
18.8464232116058 1.47656933768258e-17 
18.85842921460731 1.537795341253568e-17 
18.8704352176088 1.601580007661425e-17 
18.8824412206103 1.668030980495241e-17 
18.89444722361181 1.737260458131662e-17 
18.90645322661331 1.80938538743583e-17 
18.91845922961481 1.884527665736292e-17 
18.93046523261631 1.962814351428707e-17 
18.94247123561781 2.044377883578415e-17 
18.95447723861931 2.129356310907876e-17 
18.96648324162081 2.217893530571601e-17 
18.97848924462231 2.310139537138503e-17 
18.99049524762381 2.406250682219734e-17 
19.00250125062531 2.506389945198865e-17 
19.01450725362681 2.610727215540994e-17 
19.02651325662831 2.719439587177865e-17 
19.03851925962982 2.832711665487517e-17 
19.05052526263132 2.950735887409279e-17 
19.06253126563282 3.073712855258283e-17 
19.07453726863432 3.201851684827932e-17 
19.08654327163582 3.335370368394137e-17 
19.09854927463732 3.474496153261605e-17 
19.11055527763882 3.619465936520037e-17 
19.12256128064032 3.770526676706899e-17 
19.13456728364182 3.927935823103479e-17 
19.14657328664332 4.091961763422259e-17 
19.15857928964482 4.262884290676334e-17 
19.17058529264632 4.440995090055717e-17 
19.18259129564782 4.62659824667095e-17 
19.19459729864932 4.820010775061559e-17 
19.20660330165082 5.021563171405626e-17 
19.21860930465233 5.231599989407132e-17 
19.23061530765383 5.450480440879905e-17 
19.24262131065533 5.67857902209098e-17 
19.25462731365683 5.916286166972011e-17 
19.26663331665833 6.164008928355313e-17 
19.27863931965983 6.422171688440984e-17 
19.29064532266133 6.691216899753696e-17 
19.30265132566283 6.971605857902098e-17 
19.31465732866433 7.263819507510419e-17 
19.32666333166583 7.568359282751164e-17 
19.33866933466733 7.885747983969345e-17 
19.35067533766883 8.216530691953256e-17 
19.36268134067033 8.561275721473866e-17 
19.37468734367184 8.920575615785094e-17 
19.38669334667334 9.295048183850337e-17 
19.39869934967484 9.685337582136897e-17 
19.41070535267634 1.009211544289967e-16 
19.42271135567784 1.051608205095841e-16 
19.43471735867934 1.095796757105967e-16 
19.44672336168084 1.141853332800479e-16 
19.45872936468234 1.189857314181987e-16 
19.47073536768384 1.239891472034193e-16 
19.48274137068534 1.292042111169819e-16 
19.49474737368684 1.346399221926265e-16 
19.50675337668834 1.403056638178594e-16 
19.51875937968985 1.462112202151093e-16 
19.53076538269135 1.523667936320853e-16 
19.54277138569284 1.587830222719506e-16 
19.55477738869435 1.654709989952482e-16 
19.56678339169585 1.724422908269026e-16 
19.57878939469735 1.797089593030591e-16 
19.59079539769885 1.872835816940307e-16 
19.60280140070035 1.951792731411927e-16 
19.61480740370185 2.034097097473025e-16 
19.62681340670335 2.119891526614345e-16 
19.63881940970485 2.209324732015009e-16 
19.65082541270635 2.302551790591954e-16 
19.66283141570786 2.399734416341345e-16 
19.67483741870936 2.501041245460011e-16 
19.68684342171085 2.606648133756098e-16 
19.69884942471236 2.716738466880182e-16 
19.71085542771386 2.831503483931136e-16 
19.72286143071536 2.951142615015074e-16 
19.73486743371686 3.075863833360711e-16 
19.74687343671836 3.205884022620735e-16 
19.75887943971986 3.341429360015997e-16 
19.77088544272136 3.482735716007859e-16 
19.78289144572286 3.630049071213746e-16 
19.79489744872436 3.78362595131196e-16 
19.80690345172586 3.94373388071419e-16 
19.81890945472736 4.110651855817906e-16 
19.83091545772886 4.284670838686077e-16 
19.84292146073037 4.466094272038415e-16 
19.85492746373187 4.655238616476717e-16 
19.86693346673336 4.852433910906931e-16 
19.87893946973487 5.058024357162326e-16 
19.89094547273637 5.272368929875762e-16 
19.90295147573787 5.495842012694562e-16 
19.91495747873937 5.728834061978915e-16 
19.92696348174087 5.971752299174363e-16 
19.93896948474237 6.225021433100496e-16 
19.95097548774387 6.489084413452073e-16 
19.96298149074537 6.764403216864947e-16 
19.97498749374687 7.05145966695801e-16 
19.98699349674838 7.350756289823606e-16 
19.99899949974987 7.662817206502893e-16 
20.01100550275137 7.98818906404933e-16 
20.02301150575288 8.327442006853166e-16 
20.03501750875438 8.681170689972499e-16 
20.04702351175588 9.049995336292287e-16 
20.05902951475738 9.434562839411939e-16 
20.07103551775888 9.835547914244648e-16 
20.08304152076038 1.025365429739789e-15 
20.09504752376188 1.068961599949444e-15 
20.10705352676338 1.114419861168719e-15 
20.11905952976488 1.161820066871895e-15 
20.13106553276639 1.211245507098078e-15 
20.14307153576788 1.262783056812894e-15 
20.15507753876938 1.316523330693212e-15 
20.16708354177089 1.372560844613648e-15 
20.17908954477239 1.43099418412577e-15 
20.19109554777389 1.49192618023355e-15 
20.20310155077539 1.555464092781822e-15 
20.21510755377689 1.621719801788301e-15 
20.22711355677839 1.690810007064079e-15 
20.23911955977989 1.762856436482559e-15 
20.25112556278139 1.837986063272399e-15 
20.26313156578289 1.916331332726468e-15 
20.27513756878439 1.998030398735775e-15 
20.28714357178589 2.083227370575247e-15 
20.29914957478739 2.172072570386721e-15 
20.3111555777889 2.264722801823964e-15 
20.3231615807904 2.361341630344762e-15 
20.3351675837919 2.462099675656238e-15 
20.3471735867934 2.567174916841588e-15 
20.3591795897949 2.676753010719466e-15 
20.3711855927964 2.791027624011218e-15 
20.3831915957979 2.910200779916265e-15 
20.3951975987994 3.034483219722039e-15 
20.4072036018009 3.164094780102217e-15 
20.4192096048024 3.299264786785445e-15 
20.4312156078039 3.440232465306482e-15 
20.4432216108054 3.587247369582748e-15 
20.4552276138069 3.740569829091584e-15 
20.4672336168084 3.900471415457385e-15 
20.4792396198099 4.067235429292986e-15 
20.49124562281141 4.241157408176543e-15 
20.50325162581291 4.422545656683507e-15 
20.51525762881441 4.61172179943345e-15 
20.52726363181591 4.809021358153301e-15 
20.53926963481741 5.014794353802237e-15 
20.55127563781891 5.229405934849074e-15 
20.56328164082041 5.453237032840564e-15 
20.57528764382191 5.686685046448642e-15 
20.58729364682341 5.930164555236527e-15 
20.59929964982491 6.184108064437639e-15 
20.61130565282641 6.448966782097746e-15 
20.62331165582791 6.725211429989697e-15 
20.63531765882941 7.013333089771552e-15 
20.64732366183092 7.313844085923148e-15 
20.65932966483242 7.627278907063075e-15 
20.67133566783392 7.954195167318008e-15 
20.68334167083542 8.295174609489248e-15 
20.69534767383692 8.65082415183756e-15 
20.70735367683842 9.021776980386813e-15 
20.71935967983992 9.408693688729956e-15 
20.73136568284142 9.812263467407435e-15 
20.74337168584292 1.023320534501852e-14 
20.75537768884442 1.067226948332043e-14 
20.76738369184592 1.113023852866841e-14 
20.77938969484742 1.160792902225305e-14 
20.79139569784893 1.210619287169788e-14 
20.80340170085043 1.262591888669283e-14 
20.81540770385192 1.316803438145541e-14 
20.82741370685343 1.373350684693393e-14 
20.83941970985493 1.432334569579411e-14 
20.85142571285643 1.493860408336328e-14 
20.86343171585793 1.558038080784534e-14 
20.87543771885943 1.624982229326402e-14 
20.88744372186093 1.694812465874347e-14 
20.89944972486243 1.767653587789258e-14 
20.91145572786393 1.843635803222425e-14 
20.92346173086543 1.922894966271272e-14 
20.93546773386693 2.005572822377102e-14 
20.94747373686843 2.091817264411835e-14 
20.95947973986993 2.181782599920206e-14 
20.97148574287144 2.275629830004332e-14 
20.98349174587294 2.373526940358802e-14 
20.99549774887443 2.475649204986685e-14 
21.00750375187594 2.582179503150059e-14 
21.01950975487744 2.693308650132834e-14 
21.03151575787894 2.809235742418942e-14 
21.04352176088044 2.930168517915342e-14 
21.05552776388194 3.05632373187679e-14 
21.06753376688344 3.187927549218097e-14 
21.07953976988494 3.325215953929575e-14 
21.09154577288644 3.468435176342682e-14 
21.10355177588794 3.61784213902557e-14 
21.11555777888945 3.773704922122329e-14 
21.12756378189095 3.936303248985372e-14 
21.13956978489244 4.105928992987525e-14 
21.15157578789395 4.282886706439236e-14 
21.16358179089545 4.467494172576758e-14 
21.17558779389695 4.660082981629498e-14 
21.18759379689845 4.8609991320188e-14 
21.19959979989995 5.070603657786529e-14 
21.21160580290145 5.289273283399868e-14 
21.22361180590295 5.517401107128958e-14 
21.23561780890445 5.755397314246383e-14 
21.24762381190595 6.003689921352212e-14 
21.25962981490746 6.262725553185343e-14 
21.27163581790895 6.532970253341551e-14 
21.28364182091045 6.814910330380779e-14 
21.29564782391196 7.109053240871172e-14 
21.30765382691346 7.415928510985135e-14 
21.31965982991496 7.736088698333399e-14 
21.33166583291646 8.070110395797012e-14 
21.34367183591796 8.41859527919416e-14 
21.35567783891946 8.782171200699292e-14 
21.36768384192096 9.161493330015957e-14 
21.37968984492246 9.557245345392474e-14 
21.39169584792396 9.970140676661134e-14 
21.40370185092547 1.040092380257706e-13 
21.41570785392696 1.085037160483277e-13 
21.42771385692846 1.131929478122844e-13 
21.43971985992997 1.180853932058672e-13 
21.45172586293147 1.23189880421142e-13 
21.46373186593297 1.285156220203033e-13 
21.47573786893447 1.340722317040799e-13 
21.48774387193597 1.398697418129917e-13 
21.49974987493747 1.459186215935376e-13 
21.51175587793897 1.522297962628031e-13 
21.52376188094047 1.588146669064419e-13 
21.53576788394197 1.656851312465215e-13 
21.54777388694347 1.728536053173192e-13 
21.55977988994497 1.803330460888281e-13 
21.57178589294647 1.881369750794752e-13 
21.58379189594798 1.96279503001373e-13 
21.59579789894947 2.047753554833264e-13 
21.60780390195097 2.136398999188019e-13 
21.61980990495248 2.228891734881335e-13 
21.63181590795398 2.325399124064035e-13 
21.64382191095548 2.426095824506932e-13 
21.65582791395698 2.531164108227511e-13 
21.66783391695848 2.640794194055897e-13 
21.67983991995998 2.755184594750834e-13 
21.69184592296148 2.874542479303269e-13 
21.70385192596298 2.999084051093035e-13 
21.71585792896448 3.129034942593389e-13 
21.72786393196598 3.264630627348626e-13 
21.73986993496748 3.40611684998181e-13 
21.75187593796898 3.553750075022913e-13 
21.76388194097049 3.707797955382315e-13 
21.77588794397199 3.868539821330839e-13 
21.78789394697349 4.036267190885301e-13 
21.79989994997499 4.211284302538008e-13 
21.81190595297649 4.393908671309849e-13 
21.82391195597799 4.584471669149618e-13 
21.83591795897949 4.78331913074711e-13 
21.84792396198099 4.990811985874419e-13 
21.85992996498249 5.207326919418778e-13 
21.87193596798399 5.433257060321385e-13 
21.88394197098549 5.669012700689981e-13 
21.89594797398699 5.915022046408607e-13 
21.90795397698849 6.171732000626135e-13 
21.91995997999 6.439608981565786e-13 
21.9319659829915 6.719139776161253e-13 
21.943971985993 7.010832431091139e-13 
21.9559779889945 7.315217182852495e-13 
21.967983991996 7.632847428586278e-13 
21.9799899949975 7.964300739442846e-13 
21.991995997999 8.310179918354139e-13 
22.0040020010005 8.671114104161202e-13 
22.016008004002 9.04775992413134e-13 
22.0280140070035 9.440802696988587e-13 
22.040020010005 9.850957688674476e-13 
22.0520260130065 1.027897142315351e-12 
22.064032016008 1.072562305067952e-12 
22.07603801900951 1.119172577604515e-12 
22.088044022011 1.16781283494477e-12 
22.10005002501251 1.218571662272025e-12 
22.11205602801401 1.271541517379768e-12 
22.12406203101551 1.32681890024137e-12 
22.13606803401701 1.384504530015622e-12 
22.14807403701851 1.444703529814634e-12 
22.16008004002001 1.507525619574947e-12 
22.17208604302151 1.57308531738771e-12 
22.18409204602301 1.641502149659412e-12 
22.19609804902451 1.712900870491009e-12 
22.20810405202601 1.787411690680317e-12 
22.22011005502752 1.865170516770357e-12 
22.23211605802901 1.946319200584942e-12 
22.24412206103052 2.031005799712163e-12 
22.25612806403202 2.119384849416741e-12 
22.26813406703352 2.211617646483325e-12 
22.28014007003502 2.307872545514905e-12 
22.29214607303652 2.408325268233609e-12 
22.30415207603802 2.513159226355149e-12 
22.31615807903952 2.622565858633393e-12 
22.32816408204102 2.736744982697703e-12 
22.34017008504252 2.855905162333148e-12 
22.35217608804402 2.980264090882237e-12 
22.36418209104552 3.110048991476713e-12 
22.37618809404702 3.245497034839121e-12 
22.38819409704853 3.386855775426387e-12 
22.40020010005003 3.534383606721669e-12 
22.41220610305152 3.688350236516185e-12 
22.42421210605303 3.849037183059775e-12 
22.43621810905453 4.01673829299763e-12 
22.44822411205603 4.19176028205101e-12 
22.46023011505753 4.374423299441894e-12 
22.47223611805903 4.565061517105568e-12 
22.48424212106053 4.764023744781063e-12 
22.49624812406203 4.971674072117368e-12 
22.50825412706353 5.188392538983417e-12 
22.52026013006503 5.41457583522214e-12 
22.53226613306653 5.650638031143509e-12 
22.54427213606803 5.897011340108466e-12 
22.55627813906953 6.154146914615198e-12 
22.56828414207104 6.422515677361321e-12 
22.58029014507254 6.702609188820469e-12 
22.59229614807404 6.994940552939463e-12 
22.60430215107554 7.300045362633052e-12 
22.61630815407704 7.618482686826979e-12 
22.62831415707854 7.950836100877301e-12 
22.64032016008004 8.297714762274341e-12 
22.65232616308154 8.659754533623739e-12 
22.66433216608304 9.037619154984808e-12 
22.67633816908454 9.432001467738019e-12 
22.68834417208604 9.843624692249143e-12 
22.70035017508754 1.02732437616974e-11 
22.71235617808905 1.072164671453934e-11 
22.72436218109054 1.118965614818891e-11 
22.73636818409205 1.167813073660818e-11 
22.74837418709355 1.218796681462133e-11 
22.76038019009505 1.272010003188915e-11 
22.77238619309655 1.327550707961005e-11 
22.78439219609805 1.385520749314921e-11 
22.79639819909955 1.446026553393811e-11 
22.80840420210105 1.509179215413437e-11 
22.82041020510255 1.57509470476853e-11 
22.83241620810405 1.643894079159946e-11 
22.84442221110555 1.715703708139769e-11 
22.85642821410705 1.790655506489075e-11 
22.86843421710855 1.868887177861279e-11 
22.88044022011006 1.950542469143148e-11 
22.89244622311156 2.035771436005398e-11 
22.90445222611306 2.124730720135682e-11 
22.91645822911456 2.217583838668446e-11 
22.92846423211606 2.314501486348814e-11 
22.94047023511756 2.415661850991387e-11 
22.95247623811906 2.521250942819491e-11 
22.96448224112056 2.631462938296313e-11 
22.97648824412206 2.746500539086243e-11 
22.98849424712356 2.866575346812946e-11 
23.00050025012506 2.991908254310029e-11 
23.01250625312656 3.122729854090892e-11 
23.02451225612806 3.259280864796354e-11 
23.03651825912956 3.401812576412138e-11 
23.04852426213106 3.550587315083188e-11 
23.06053026513257 3.705878928388296e-11 
23.07253626813407 3.867973291976573e-11 
23.08454227113557 4.037168838507082e-11 
23.09654827413707 4.213777109874447e-11 
23.10855427713857 4.398123333746623e-11 
23.12056028014007 4.590547025486252e-11 
23.13256628314157 4.79140261657432e-11 
23.14457228614307 5.001060110704144e-11 
23.15657828914457 5.219905768765289e-11 
23.16858429214607 5.448342823990776e-11 
23.18059029514757 5.686792228597129e-11 
23.19259629814907 5.935693433305505e-11 
23.20460230115058 6.195505201193329e-11 
23.21660830415207 6.466706457389891e-11 
23.22861430715358 6.749797176196046e-11 
23.24062031015508 7.045299307277998e-11 
23.25262631315658 7.353757742657817e-11 
23.26463231615808 7.67574132629949e-11 
23.27663831915958 8.011843908168602e-11 
23.28864432216108 8.362685444726639e-11 
23.30065032516258 8.728913147907469e-11 
23.31265632816408 9.111202684713935e-11 
23.32466233116558 9.510259429666777e-11 
23.33666833416708 9.926819772436742e-11 
23.34867433716859 1.036165248309351e-10 
23.36068034017008 1.081556013751253e-10 
23.37268634317159 1.12893806055931e-10 
23.38469234617309 1.178398860505792e-10 
23.39669834917459 1.230029732372703e-10 
23.40870435217609 1.283926011328629e-10 
23.42071035517759 1.340187225770426e-10 
23.43271635817909 1.398917281959042e-10 
23.44472236118059 1.460224656793305e-10 
23.45672836418209 1.524222599080689e-10 
23.46873436718359 1.591029339679934e-10 
23.48074037018509 1.660768310906934e-10 
23.49274637318659 1.733568375612586e-10 
23.50475237618809 1.809564066359371e-10 
23.5167583791896 1.888895835142245e-10 
23.5287643821911 1.971710314119108e-10 
23.5407703851926 2.058160587836695e-10 
23.5527763881941 2.148406477459134e-10 
23.5647823911956 2.24261483752887e-10 
23.5767883941971 2.340959865813017e-10 
23.5887943971986 2.443623426812644e-10 
23.6008004002001 2.550795389537995e-10 
23.6128064032016 2.662673980179293e-10 
23.6248124062031 2.779466150330576e-10 
23.6368184092046 2.901387961453074e-10 
23.6488244122061 3.02866498629492e-10 
23.6608304152076 3.161532728015728e-10 
23.6728364182091 3.300237057797539e-10 
23.6848424212106 3.445034671758271e-10 
23.69684842421211 3.596193568019765e-10 
23.70885442721361 3.753993544820236e-10 
23.72086043021511 3.918726720600217e-10 
23.73286643321661 4.090698077032157e-10 
23.74487243621811 4.27022602600667e-10 
23.75687843921961 4.457643001633222e-10 
23.76888444222111 4.653296078359786e-10 
23.78089044522261 4.85754761636476e-10 
23.79289644822411 5.070775935425475e-10 
23.80490245122561 5.293376018520774e-10 
23.81690845422711 5.525760246480775e-10 
23.82891445722861 5.768359165054912e-10 
23.84092046023012 6.021622285829989e-10 
23.85292646323161 6.286018922493213e-10 
23.86493246623312 6.562039064001317e-10 
23.87693846923462 6.850194286285775e-10 
23.88894447223612 7.151018704196312e-10 
23.90095047523762 7.465069965459986e-10 
23.91295647823912 7.792930288511811e-10 
23.92496248124062 8.135207546134891e-10 
23.93696848424212 8.49253639693363e-10 
23.94897448724362 8.865579466753224e-10 
23.96098049024512 9.255028582251829e-10 
23.97298649324662 9.661606058929543e-10 
23.98499249624813 1.00860660460201e-09 
23.99699849924962 1.052919593075758e-09 
24.00900450225113 1.099181780464149e-09 
24.02101050525263 1.147478999443964e-09 
24.03301650825413 1.197900866078925e-09 
24.04502251125563 1.250540946738329e-09 
24.05702851425713 1.305496932386111e-09 
24.06903451725863 1.362870820566038e-09 
24.08104052026013 1.422769105423128e-09 
24.09304652326163 1.485302976116443e-09 
24.10505252626313 1.550588523994097e-09 
24.11705852926463 1.618746958917731e-09 
24.12906453226613 1.68990483514083e-09 
24.14107053526763 1.764194287163135e-09 
24.15307653826913 1.84175327600209e-09 
24.16508254127064 1.922725846341761e-09 
24.17708854427213 2.007262395040031e-09 
24.18909454727364 2.095519951496133e-09 
24.20110055027514 2.187662470402807e-09 
24.21310655327664 2.283861137430554e-09 
24.22511255627814 2.38429468841566e-09 
24.23711855927964 2.48914974264898e-09 
24.24912456228114 2.598621150888865e-09 
24.26113056528264 2.712912358749189e-09 
24.27313656828414 2.832235786142256e-09 
24.28514257128564 2.956813223486399e-09 
24.29714857428714 3.086876245419546e-09 
24.30915457728864 3.222666642792755e-09 
24.32116058029014 3.364436873752038e-09 
24.33316658329165 3.512450534752498e-09 
24.34517258629315 3.666982852386188e-09 
24.35717858929465 3.828321196944082e-09 
24.36918459229615 3.996765618673294e-09 
24.38119059529765 4.172629407733186e-09 
24.39319659829915 4.356239678898444e-09 
24.40520260130065 4.547937982103569e-09 
24.41720860430215 4.748080939971653e-09 
24.42921460730365 4.957040913520936e-09 
24.44122061030515 5.175206697295388e-09 
24.45322661330665 5.40298424522078e-09 
24.46523261630815 5.640797428545263e-09 
24.47723861930966 5.889088827283667e-09 
24.48924462231115 6.148320556647506e-09 
24.50125062531266 6.418975130008299e-09 
24.51325662831416 6.701556360010317e-09 
24.52526263131566 6.996590299520362e-09 
24.53726863431716 7.304626224176991e-09 
24.54927463731866 7.626237658379451e-09 
24.56128064032016 7.962023446638224e-09 
24.57328664332166 8.312608872294051e-09 
24.58529264632316 8.678646825701171e-09 
24.59729864932466 9.060819024063348e-09 
24.60930465232616 9.459837285208033e-09 
24.62131065532767 9.876444857685339e-09 
24.63331665832916 1.031141780968403e-08 
24.64532266133067 1.076556647936717e-08 
24.65732866433217 1.123973698934528e-08 
24.66933466733367 1.173481282812514e-08 
24.68134067033517 1.225171650149816e-08 
24.69334667333667 1.279141125696336e-08 
24.70535267633817 1.335490288441709e-08 
24.71735867933967 1.394324159648481e-08 
24.72936468234117 1.455752399201968e-08 
24.74137068534267 1.519889510644862e-08 
24.75337668834417 1.586855055280992e-08 
24.76538269134567 1.65677387574962e-08 
24.77738869434717 1.729776329489475e-08 
24.78939469734867 1.805998532530255e-08 
24.80140070035018 1.885582614068742e-08 
24.81340670335167 1.968676982306907e-08 
24.82541270635318 2.055436602050526e-08 
24.83741870935468 2.146023284588916e-08 
24.84942471235618 2.240605990399454e-08 
24.86143071535768 2.339361145244619e-08 
24.87343671835918 2.442472970254453e-08 
24.88544272136068 2.5501338266136e-08 
24.89744872436218 2.662544575499499e-08 
24.90945472736368 2.779914953946956e-08 
24.92146073036518 2.902463967344233e-08 
24.93346673336668 3.030420299297027e-08 
24.94547273636818 3.164022739629338e-08 
24.95747873936968 3.303520631324279e-08 
24.96948474237119 3.44917433724348e-08 
24.98149074537269 3.601255727500871e-08 
24.99349674837419 3.760048688405459e-08 
25.00550275137569 3.925849653928201e-08 
25.01750875437719 4.098968160690426e-08 
25.02951475737869 4.279727427515415e-08 
25.04152076038019 4.468464960630967e-08 
25.05352676338169 4.66553318565889e-08 
25.06553276638319 4.871300107577772e-08 
25.07753876938469 5.086149999897892e-08 
25.08954477238619 5.3104841243421e-08 
25.10155077538769 5.544721482383732e-08 
25.1135567783892 5.789299600052605e-08 
25.12556278139069 6.044675347482575e-08 
25.1375687843922 6.311325794739506e-08 
25.1495747873937 6.589749105536651e-08 
25.1615807903952 6.880465470515711e-08 
25.1735867933967 7.184018081846162e-08 
25.1855927963982 7.500974150973149e-08 
25.1975987993997 7.83192597142538e-08 
25.2096048024012 8.177492028679133e-08 
25.2216108054027 8.538318159162989e-08 
25.2336168084042 8.915078760580294e-08 
25.2456228114057 9.308478055822838e-08 
25.25762881440721 9.719251412850043e-08 
25.2696348174087 1.014816672301315e-07 
25.28164082041021 1.059602584041389e-07 
25.29364682341171 1.106366608500171e-07 
25.30565282641321 1.155196181223385e-07 
25.31765882941471 1.206182605224735e-07 
25.32966483241621 1.25942122216231e-07 
25.34167083541771 1.315011591095852e-07 
25.35367683841921 1.373057675160802e-07 
25.36568284142071 1.433668036509922e-07 
25.37768884442221 1.496956039888876e-07 
25.38969484742371 1.563040065228353e-07 
25.40170085042521 1.632043729652315e-07 
25.41370685342671 1.704096119319644e-07 
25.42571285642821 1.779332031534985e-07 
25.43771885942972 1.857892227583873e-07 
25.44972486243121 1.939923696767451e-07 
25.46173086543272 2.02557993213313e-07 
25.47373686843422 2.115021218419558e-07 
25.48574287143572 2.208414932757269e-07 
25.49774887443722 2.305935858690358e-07 
25.50975487743872 2.407766514109622e-07 
25.52176088044022 2.514097493713786e-07 
25.53376688344172 2.625127826642764e-07 
25.54577288644322 2.741065349955478e-07 
25.55777888944472 2.862127098654583e-07 
25.56978489244622 2.98853971299157e-07 
25.58179089544772 3.12053986381828e-07 
25.59379689844922 3.25837469678482e-07 
25.60580290145073 3.402302296219349e-07 
25.61780890445223 3.552592169562256e-07 
25.62981490745373 3.70952575326597e-07 
25.64182091045523 3.873396941112032e-07 
25.65382691345673 4.044512635939288e-07 
25.66583291645823 4.223193325821122e-07 
25.67783891945973 4.409773685775727e-07 
25.68984492246123 4.604603206141436e-07 
25.70185092546273 4.808046848799407e-07 
25.71385692846423 5.020485732478361e-07 
25.72586293146573 5.242317848430858e-07 
25.73786893446723 5.473958807827796e-07 
25.74987493746874 5.715842622277563e-07 
25.76188094047023 5.968422518938642e-07 
25.77388694347174 6.232171791759658e-07 
25.78589294647324 6.507584690448889e-07 
25.79789894947474 6.795177348846358e-07 
25.80990495247624 7.095488754445779e-07 
25.82191095547774 7.409081760891293e-07 
25.83391695847924 7.736544145354723e-07 
25.84592296148074 8.078489712783739e-07 
25.85792896448224 8.435559449099631e-07 
25.86993496748374 8.808422725515573e-07 
25.88194097048524 9.197778556242586e-07 
25.89394697348675 9.604356911951051e-07 
25.90595297648824 1.002892009146063e-06 
25.91795897948974 1.047226415424124e-06 
25.92996498249125 1.093522041642224e-06 
25.94197098549274 1.141865701312676e-06 
25.95397698849425 1.192348053007307e-06 
25.96598299149575 1.245063770751537e-06 
25.97798899449725 1.300111721973284e-06 
25.98999499749875 1.357595153341809e-06 
26.00200100050025 1.417621884846492e-06 
26.01400700350175 1.480304512481054e-06 
26.02601300650325 1.545760619914974e-06 
26.03801900950475 1.614112999550785e-06 
26.05002501250625 1.685489883383613e-06 
26.06203101550775 1.760025184097832e-06 
26.07403701850926 1.837858746854987e-06 
26.08604302151075 1.919136612247286e-06 
26.09804902451226 2.004011290912041e-06 
26.11005502751376 2.092642050324398e-06 
26.12206103051526 2.185195214308675e-06 
26.13406703351676 2.281844475832598e-06 
26.14607303651826 2.382771223673788e-06 
26.15807903951976 2.488164883573974e-06 
26.17008504252126 2.598223274523793e-06 
26.18209104552276 2.713152980849495e-06 
26.19409704852426 2.833169740802732e-06 
26.20610305152576 2.958498852385708e-06 
26.21810905452726 3.08937559717647e-06 
26.23011505752876 3.226045682953082e-06 
26.24212106053027 3.368765705950881e-06 
26.25412706353177 3.517803633624027e-06 
26.26613306653327 3.673439308821277e-06 
26.27813906953477 3.835964976326243e-06 
26.29014507253627 4.005685832754666e-06 
26.30215107553777 4.182920600845215e-06 
26.31415707853927 4.368002129226393e-06 
26.32616308154077 4.561278018790193e-06 
26.33816908454227 4.763111276853313e-06 
26.35017508754377 4.973881000339184e-06 
26.36218109054527 5.193983089268846e-06 
26.37418709354677 5.423830991905834e-06 
26.38619309654828 5.663856482960017e-06 
26.39819909954977 5.914510476317714e-06 
26.41020510255128 6.176263873830494e-06 
26.42221110555278 6.44960845176321e-06 
26.43421710855428 6.735057786572813e-06 
26.44622311155578 7.033148221763729e-06 
26.45822911455728 7.344439877643144e-06 
26.47023511755878 7.669517705880443e-06 
26.48224112056028 8.008992590859663e-06 
26.49424712356178 8.363502499902112e-06 
26.50625312656328 8.733713684528566e-06 
26.51825912956478 9.120321935026733e-06 
26.53026513256628 9.524053890690434e-06 
26.54227113556778 9.945668408201828e-06 
26.55427713856928 1.0385957990738e-05 
26.56628314157079 1.084575028049764e-05 
26.57828914457228 1.132590961746346e-05 
26.59029514757379 1.182733866734091e-05 
26.60230115057529 1.235098012174435e-05 
26.61430715357679 1.289781847383846e-05 
26.62631315657829 1.346888187278469e-05 
26.63831915957979 1.406524406049192e-05 
26.65032516258129 1.468802639432527e-05 
26.66233116558279 1.533839995958993e-05 
26.67433716858429 1.601758777577589e-05 
26.68634317158579 1.672686710072686e-05 
26.69834917458729 1.746757183708127e-05 
26.7103551775888 1.82410950455268e-05 
26.72236118059029 1.904889156961104e-05 
26.7343671835918 1.989248077706216e-05 
26.7463731865933 2.077344942279302e-05 
26.7583791895948 2.169345463899228e-05 
26.7703851925963 2.265422705794588e-05 
26.7823911955978 2.365757407348332e-05 
26.7943971985993 2.47053832472043e-05 
26.8064032016008 2.579962586591576e-05 
26.8184092046023 2.694236065699393e-05 
26.8304152076038 2.81357376686852e-05 
26.8424212106053 2.938200232267052e-05 
26.8544272136068 3.068349964654398e-05 
26.8664332166083 3.20426786941958e-05 
26.87843921960981 3.346209716244486e-05 
26.89044522261131 3.494442621263719e-05 
26.90245122561281 3.64924555063134e-05 
26.91445722861431 3.810909846445286e-05 
26.92646323161581 3.979739776022503e-05 
26.93846923461731 4.156053105561906e-05 
26.95047523761881 4.340181699278397e-05 
26.96248124062031 4.53247214513929e-05 
26.97448724362181 4.733286408384762e-05 
26.98649324662331 4.943002514066442e-05 
26.99849924962481 5.162015259893103e-05 
27.01050525262631 5.390736960729675e-05 
27.02251125562782 5.629598226155642e-05 
27.03451725862931 5.879048772551335e-05 
27.04652326163082 6.139558271245909e-05 
27.05852926463232 6.411617234328952e-05 
27.07053526763382 6.695737939798828e-05 
27.08254127063532 6.992455397795235e-05 
27.09454727363682 7.302328359741113e-05 
27.10655327663832 7.625940372300129e-05 
27.11855927963982 7.96390087814067e-05 
27.13056528264132 8.31684636558579e-05 
27.14257128564282 8.685441569320928e-05 
27.15457728864432 9.07038072442777e-05 
27.16658329164582 9.472388876113349e-05 
27.17858929464732 9.89222324760895e-05 
27.19059529764882 0.0001033067466882312 
27.20260130065033 0.0001078856906844815 
27.21460730365182 0.0001126676903233924 
27.22661330665333 0.0001176617543111094 
27.23861930965483 0.000122877291200262 
27.25062531265633 0.0001283241271439023 
27.26263131565783 0.0001340125244380403 
27.27463731865933 0.000139953200887815 
27.28664332166083 0.0001461573500339002 
27.29864932466233 0.000152636662277367 
27.31065532766383 0.0001594033469429277 
27.32266133066533 0.0001664701553222578 
27.33466733366683 0.0001738504047409475 
27.34667333666833 0.0001815580036945686 
27.35867933966983 0.0001896074781013672 
27.37068534267134 0.0001980139987212007 
27.38269134567284 0.0002067934097925473 
27.39469734867434 0.0002159622589417174 
27.40670335167584 0.0002255378284208018 
27.41870935467734 0.0002355381677334091 
27.43071535767884 0.0002459821277098642 
27.44272136068034 0.0002568893960962859 
27.45472736368184 0.000268280534724822 
27.46673336668334 0.0002801770183353147 
27.47873936968484 0.0002926012751217887 
27.49074537268634 0.000305576729080422 
27.50275137568784 0.0003191278442390633 
27.51475737868935 0.0003332801708519228 
27.52676338169085 0.0003480603936467775 
27.53876938469235 0.0003634963822159197 
27.55077538769385 0.0003796172436461285 
27.56278139069535 0.0003964533774871835 
27.57478739369685 0.0004140365331628645 
27.58679339669835 0.0004323998699329997 
27.59879939969985 0.0004515780195199558 
27.61080540270135 0.0004716071515179999 
27.62281140570285 0.0004925250417092357 
27.63481740870435 0.000514371143415309 
27.64682341170585 0.0005371866620198281 
27.65882941470735 0.0005610146328024414 
27.67083541770885 0.0005859000022317832 
27.68284142071035 0.0006118897128710435 
27.69484742371186 0.0006390327920567543 
27.70685342671336 0.0006673804445185273 
27.71885942971486 0.0006969861491149351 
27.73086543271636 0.0007279057598685171 
27.74287143571786 0.0007601976114910324 
27.75487743871936 0.0007939226295985753 
27.76688344172086 0.0008291444458250497 
27.77888944472236 0.0008659295180517692 
27.79089544772386 0.0009043472559806324 
27.80290145072536 0.000944470152288439 
27.81490745372686 0.0009863739196104789 
27.82691345672836 0.001030137633612553 
27.83891945972987 0.001075843882422124 
27.85092546273136 0.001123578922701314 
27.86293146573287 0.001173432842657069 
27.87493746873437 0.001225499732296899 
27.88694347173587 0.001279877861252374 
27.89894947473737 0.00133666986450683 
27.91095547773887 0.00139598293637875 
27.92296148074037 0.001457929033127874 
27.93496748374187 0.001522625084567463 
27.94697348674337 0.001590193215083146 
27.95897948974487 0.001660760974476624 
27.97098549274637 0.001734461579071097 
27.98299149574787 0.001811434163534716 
27.99499749874937 0.001891824043898634 
28.00700350175088 0.001975782992267471 
28.01900950475238 0.002063469523742098 
28.03101550775388 0.002155049196097826 
28.04302151075538 0.00225069492278518 
28.05502751375688 0.002350587299845732 
28.06703351675838 0.002454914947361764 
28.07903951975988 0.002563874866086084 
28.09104552276138 0.002677672809927083 
28.10305152576288 0.002796523674994103 
28.11505752876438 0.002920651905939586 
28.12706353176588 0.003050291920367242 
28.13906953476738 0.00318568855210965 
28.15107553776889 0.003327097514214485 
28.16308154077038 0.003474785882515889 
28.17508754377189 0.003629032600706458 
28.18709354677339 0.00379012900786611 
28.19909954977489 0.003958379389446567 
28.21110555277639 0.004134101552754669 
28.22311155577789 0.004317627428024127 
28.23511755877939 0.004509303696213767 
28.24712356178089 0.004709492444721014 
28.25912956478239 0.004918571852252174 
28.27113556778389 0.005136936904146378 
28.28314157078539 0.005365000139507674 
28.29514757378689 0.005603192431560079 
28.30715357678839 0.005851963802703323 
28.31915957978989 0.006111784275812744 
28.3311655827914 0.006383144763395478 
28.34317158579289 0.006666557996286845 
28.3551775887944 0.00696255949364567 
28.3671835917959 0.007271708576085634 
28.3791895947974 0.007594589423861389 
28.3911955977989 0.007931812182113607 
28.4032016008004 0.008284014115266285 
28.4152076038019 0.008651860812762731 
28.4272136068034 0.009036047448424022 
28.4392196098049 0.009437300095815268 
28.4512256128064 0.009856377102111163 
28.4632316158079 0.01029407052306321 
28.47523761880941 0.01075120762178675 
28.4872436218109 0.01122865243420688 
28.49924962481241 0.01172730740412873 
28.51125562781391 0.01224811509102939 
28.52326163081541 0.01279205995380687 
28.53526763381691 0.01336017021386506 
28.54727363681841 0.01395351980106429 
28.55927963981991 0.0145732303862242 
28.57128564282141 0.01522047350402945 
28.58329164582291 0.01589647277036022 
28.59529764882441 0.01660250619824868 
28.60730365182591 0.01733990861684914 
28.61930965482741 0.01811007419800519 
28.63131565782891 0.018914459095201 
28.64332166083042 0.01975458419989689 
28.65532766383192 0.02063203802047191 
28.66733366683342 0.02154847968922858 
28.67933966983492 0.0225056421031577 
28.69134567283642 0.02350533520441465 
28.70335167583792 0.02454944940672363 
28.71535767883942 0.02563995917420269 
28.72736368184092 0.02677892675939163 
28.73936968484242 0.02796850610756661 
28.75137568784392 0.0292109469347403 
28.76338169084542 0.0305085989870763 
28.77538769384692 0.03186391648978978 
28.78739369684843 0.03327946279396623 
28.79939969984992 0.03475791523010502 
28.81140570285143 0.0363020701775867 
28.82341170585293 0.03791484835967229 
28.83541770885443 0.03959930037407039 
28.84742371185593 0.04135861246955476 
28.85942971485743 0.04319611257958165 
28.87143571785893 0.04511527662434309 
28.88344172086043 0.04711973509320201 
28.89544772386193 0.04921327991998617 
28.90745372686343 0.05139987166417372 
28.91945972986493 0.05368364701158293 
28.93146573286643 0.05606892660878482 
28.94347173586793 0.05856022324609015 
28.95547773886943 0.06116225040462345 
28.96748374187094 0.06387993118368705 
28.97948974487243 0.06671840762533969 
28.99149574787394 0.06968305045386708 
29.00350175087544 0.07277946924860945 
29.01550775387694 0.0760135230694322 
29.02751375687844 0.07939133155498508 
29.03951975987994 0.08291928651479161 
29.05152576288144 0.08660406403714696 
29.06353176588294 0.09045263713578187 
29.07553776888444 0.09447228895927072 
29.08754377188594 0.0986706265882305 
29.09954977488744 0.103055595446472 
29.11155577788895 0.1076354943534286 
29.12356178089044 0.112418991246406 
29.13556778389195 0.1174151396024645 
29.14757378689345 0.1226333955910756 
29.15957978989495 0.128083635990079 
29.17158579289645 0.1337761768989133 
29.18359179589795 0.13972179328461 
29.19559779889945 0.1459317393976159 
29.20760380190095 0.1524177700961615 
29.21960980490245 0.1591921631196173 
29.23161580790395 0.166267742353078 
29.24362181090545 0.1736579021272983 
29.25562781390695 0.1813766326000649 
29.26763381690845 0.1894385462671448 
29.27963981990996 0.1978589056530897 
29.29164582291146 0.2066536522344183 
29.30365182591296 0.2158394366500339 
29.31565782891446 0.2254336502561784 
29.32766383191596 0.2354544580857764 
29.33966983491746 0.2459208332746834 
29.35167583791896 0.256852593020143 
29.36368184092046 0.2682704361396571 
29.37568784392196 0.280195982301517 
29.38769384692346 0.2926518130014122 
29.39969984992496 0.3056615143628462 
29.41170585292646 0.319249721842553 
29.42371185592796 0.3334421669257214 
29.43571785892946 0.3482657258996086 
29.44772386193096 0.3637484707980721 
29.45972986493247 0.3799197226136673 
29.47173586793397 0.3968101068782619 
29.48374187093547 0.4144516117176137 
29.49574787393697 0.4328776484900519 
29.50775387693847 0.4521231151243109 
29.51975987993997 0.4722244622766831 
29.53176588294147 0.4932197624330119 
29.54377188594297 0.5151487820866351 
29.55577788894447 0.5380530571292246 
29.56778389194597 0.5619759715975715 
29.57978989494747 0.5869628399257296 
29.59179589794897 0.6130609928585898 
29.60380190095048 0.6403198671899051 
29.61580790395197 0.668791099495043 
29.62781390695348 0.6985286240363313 
29.63981990995498 0.7295887750267792 
29.65182591295648 0.7620303934462289 
29.66383191595798 0.7959149386126383 
29.67583791895948 0.8313066047202177 
29.68784392196098 0.8682724425655792 
29.69984992496248 0.9068824866928975 
29.71185592796398 0.9472098881993758 
29.72386193096548 0.9893310534530504 
29.73586793396698 1.033325788986203 
29.74787393696849 1.079277452839355 
29.75987993996998 1.127273112643088 
29.77188594297149 1.177403710737706 
29.78389194597299 1.229764236644131 
29.79589794897449 1.284453907213376 
29.80790395197599 1.341576354796515 
29.81990995497749 1.401239823792305 
29.83191595797899 1.463557375945519 
29.84392196098049 1.528647104785657 
29.85592796398199 1.596632359613068 
29.86793396698349 1.667641979457645 
29.87993996998499 1.741810537454177 
29.89194597298649 1.819278596098237 
29.90395197598799 1.900192973867139 
29.9159579789895 1.984707023712075 
29.927963981991 2.072980923950101 
29.9399699849925 2.165181982108159 
29.951975987994 2.261484952295944 
29.9639819909955 2.362072366710116 
29.975987993997 2.467134881899161 
29.9879939969985 2.576871640446288 
30 2.691490648756969 
