6 0
6.012006003001501 3.815111259827087e-55
6.024012006003002 1.021483733141845e-54
6.036018009004502 2.337873579586332e-54
6.048024012006003 5.165584068661454e-54
6.060030015007504 1.125241715164222e-53
6.072036018009005 2.426760303981476e-53
6.084042021010506 5.186364568308924e-53
6.096048024012006 1.098659010405484e-52
6.108054027013507 2.307139946730232e-52
6.120060030015008 4.803196211434563e-52
6.132066033016509 9.914329067887699e-52
6.144072036018009 2.029099670722652e-51
6.156078039019509 4.117945446262509e-51
6.16808404202101 8.287524660777813e-51
6.180090045022511 1.654115306143198e-50
6.192096048024012 3.274408649230958e-50
6.204102051025512 6.42917664060753e-50
6.216108054027013 1.252166901891348e-49
6.228114057028514 2.419258265705923e-49
6.240120060030015 4.637072961501214e-49
6.252126063031516 8.818111684406766e-49
6.264132066033016 1.663815903027127e-48
6.276138069034517 3.115019334079625e-48
6.288144072036018 5.787214186569994e-48
6.300150075037519 1.066986626803665e-47
6.31215607803902 1.952342566233115e-47
6.32416208104052 3.545581315900043e-47
6.336168084042021 6.391160810711822e-47
6.348174087043522 1.143560456389713e-46
6.360180090045023 2.031194701752946e-46
6.372186093046524 3.58164637577492e-46
6.384192096048024 6.270150852269265e-46
6.396198099049525 1.089839510128966e-45
6.408204102051026 1.880880686541986e-45
6.420210105052527 3.223284777927546e-45
6.432216108054027 5.485284484900498e-45
6.444222111055527 9.270149263975309e-45
6.456228114057028 1.555912450123556e-44
6.468234117058529 2.59368920474966e-44
6.48024012006003 4.29445718912949e-44
6.49224612306153 7.06283604091726e-44
6.504252126063031 1.15386005066053e-43
6.516258129064532 1.872633126756032e-43
6.528264132066033 3.019255920228765e-43
6.540270135067534 4.836337980284737e-43
6.552276138069034 7.697051743671677e-43
6.564282141070535 1.217151087997756e-42
6.576288144072036 1.912484386655554e-42
6.588294147073537 2.986106867043708e-42
6.600300150075038 4.63326645341539e-42
6.612306153076538 7.144368572069961e-42
6.624312156078039 1.094850830100016e-41
6.63631815907954 1.667555047727686e-41
6.648324162081041 2.524403957979532e-41
6.660330165082541 3.798481428869375e-41
6.672336168084042 5.681361141789835e-41
6.684342171085543 8.447038751769147e-41
6.696348174087044 1.248488244282703e-40
6.708354177088545 1.834468253193454e-40
6.720360180090045 2.679781077881374e-40
6.732366183091546 3.891966674829583e-40
6.744372186093047 5.620003725856816e-40
6.756378189094547 8.068977473042484e-40
6.768384192096048 1.151943625724461e-39
6.780390195097548 1.635275321734033e-39
6.792396198099049 2.308411751611058e-39
6.80440220110055 3.240513975924021e-39
6.816408204102051 4.523847180654391e-39
6.828414207103552 6.280731280841323e-39
6.840420210105052 8.672319910044605e-39
6.852426213106553 1.190960498367542e-38
6.864432216108054 1.626710523436658e-38
6.876438219109555 2.209976044606682e-38
6.888444222111056 2.986361616135724e-38
6.900450225112556 4.014094314789133e-38
6.912456228114057 5.367048766078348e-38
6.924462231115558 7.138358724374618e-38
6.936468234117059 9.444690606556449e-38
6.948474237118559 1.243125360652491e-37
6.96048024012006 1.627761668705837e-37
6.972486243121561 2.120439390500322e-37
6.984492246123062 2.748084515351661e-37
6.996498249124563 3.543341845038249e-37
7.008504252126063 4.54552313258366e-37
7.020510255127563 5.80164517130673e-37
7.032516258129064 7.367549221647432e-37
7.044522261130565 9.309087517015247e-37
7.056528264132066 1.170335592919371e-36
7.068534267133566 1.463994422215451e-36
7.080540270135067 1.822216676089684e-36
7.092546273136568 2.256822721556308e-36
7.104552276138069 2.78122609352451e-36
7.11655827913957 3.410518856720189e-36
7.12856428214107 4.161530456450875e-36
7.140570285142571 5.052851494613804e-36
7.152576288144072 6.104813062525933e-36
7.164582291145573 7.339411645542199e-36
7.176588294147074 8.780169258178416e-36
7.188594297148574 1.045191844764536e-35
7.200600300150075 1.238050219573486e-35
7.212606303151576 1.459237962742272e-35
7.224612306153077 1.711412986689951e-35
7.236618309154577 1.997184842356895e-35
7.248624312156078 2.319043317964783e-35
7.260630315157579 2.67927604050398e-35
7.27263631815908 3.079875523073679e-35
7.284642321160581 3.522436562851563e-35
7.296648324162081 4.008045409003619e-35
7.308654327163582 4.537162675594098e-35
7.320660330165083 5.109502555655079e-35
7.332666333166584 5.723911479155625e-35
7.344672336168085 6.37824992626322e-35
7.356678339169584 7.069281631237459e-35
7.368684342171085 7.792574862750516e-35
7.380690345172586 8.542420812249466e-35
7.392696348174087 9.31177433313495e-35
7.404702351175588 1.009222231974276e-34
7.416708354177088 1.087398486978271e-34
7.428714357178589 1.164595401461556e-34
7.44072036018009 1.239577421167619e-34
7.452726363181591 1.310996796389293e-34
7.464732366183092 1.377410886216199e-34
7.476738369184592 1.437304304922132e-34
7.488744372186093 1.48911585983685e-34
7.500750375187594 1.531270062109563e-34
7.512756378189095 1.562212810845486e-34
7.524762381190595 1.580450662746171e-34
7.536768384192096 1.584592910012483e-34
7.548774387193597 1.57339550623693e-34
7.560780390195098 1.545805711066421e-34
7.572786393196599 1.501006177638778e-34
7.584792396198099 1.438457090222131e-34
7.596798399199599 1.357934880661395e-34
7.6088044022011 1.259566017986795e-34
7.620810405202601 1.143854381473608e-34
7.632816408204102 1.011700797737876e-34
7.644822411205602 8.644134493679665e-35
7.656828414207103 7.037080464330687e-35
7.668834417208604 5.31696890929624e-35
7.680840420210105 3.508662534810305e-35
7.692846423211606 1.64041814691924e-35
7.704852426213106 -2.565770849827531e-36
7.716858429214607 -2.148782393049859e-35
7.728864432216108 -4.000984053222383e-35
7.740870435217609 -5.777066753384999e-35
7.75287643821911 -7.440858713594118e-35
7.76488244122061 -8.957030091600297e-35
7.776888444222111 -1.029202119177065e-34
7.788894447223612 -1.141497459705411e-34
7.800900450225113 -1.229864368499645e-34
7.812906453226613 -1.292024917200861e-34
7.824912456228114 -1.326225543038273e-34
7.836918459229615 -1.331303938426608e-34
7.848924462231116 -1.306742682451493e-34
7.860930465232617 -1.252707396224106e-34
7.872936468234117 -1.170067590472016e-34
7.884942471235618 -1.060398838750441e-34
7.896948474237119 -9.259654401876306e-35
7.90895447723862 -7.696833156966422e-35
7.920960480240121 -5.950634926736123e-35
7.932966483241621 -4.061371551205046e-35
7.944972486243121 -2.07363847614171e-35
7.956978489244622 -3.525001041683262e-37
7.968984492246123 2.003945254800309e-35
7.980990495247624 3.993337382603245e-35
7.992996498249124 5.882881264233173e-35
8.005002501250626 7.624438325376766e-35
8.017008504252125 9.173094636020022e-35
8.029014507253628 1.048841610746246e-34
8.041020510255127 1.153560254045169e-34
8.053026513256629 1.228650462368954e-34
8.065032516258128 1.272047151509593e-34
8.077038519259631 1.282500126914809e-34
8.08904452226113 1.259617196290425e-34
8.101050525262632 1.20388377465951e-34
8.113056528264131 1.116658099907074e-34
8.125062531265632 1.000141907909902e-34
8.137068534267133 8.573271592715844e-35
8.149074537268634 6.91920140089983e-35
8.161080540270135 5.082449531223754e-35
8.173086543271635 3.111290503983282e-35
8.185092546273136 1.057740129727792e-35
8.197098549274637 -1.023847599423902e-35
8.209104552276138 -3.078254465209758e-35
8.221110555277638 -5.050900566185069e-35
8.233116558279139 -6.889332294042425e-35
8.24512256128064 -8.544653022580033e-35
8.257128564282141 -9.972855530196354e-35
8.269134567283642 -1.113601816340116e-34
8.281140570285142 -1.200333087719649e-34
8.293146573286643 -1.255192241903953e-34
8.305152576288144 -1.276746588633573e-34
8.317158579289645 -1.264454648828281e-34
8.329164582291146 -1.218678236900168e-34
8.341170585292646 -1.140669657753898e-34
8.353176588294147 -1.03253454760783e-34
8.365182591295648 -8.971715839745559e-35
8.377188594297149 -7.381909410989118e-35
8.389194597298649 -5.598139538083038e-35
8.40120060030015 -3.667569584468688e-35
8.413206603301651 -1.64102690594637e-35
8.425212606303152 4.283707488711497e-36
8.437218609304653 2.48663762288679e-35
8.449224612306153 4.480351546748614e-35
8.461230615307654 6.358055546293567e-35
8.473236618309155 8.071591748282003e-35
8.485242621310656 9.577332404447877e-35
8.497248624312157 1.083727633212858e-34
8.509254627313657 1.181998336779992e-34
8.521260630315158 1.250132440168594e-34
8.533266633316659 1.28650300453846e-34
8.54527263631816 1.29030268085758e-34
8.55727863931966 1.261555564907916e-34
8.569284642321161 1.201107373766251e-34
8.58129064532266 1.110594607628946e-34
8.593296648324163 9.923939068075341e-35
8.605302651325662 8.495533116770342e-35
8.617308654327164 6.857075709629591e-35
8.629314657328663 5.049800108427817e-35
8.641320660330166 3.11873766143375e-35
8.653326663331665 1.111553801750191e-35
8.665332666333168 -9.226610124769016e-36
8.677338669334667 -2.93461383464885e-35
8.689344672336169 -4.876014177877255e-35
8.701350675337668 -6.700731622782831e-35
8.713356678339169 -8.365878378583543e-35
8.72536268134067 -9.832791786851983e-35
8.737368684342171 -1.106789500677973e-34
8.749374687343671 -1.204341781678766e-34
8.761380690345172 -1.273796349538456e-34
8.773386693346673 -1.313691198596367e-34
8.785392696348174 -1.323265388717961e-34
8.797398699349674 -1.302465412692567e-34
8.809404702351175 -1.251934836399014e-34
8.821410705352676 -1.172987911599062e-34
8.833416708354177 -1.067568224485286e-34
8.845422711355678 -9.381937664253508e-35
8.857428714357178 -7.878900903531189e-35
8.869434717358679 -6.201134421018307e-35
8.88144072036018 -4.386659273443617e-35
8.893446723361681 -2.476048899372736e-35
8.905452726363182 -5.114873609916304e-36
8.917458729364682 1.464185578357832e-35
8.929464732366183 3.40842065876902e-35
8.941470735367684 5.279875715336674e-35
8.953476738369185 7.039283193375402e-35
8.965482741370685 8.650250945405702e-35
8.977488744372186 1.007998081728464e-34
8.989494747373687 1.129989194160629e-34
9.001500750375188 1.228613825964777e-34
9.013506753376689 1.302001251887523e-34
9.025512756378189 1.348823177239337e-34
9.03751875937969 1.368310217339475e-34
9.049524762381191 1.360256354930689e-34
9.061530765382692 1.32501167998489e-34
9.073536768384193 1.263463953986415e-34
9.085542771385693 1.177009755786845e-34
9.097548774387194 1.06751615488668e-34
9.109554777388695 9.372740177164997e-35
9.121560780390196 7.889441811943457e-35
9.133566783391696 6.254978243663937e-35
9.145572786393197 4.50152432922617e-35
9.157578789394698 2.663047831839842e-35
9.169584792396197 7.746237284434651e-36
9.1815907953977 -1.128253030107255e-35
9.193596798399199 -3.010342880776476e-35
9.205602801400701 -4.837312512272823e-35
9.2176088044022 -6.576349632306201e-35
9.229614807403703 -8.1967312424704e-35
9.241620810405202 -9.670336375573718e-35
9.253626813406704 -1.097209571235141e-34
9.265632816408203 -1.208037203224305e-34
9.277638819409706 -1.29772670310886e-34
9.289644822411205 -1.364885162333035e-34
9.301650825412706 -1.408531840574962e-34
9.313656828414207 -1.428105646461599e-34
9.325662831415707 -1.423465013207445e-34
9.337668834417208 -1.394880461758811e-34
9.349674837418709 -1.343020263689823e-34
9.36168084042021 -1.268929721845111e-34
9.37368684342171 -1.174004677368186e-34
9.385692846423211 -1.059959926460997e-34
9.397698849424712 -9.287932885388947e-35
9.409704852426213 -7.827461092580528e-35
9.421710855427714 -6.242610074148801e-35
9.433716858429214 -4.559376844565044e-35
9.445722861430715 -2.804876100739624e-35
9.457728864432216 -1.006883780784098e-35
9.469734867433717 8.066150531361169e-36
9.481740870435218 2.607866821813922e-35
9.493746873436718 4.369771874759254e-35
9.505752876438219 6.066282742638189e-35
9.51775887943972 7.672772851447967e-35
9.529764882441221 9.166371092484648e-35
9.541770885442721 1.052625841702799e-34
9.553776888444222 1.173392341985209e-34
9.565782891445723 1.277337467632965e-34
9.577788894447224 1.363130839012799e-34
9.589794897448725 1.42972306794915e-34
9.601800900450225 1.476353456834452e-34
9.613806903451726 1.502553244375732e-34
9.625812906453227 1.508144538496293e-34
9.637818909454728 1.493235135390092e-34
9.649824912456229 1.458209475742983e-34
9.661830915457729 1.403716034268884e-34
9.67383691845923 1.330651476678719e-34
9.685842921460731 1.240141948866763e-34
9.697848924462232 1.133521886451142e-34
9.709854927463732 1.012310748952783e-34
9.721860930465233 8.781880920574533e-35
9.733866933466732 7.329673938953789e-35
9.745872936468235 5.785690474900207e-35
9.757878939469734 4.169929219422744e-35
9.769884942471236 2.502908800563348e-35
9.781890945472735 8.053962054993176e-36
9.793896948474238 -9.018581067219548e-36
9.805902951475737 -2.598375228438366e-35
9.81790895447724 -4.264190089125185e-35
9.829914957478739 -5.880078452229275e-35
9.841920960480241 -7.427766409794563e-35
9.85392696348174 -8.890120509817028e-35
9.865932966483243 -1.02513170039492e-34
9.877938969484742 -1.149698905501063e-34
9.889944972486242 -1.261435108985315e-34
9.901950975487743 -1.359229981903823e-34
9.913956978489244 -1.44214917665287e-34
9.925962981490745 -1.509439745672035e-34
9.937968984492246 -1.560533268967971e-34
9.949974987493746 -1.595046759596609e-34
9.961980990495247 -1.612781439797296e-34
9.973986993496748 -1.613719501387784e-34
9.985992996498249 -1.598018982208629e-34
9.99799899949975 -1.566006905797958e-34
10.01000500250125 -1.518170844073595e-34
10.02201100550275 -1.455149072629424e-34
10.03401700850425 -1.377719495381445e-34
10.04602301150575 -1.286787519823091e-34
10.05802901450725 -1.1833730661922e-34
10.07003501750875 -1.068596893562402e-34
10.08204102051026 -9.43666423415055e-35
10.09404702351176 -8.098612368077426e-35
10.10605302651326 -6.685184150255475e-35
10.11805902951476 -5.210178857852711e-35
10.13006503251626 -3.687679278658807e-35
10.14207103551776 -2.131909766719656e-35
10.15407703851926 -5.570986190656168e-36
10.16608304152076 1.022654035600455e-35
10.17808904452226 2.593501771910325e-35
10.19009504752376 4.141969892441727e-35
10.20210105052526 5.655065140041581e-35
10.21410705352676 7.120376428438449e-35
10.22611305652826 8.526166052917099e-35
10.23811905952977 9.861450971337531e-35
10.25012506253126 1.111607387033981e-34
10.26213106553277 1.228076385106144e-34
10.27413706853427 1.334718668213325e-34
10.28614307153577 1.43079846742879e-34
10.29814907453727 1.515680632993051e-34
10.31015507753877 1.588832601194707e-34
10.32216108054027 1.649825395845738e-34
10.33416708354177 1.698333704387887e-34
10.34617308654327 1.734135075141083e-34
10.35817908954477 1.757108287782602e-34
10.37018509254627 1.767230953833479e-34
10.38219109554777 1.764576407742877e-34
10.39419709854927 1.749309952124867e-34
10.40620310155078 1.72168452284795e-34
10.41820910455228 1.682035841042851e-34
10.43021510755378 1.630777119722705e-34
10.44222111055528 1.56839339264929e-34
10.45422711355678 1.495435532381049e-34
10.46623311655828 1.412514023156928e-34
10.47823911955978 1.320292552461568e-34
10.49024512256128 1.219481482837664e-34
10.50225112556278 1.110831262818718e-34
10.51425712856428 9.951258328064038e-35
10.52626313156578 8.731760783676716e-35
10.53826913456728 7.458133798317716e-35
10.55027513756878 6.138833032794781e-35
10.56228114057028 4.782394740863584e-35
10.57428714357179 3.397376701564425e-35
10.58629314657329 1.992301679070832e-35
10.59829914957479 5.756036998165088e-36
10.61030515257629 -8.444226038747817e-36
10.62231115557779 -2.259669374327046e-35
10.63431715857929 -3.662259462819985e-35
10.64632316158079 -5.044586784959338e-35
10.65832916458229 -6.39935300060457e-35
10.67033516758379 -7.719600456353281e-35
10.68234117058529 -8.998741361210194e-35
10.69434717358679 -1.023058319667649e-34
10.70635317658829 -1.140935039096762e-34
10.7183591795898 -1.252970231331753e-34
10.7303651825913 -1.358674766830077e-34
10.7423711855928 -1.457605539176349e-34
10.7543771885943 -1.549366216929598e-34
10.7663831915958 -1.633607671521424e-34
10.7783891945973 -1.710028096477801e-34
10.7903951975988 -1.778372834491166e-34
10.8024012006003 -1.838433929907247e-34
10.8144072036018 -1.890049425021601e-34
10.8264132066033 -1.93310241921231e-34
10.8384192096048 -1.967519910378437e-34
10.8504252126063 -1.993271438419392e-34
10.8624312156078 -2.010367550589669e-34
10.87443721860931 -2.018858108508861e-34
10.8864432216108 -2.018830456410248e-34
10.89844922461231 -2.010407469885658e-34
10.91045522761381 -1.993745503941663e-34
10.92246123061531 -1.969032258635433e-34
10.93446723361681 -1.936484579919842e-34
10.94647323661831 -1.896346212608669e-34
10.95847923961981 -1.84888552158574e-34
10.97048524262131 -1.794393196538024e-34
10.98249124562281 -1.733179954602357e-34
10.99449724862431 -1.665574254389508e-34
11.00650325162581 -1.591920033897002e-34
11.01850925462731 -1.512574483852464e-34
11.03051525762881 -1.427905867051282e-34
11.04252126063032 -1.338291393273251e-34
11.05452726363182 -1.244115158390145e-34
11.06653326663332 -1.145766155316426e-34
11.07853926963482 -1.043636363514001e-34
11.09054527263632 -9.381189228449722e-35
11.10255127563782 -8.296063966776303e-35
11.11455727863932 -7.184891282949909e-35
11.12656328164082 -6.051536938352904e-35
11.13856928464232 -4.89981454212844e-35
11.15057528764382 -3.733472077278628e-35
11.16258129064532 -2.556179443771829e-35
11.17458729364682 -1.371517022256216e-35
11.18659329664832 -1.82965255908404e-36
11.19859929964982 1.006104757663631e-35
11.21060530265133 2.1924396776932e-35
11.22261130565283 3.372911352623822e-35
11.23461730865433 4.544523295732665e-35
11.24662331165583 5.704416229959183e-35
11.25862931465733 6.849872731247066e-35
11.27063531765883 7.97832100264282e-35
11.28264132066033 9.087337813921565e-35
11.29464732366183 1.017465064364678e-34
11.30665332666333 1.123813906233147e-34
11.31865932966483 1.227583539677451e-34
11.33066533266633 1.328592471671487e-34
11.34267133566783 1.426674418569934e-34
11.35467733866933 1.521678181851684e-34
11.36668334167084 1.6134674687734e-34
11.37868934467234 1.701920662179443e-34
11.39069534767384 1.786930543683811e-34
11.40270135067534 1.86840397438783e-34
11.41470735367684 1.946261537226134e-34
11.42671335667834 2.02043714494491e-34
11.43871935967984 2.090877617612526e-34
11.45072536268134 2.157542233445077e-34
11.46273136568284 2.220402256600189e-34
11.47473736868434 2.279440445453061e-34
11.48674337168584 2.334650544720967e-34
11.49874937468734 2.38603676464775e-34
11.51075537768885 2.433613250299694e-34
11.52276138069034 2.477403543859986e-34
11.53476738369185 2.517440042641822e-34
11.54677338669335 2.553763455371704e-34
11.55877938969485 2.586422259124994e-34
11.57078539269635 2.61547215912721e-34
11.58279139569785 2.640975553466974e-34
11.59479739869935 2.663001004601274e-34
11.60680340170085 2.68162271937145e-34
11.61880940470235 2.696920039089436e-34
11.63081540770385 2.708976941099288e-34
11.64282141070535 2.717881553069076e-34
11.65482741370685 2.723725681123412e-34
11.66683341670835 2.726604352787566e-34
11.67883941970986 2.726615375580573e-34
11.69084542271136 2.723858911967205e-34
11.70285142571286 2.718437071257431e-34
11.71485742871436 2.710453518927007e-34
11.72686343171586 2.700013103724386e-34
11.73886943471736 2.687221502827118e-34
11.75087543771886 2.672184885215446e-34
11.76288144072036 2.655009593341742e-34
11.77488744372186 2.635801843091802e-34
11.78689344672336 2.614667441957732e-34
11.79889944972486 2.591711525271947e-34
11.81090545272636 2.567038310287746e-34
11.82291145572786 2.540750867833666e-34
11.83491745872936 2.512950911216244e-34
11.84692346173087 2.483738601998751e-34
11.85892946473237 2.453212372241692e-34
11.87093546773387 2.421468762754037e-34
11.88294147073537 2.388602276872273e-34
11.89494747373687 2.354705249257023e-34
11.90695347673837 2.319867729173913e-34
11.91895947973987 2.28417737770651e-34
11.93096548274137 2.247719378334094e-34
11.94297148574287 2.210576360295589e-34
11.95497748874437 2.172828334152918e-34
11.96698349174587 2.134552638962144e-34
11.97898949474737 2.095823900458749e-34
11.99099549774887 2.056713999664038e-34
12.00300150075038 2.017292051322816e-34
12.01500750375187 1.977624391587844e-34
12.02701350675338 1.937774574373973e-34
12.03901950975488 1.897803375814099e-34
12.05102551275638 1.85776880625995e-34
12.06303151575788 1.817726129283064e-34
12.07503751875938 1.777727887144935e-34
12.08704352176088 1.737823932220025e-34
12.09904952476238 1.698061463871069e-34
12.11105552776388 1.658485070292582e-34
12.12306153076538 1.619136774855665e-34
12.13506753376688 1.580056086504945e-34
12.14707353676839 1.541280053776599e-34
12.15907953976988 1.502843322024867e-34
12.17108554277139 1.464778193463132e-34
12.18309154577289 1.427114689644327e-34
12.19509754877439 1.389880616024272e-34
12.20710355177589 1.35310162827018e-34
12.21910955477739 1.316801299995136e-34
12.23111555777889 1.28100119161771e-34
12.24312156078039 1.245720920063896e-34
12.25512756378189 1.210978229046383e-34
12.26713356678339 1.176789059673461e-34
12.27913956978489 1.143167621156883e-34
12.29114557278639 1.11012646140449e-34
12.30315157578789 1.077676537299437e-34
12.31515757878939 1.045827284483376e-34
12.3271635817909 1.014586686475961e-34
12.3391695847924 9.839613429774491e-35
12.3511755877939 9.53956537215087e-35
12.3631815907954 9.24576302207267e-35
12.3751875937969 8.958234858321541e-35
12.3871935967984 8.67699814599675e-35
12.3991995997999 8.402059560372943e-35
12.4112056028014 8.133415796110041e-35
12.4232116058029 7.871054161133706e-35
12.4352176088044 7.614953154603152e-35
12.4472236118059 7.365083028476017e-35
12.4592296148074 7.121406332267284e-35
12.4712356178089 6.883878440681053e-35
12.48324162081041 6.652448063870779e-35
12.49524762381191 6.427057740154989e-35
12.50725362681341 6.207644311082122e-35
12.51925962981491 5.994139378799716e-35
12.53126563281641 5.786469745740334e-35
12.54327163581791 5.584557836689102e-35
12.55527763881941 5.388322103346014e-35
12.56728364182091 5.197677411540151e-35
12.57928964482241 5.012535411293168e-35
12.59129564782391 4.832804889965665e-35
12.60330165082541 4.658392108752762e-35
12.61530765382691 4.489201122824497e-35
12.62731365682841 4.325134085432649e-35
12.63931965982992 4.16609153632846e-35
12.65132566283141 4.011972674855831e-35
12.66333166583292 3.862675618101721e-35
12.67533766883442 3.718097644500183e-35
12.68734367183592 3.57813542329872e-35
12.69934967483742 3.442685230305619e-35
12.71135567783892 3.311643150344719e-35
12.72336168084042 3.184905266850052e-35
12.73536768384192 3.062367839036752e-35
12.74737368684342 2.943927467087068e-35
12.75937968984492 2.829481245791065e-35
12.77138569284642 2.718926907081003e-35
12.78339169584793 2.612162951896395e-35
12.79539769884942 2.509088771813638e-35
12.80740370185093 2.409604760869829e-35
12.81940970485243 2.313612418005205e-35
12.83141570785393 2.221014440542474e-35
12.84342171085543 2.131714809114445e-35
12.85542771385693 2.045618864443743e-35
12.86743371685843 1.962633376370142e-35
12.87943971985993 1.882666605512322e-35
12.89144572286143 1.805628357941572e-35
12.90345172586293 1.731430033235355e-35
12.91545772886443 1.659984666268666e-35
12.92746373186593 1.591206963090862e-35
12.93946973486743 1.525013331225205e-35
12.95147573786893 1.461321904717716e-35
12.96348174087044 1.400052564251183e-35
12.97548774387194 1.341126952629404e-35
12.98749374687344 1.284468485925834e-35
12.99949974987494 1.230002360580012e-35
13.01150575287644 1.177655556714349e-35
13.02351175587794 1.127356837933107e-35
13.03551775887944 1.079036747854804e-35
13.04752376188094 1.03262760361877e-35
13.05952976488244 9.880634865962376e-36
13.07153576788394 9.452802305261842e-36
13.08354177088544 9.042154072861324e-36
13.09554777388694 8.648083104983617e-36
13.10755377688844 8.269999371624e-36
13.11955977988995 7.907329674953317e-36
13.13156578289145 7.559517431523732e-36
13.14357178589295 7.226022439913178e-36
13.15557778889445 6.906320635358574e-36
13.16758379189595 6.59990383284472e-36
13.17958979489745 6.306279460035077e-36
13.19159579789895 6.024970281352791e-36
13.20360180090045 5.755514114445017e-36
13.21560780390195 5.497463540191225e-36
13.22761380690345 5.250385607346256e-36
13.23961980990495 5.013861532841961e-36
13.25162581290645 4.787486398706761e-36
13.26363181590795 4.570868846500862e-36
13.27563781890946 4.363630770105703e-36
13.28764382191095 4.165407007649837e-36
13.29964982491246 3.975845033299484e-36
13.31165582791396 3.794604649590643e-36
13.32366183091546 3.62135768093077e-36
13.33566783391696 3.455787668851527e-36
13.34767383691846 3.297589569549992e-36
13.35967983991996 3.146469454213964e-36
13.37168584292146 3.002144212587411e-36
13.38369184592296 2.864341260194823e-36
13.39569784892446 2.732798249607976e-36
13.40770385192596 2.607262786105552e-36
13.41970985492746 2.487492148044908e-36
13.43171585792896 2.373253012236176e-36
13.44372186093047 2.264321184581597e-36
13.45572786393197 2.160481336217633e-36
13.46773386693347 2.061526745373717e-36
13.47973986993497 1.967259045139624e-36
13.49174587293647 1.877487977313207e-36
13.50375187593797 1.792031152481587e-36
13.51575787893947 1.71071381647183e-36
13.52776388194097 1.633368623291542e-36
13.53976988494247 1.559835414665729e-36
13.55177588794397 1.489961006263508e-36
13.56378189094547 1.423598980696927e-36
13.57578789394697 1.360609487364092e-36
13.58779389694847 1.300859049200019e-36
13.59979989994997 1.244220376391085e-36
13.61180590295148 1.19057218710262e-36
13.62381190595298 1.139799035263952e-36
13.63581790895448 1.091791145451189e-36
13.64782391195598 1.046444254905025e-36
13.65982991495748 1.003659462718966e-36
13.67183591795898 9.63343086232518e-37
13.68384192096048 9.25406524664041e-37
13.69584792396198 8.897661300191355e-37
13.70785392696348 8.563430853126056e-37
13.71985992996498 8.250632901451508e-37
13.73186593296648 7.95857253680059e-37
13.74387193596798 7.686599950702094e-37
13.75587793896949 7.434109513917161e-37
13.76788394197099 7.200538931474997e-37
13.77988994497248 6.985368474119965e-37
13.79189594797399 6.788120286970935e-37
13.80390195097549 6.608357776292322e-37
13.81590795397699 6.445685075384684e-37
13.82791395697849 6.299746590721033e-37
13.83991995997999 6.170226629583802e-37
13.85192596298149 6.056849110596383e-37
13.86393196598299 5.959377358693093e-37
13.87593796898449 5.877613986232365e-37
13.88794397198599 5.811400862130294e-37
13.89994997498749 5.760619171076026e-37
13.911955977989 5.725189565086993e-37
13.92396198099049 5.705072409871471e-37
13.935967983992 5.700268128688746e-37
13.9479739869935 5.71081764663402e-37
13.959979989995 5.736802938526698e-37
13.9719859929965 5.778347683847592e-37
13.983991995998 5.835618032453722e-37
13.9959979989995 5.90882348509948e-37
14.008004002001 5.998217893111019e-37
14.0200100050025 6.104100581897769e-37
14.032016008004 6.226817603341938e-37
14.0440220110055 6.366763122485045e-37
14.056028014007 6.524380944330906e-37
14.0680340170085 6.700166187008758e-37
14.08004002001 6.894667107989172e-37
14.09204602301151 7.108487090521228e-37
14.10405202601301 7.342286797963124e-37
14.11605802901451 7.596786504212056e-37
14.12806403201601 7.87276860900434e-37
14.14007003501751 8.171080347455619e-37
14.15207603801901 8.492636703845307e-37
14.16408204102051 8.838423540321616e-37
14.17608804402201 9.209500951915899e-37
14.18809404702351 9.607006860009871e-37
14.20010005002501 1.003216085719957e-36
14.21210605302651 1.048626831734819e-36
14.22411205602801 1.097072478551937e-36
14.23611805902951 1.148702066343588e-36
14.24812406203102 1.20367462071205e-36
14.26013006503252 1.262159685444798e-36
14.27213606803402 1.324337890147485e-36
14.28414207103552 1.390401554762093e-36
14.29614807403702 1.460555333105661e-36
14.30815407703852 1.535016897700854e-36
14.32016008004002 1.61401766831384e-36
14.33216608304152 1.697803586767885e-36
14.34417208604302 1.786635940763508e-36
14.35617808904452 1.880792239608349e-36
14.36818409204602 1.980567144942884e-36
14.38019009504752 2.086273459742344e-36
14.39219609804903 2.19824317908138e-36
14.40420210105053 2.31682860636698e-36
14.41620810405203 2.442403538977586e-36
14.42821410705353 2.57536452749325e-36
14.44022011005503 2.716132212963783e-36
14.45222611305653 2.865152746940309e-36
14.46423211605803 3.02289929929129e-36
14.47623811905953 3.189873659138191e-36
14.48824412206103 3.366607934579531e-36
14.50025012506253 3.553666357226465e-36
14.51225612806403 3.751647197949456e-36
14.52426213106553 3.961184800635527e-36
14.53626813406703 4.182951741180453e-36
14.54827413706853 4.417661119391626e-36
14.56028014007003 4.666068991956953e-36
14.57228614307154 4.928976955144678e-36
14.58429214607304 5.20723488644053e-36
14.59629814907454 5.501743854903937e-36
14.60830415207604 5.813459210636398e-36
14.62031015507754 6.143393864404907e-36
14.63231615807904 6.492621769153674e-36
14.64432216108054 6.862281615871237e-36
14.65632816408204 7.253580757059868e-36
14.66833416708354 7.66779937188299e-36
14.68034017008504 8.106294887947243e-36
14.69234617308654 8.570506675612092e-36
14.70435217608804 9.061961031715077e-36
14.71635817908954 9.582276470658601e-36
14.72836418209105 1.013316934192849e-35
14.74037018509255 1.071645979430988e-35
14.75237618809405 1.133407810833648e-35
14.76438219109555 1.19880714198598e-35
14.77638819409705 1.268061085906093e-35
14.78839419709855 1.341399913075374e-35
14.80040020010005 1.419067856345101e-35
14.81240620310155 1.501323965639056e-35
14.82441220610305 1.588443015555224e-35
14.83641820910455 1.68071646916471e-35
14.84842421210605 1.77845350151331e-35
14.86043021510755 1.881982086551671e-35
14.87243621810905 1.991650151454325e-35
14.88444222111056 2.107826802537146e-35
14.89644822411206 2.230903627247797e-35
14.90845422711356 2.361296076985512e-35
14.92046023011506 2.499444935806236e-35
14.93246623311656 2.645817880387768e-35
14.94447223611806 2.800911136968443e-35
14.95647823911956 2.965251241333188e-35
14.96848424212106 3.139396908304012e-35
14.98049024512256 3.323941017599546e-35
14.99249624812406 3.519512723361602e-35
15.00450225112556 3.726779695107699e-35
15.01650825412706 3.946450498358692e-35
15.02851425712857 4.179277123712026e-35
15.04052026013007 4.426057673685658e-35
15.05252626313157 4.687639217247471e-35
15.06453226613307 4.964920822572335e-35
15.07653826913457 5.258856779236165e-35
15.08854427213607 5.570460021766074e-35
15.10055027513757 5.900805767220604e-35
15.11255627813907 6.251035380276984e-35
15.12456228114057 6.622360480156604e-35
15.13656828414207 7.016067304628386e-35
15.14857428714357 7.433521347296367e-35
15.16058029014507 7.876172285405923e-35
15.17258629314657 8.345559216496913e-35
15.18459229614807 8.843316223395537e-35
15.19659829914957 9.37117828827466e-35
15.20860430215108 9.930987577829147e-35
15.22061030515258 1.052470012301397e-34
15.23261630815408 1.115439291828319e-34
15.24462231115558 1.182227146685405e-34
15.25662831415708 1.253067780020729e-34
15.26863431715858 1.328209900183017e-34
15.28064032016008 1.407917626711871e-34
15.29264632316158 1.492471453338748e-34
15.30465232616308 1.582169271609802e-34
15.31665832916458 1.677327458971728e-34
15.32866433216608 1.778282035406591e-34
15.34067033516758 1.885389892962062e-34
15.35267633816908 1.999030102800733e-34
15.36468234117059 2.119605304687066e-34
15.37668834417209 2.247543184144454e-34
15.38869434717359 2.383298042848806e-34
15.40070035017509 2.527352468180541e-34
15.41270635317659 2.680219108235062e-34
15.42471235617809 2.842442558994316e-34
15.43671835917959 3.014601370790364e-34
15.44872436218109 3.197310181647782e-34
15.46073036518259 3.39122198557682e-34
15.47273636818409 3.597030544405595e-34
15.48474237118559 3.815472952289075e-34
15.49674837418709 4.04733236261746e-34
15.50875437718859 4.293440887669015e-34
15.5207603801901 4.554682682014868e-34
15.5327663831916 4.831997221388438e-34
15.5447723861931 5.126382789482613e-34
15.5567783891946 5.438900185936594e-34
15.5687843921961 5.770676669624661e-34
15.5807903951976 6.122910152263937e-34
15.5927963981991 6.496873658321765e-34
15.6048024012006 6.893920068228483e-34
15.6168084042021 7.31548716299305e-34
15.6288144072036 7.763102989480707e-34
15.6408204102051 8.238391566848695e-34
15.6528264132066 8.743078955952609e-34
15.6648324162081 9.278999714937488e-34
15.6768384192096 9.848103765719662e-34
15.6888444222111 1.045246369765372e-33
15.70085042521261 1.109428253636972e-33
15.71285642821411 1.177590200756583e-33
15.72486243121561 1.249981132745786e-33
15.73686843421711 1.326865655362738e-33
15.74887443721861 1.408525053218191e-33
15.76088044022011 1.495258347945328e-33
15.77288644322161 1.587383423892205e-33
15.78489244622311 1.685238225667702e-33
15.79689844922461 1.789182032150959e-33
15.80890445222611 1.899596811871416e-33
15.82091045522761 2.016888664982897e-33
15.83291645822911 2.141489357392063e-33
15.84492246123061 2.273857952960173e-33
15.85692846423212 2.414482550078987e-33
15.86893446723362 2.563882129328239e-33
15.88094047023512 2.722608519355102e-33
15.89294647323662 2.891248488577049e-33
15.90495247623812 3.070425970800453e-33
15.91695847923962 3.260804433369953e-33
15.92896448224112 3.46308939702032e-33
15.94097048524262 3.678031117195214e-33
15.95297648824412 3.906427437228465e-33
15.96498249124562 4.149126824455676e-33
15.97698849424712 4.407031601039673e-33
15.98899449724862 4.681101382055645e-33
16.00100050025013 4.972356734193511e-33
16.01300650325162 5.281883069299552e-33
16.02501250625313 5.61083478789997e-33
16.03701850925463 5.96043968882945e-33
16.04902451225613 6.332003662132018e-33
16.06103051525763 6.726915683513486e-33
16.07303651825913 7.146653129809095e-33
16.08504252126063 7.59278743619138e-33
16.09704852426213 8.066990117186624e-33
16.10905452726363 8.571039174999062e-33
16.12106053026513 9.106825920165892e-33
16.13306653326664 9.676362231189257e-33
16.14507253626813 1.028178828151996e-32
16.15707853926963 1.09253807641091e-32
16.16908454227114 1.160956164570489e-32
16.18109054527264 1.233690748516076e-32
16.19309654827414 1.311015935224615e-32
16.20510255127564 1.39322333858209e-32
16.21710855427714 1.480623203275896e-32
16.22911455727864 1.573545601169607e-32
16.24112056028014 1.672341704854001e-32
16.25312656328164 1.777385143373358e-32
16.26513256628314 1.889073445451012e-32
16.27713856928464 2.007829575884373e-32
16.28914457228614 2.134103571148401e-32
16.30115057528764 2.268374280639412e-32
16.31315657828915 2.411151220409564e-32
16.32516258129064 2.562976546688219e-32
16.33716858429214 2.724427156961302e-32
16.34917458729365 2.896116926885724e-32
16.36118059029515 3.078699091854943e-32
16.37318659329665 3.272868782605935e-32
16.38519259629815 3.47936572486958e-32
16.39719859929965 3.698977113718192e-32
16.40920460230115 3.932540673958178e-32
16.42121060530265 4.180947918655571e-32
16.43321660830415 4.445147618670198e-32
16.44522261130565 4.726149496913863e-32
16.45722861430716 5.025028161942439e-32
16.46923461730865 5.342927296444816e-32
16.48124062031015 5.681064117207042e-32
16.49324662331166 6.04073412421184e-32
16.50525262631316 6.423316157686381e-32
16.51725862931466 6.830277783139301e-32
16.52926463231616 7.263181025736465e-32
16.54127063531766 7.723688476759293e-32
16.55327663831916 8.213569796374961e-32
16.56528264132066 8.734708638530687e-32
16.57728864432216 9.289110025470909e-32
16.58929464732366 9.878908201173323e-32
16.60130065032516 1.050637499491455e-31
16.61330665332666 1.11739287282168e-31
16.62531265632816 1.188414370060095e-31
16.63731865932967 1.263976029188842e-31
16.64932466233117 1.344369572126282e-31
16.66133066533267 1.429905550593311e-31
16.67333666833417 1.520914566504341e-31
16.68534267133567 1.617748571746139e-31
16.69734867433717 1.720782252526115e-31
16.70935467733867 1.830414503810793e-31
16.72136068034017 1.947069999736744e-31
16.73336668334167 2.071200866261466e-31
16.74537268634317 2.203288462732217e-31
16.75737868934467 2.343845279488289e-31
16.76938469234617 2.493416959078454e-31
16.78139069534767 2.652584449172133e-31
16.79339669834918 2.82196629577237e-31
16.80540270135068 3.002221085902982e-31
16.81740870435218 3.194050049543633e-31
16.82941470735368 3.398199831227535e-31
16.84142071035518 3.615465442399495e-31
16.85342671335668 3.846693406360078e-31
16.86543271635818 4.09278510839743e-31
16.87743871935968 4.354700364535276e-31
16.88944472236118 4.63346122320685e-31
16.90145072536268 4.930156015103819e-31
16.91345672836418 5.24594366745033e-31
16.92546273136568 5.582058300019303e-31
16.93746873436718 5.939814121345299e-31
16.94947473736868 6.320610644800372e-31
16.96148074037018 6.725938245491172e-31
16.97348674337169 7.157384080312574e-31
16.98549274637319 7.616638394960722e-31
16.99749874937469 8.105501243272723e-31
17.00950475237619 8.625889645927589e-31
17.02151075537769 9.17984521732032e-31
17.03351675837919 9.76954229131532e-31
17.04552276138069 1.039729657860466e-30
17.05752876438219 1.106557439054893e-30
17.06953476738369 1.177700246667264e-30
17.08154077038519 1.253437844543188e-30
17.09354677338669 1.334068202047807e-30
17.10555277638819 1.419908682742124e-30
17.1175587793897 1.511297310905729e-30
17.1295647823912 1.608594121018175e-30
17.14157078539269 1.712182595647782e-30
17.1535767883942 1.822471197555453e-30
17.1655827913957 1.939895002203521e-30
17.1775887943972 2.064917437267355e-30
17.1895947973987 2.198032136182066e-30
17.2016008004002 2.33976491321997e-30
17.2136068034017 2.490675868088333e-30
17.2256128064032 2.651361628563492e-30
17.2376188094047 2.822457740238677e-30
17.2496248124062 3.004641213061293e-30
17.26163081540771 3.198633234973244e-30
17.27363681840921 3.405202063648005e-30
17.2856428214107 3.625166108043062e-30
17.29764882441221 3.859397212259297e-30
17.30965482741371 4.108824155022821e-30
17.32166083041521 4.374436378983266e-30
17.33366683341671 4.65728796495903e-30
17.34567283641821 4.958501867258445e-30
17.35767883941971 5.279274427270336e-30
17.36968484242121 5.620880183652263e-30
17.38169084542271 5.98467699865477e-30
17.39369684842421 6.372111521409868e-30
17.40570285142572 6.784725010387397e-30
17.41770885442721 7.224159538689211e-30
17.42971485742871 7.692164607414483e-30
17.44172086043022 8.190604193996377e-30
17.45372686343172 8.721464264187381e-30
17.46573286643321 9.286860778265559e-30
17.47773886943472 9.889048224054161e-30
17.48974487243622 1.053042871150116e-29
17.50175087543772 1.121356166586193e-29
17.51375687843922 1.194117415897714e-29
17.52576288144072 1.271617192074898e-29
17.53776888444222 1.354165107570265e-29
17.54977488744372 1.44209106524888e-29
17.56178089044522 1.535746591734734e-29
17.57378689344672 1.635506258592831e-29
17.58579289644823 1.741769197146361e-29
17.59779889944972 1.854960713112076e-29
17.60980490245122 1.975534007646128e-29
17.62181090545273 2.103972011828859e-29
17.63381690845423 2.240789342082256e-29
17.64582291145573 2.386534384509831e-29
17.65782891445723 2.54179151667757e-29
17.66983491745873 2.707183475918685e-29
17.68184092046023 2.883373883846254e-29
17.69384692346173 3.071069937399238e-29
17.70585292646323 3.271025277431181e-29
17.71785892946473 3.484043046580179e-29
17.72986493246623 3.710979148936379e-29
17.74187093546773 3.952745724852467e-29
17.75387693846923 4.210314855126962e-29
17.76588294147074 4.484722509733116e-29
17.77788894447224 4.777072757271815e-29
17.78989494747374 5.088542252399251e-29
17.80190095047524 5.420385019623757e-29
17.81390695347674 5.773937553085646e-29
17.82591295647824 6.150624253234471e-29
17.83791895947974 6.551963222705022e-29
17.84992496248124 6.97957244517236e-29
17.86193096548274 7.435176372543546e-29
17.87393696848424 7.920612947525747e-29
17.88594297148574 8.437841090404298e-29
17.89794897448724 8.988948680777373e-29
17.90995497748874 9.576161067034092e-29
17.92196098049025 1.020185013853879e-28
17.93396698349175 1.086854399780449e-28
17.94597298649325 1.157893727241364e-28
17.95797898949475 1.23359021090829e-28
17.96998499249625 1.314249989508435e-28
17.98199099549775 1.400199375523637e-28
17.99399699849925 1.491786187588015e-28
18.00600300150075 1.589381171067129e-28
18.01800900450225 1.693379512665841e-28
18.03001500750375 1.804202455300413e-28
18.04202101050525 1.922299019884628e-28
18.05402701350675 2.048147841121503e-28
18.06603301650825 2.182259124863384e-28
18.07803901950975 2.325176735105713e-28
18.09004502251126 2.477480419215813e-28
18.10205102551276 2.639788180569652e-28
18.11405702851426 2.812758808379337e-28
18.12606303151576 2.997094575144349e-28
18.13806903451726 3.193544112853197e-28
18.15007503751876 3.402905479801963e-28
18.16208104052026 3.626029430685249e-28
18.17408704352176 3.863822903456697e-28
18.18609304652326 4.117252737353914e-28
18.19809904952476 4.387349637440077e-28
18.21010505252626 4.675212402035788e-28
18.22211105552776 4.982012430503992e-28
18.23411705852926 5.308998530012653e-28
18.24612306153077 5.657502041139177e-28
18.25812906453227 6.028942303502382e-28
18.27013506753377 6.424832484017844e-28
18.28214107053527 6.846785791876301e-28
18.29414707353677 7.29652210594905e-28
18.30615307653827 7.775875042035303e-28
18.31815907953977 8.286799489191715e-28
18.33016508254127 8.831379646331136e-28
18.34217108554277 9.411837592354321e-28
18.35417708854427 1.003054242529355e-27
18.36618309154577 1.069002000830991e-27
18.37818909454727 1.139296336290653e-27
18.39019509754878 1.214224375240874e-27
18.40220110055028 1.294092250162983e-27
18.41420710355177 1.379226360170063e-27
18.42621310655328 1.469974715230432e-27
18.43821910955478 1.566708369703897e-27
18.45022511255628 1.669822951134388e-27
18.46223111555778 1.779740290638667e-27
18.47423711855928 1.896910161653399e-27
18.48624312156078 2.021812134253587e-27
18.49824912456228 2.154957552736258e-27
18.51025512756378 2.29689164467619e-27
18.52226113056528 2.448195770207689e-27
18.53426713356679 2.60948982087012e-27
18.54627313656828 2.781434777977584e-27
18.55827913956978 2.964735441137426e-27
18.57028514257129 3.16014333825086e-27
18.58229114557279 3.368459829084978e-27
18.59429714857428 3.59053941531182e-27
18.60630315157579 3.827293270770539e-27
18.61830915457729 4.079693006626419e-27
18.63031515757879 4.348774687079634e-27
18.64232116058029 4.635643112321116e-27
18.65432716358179 4.941476386547204e-27
18.66633316658329 5.267530790033474e-27
18.67833916958479 5.615145975536317e-27
18.69034517258629 5.985750510643837e-27
18.70235117558779 6.380867789140895e-27
18.7143571785893 6.802122335993024e-27
18.72636318159079 7.251246532196657e-27
18.73836918459229 7.730087787495703e-27
18.7503751875938 8.240616190834233e-27
18.7623811905953 8.784932670409749e-27
18.7743871935968 9.365277697319677e-27
18.7863931965983 9.984040569064114e-27
18.7983991995998 1.064376931159008e-26
18.8104052026013 1.134718124114682e-26
18.8224112056028 1.209717422997873e-26
18.8344172086043 1.289683872282394e-26
18.8464232116058 1.374947055432502e-26
18.85842921460731 1.465858462080607e-26
18.8704352176088 1.562792946344315e-26
18.8824412206103 1.666150282366566e-26
18.89444722361181 1.776356823569281e-26
18.90645322661331 1.893867272544746e-26
18.91845922961481 2.019166568971815e-26
18.93046523261631 2.152771903437843e-26
18.94247123561781 2.295234865574169e-26
18.95447723861931 2.447143735475072e-26
18.96648324162081 2.609125927969953e-26
18.97848924462231 2.781850599958377e-26
18.99049524762381 2.966031431700403e-26
19.00250125062531 3.162429593683109e-26
19.01450725362681 3.371856911461446e-26
19.02651325662831 3.59517924170089e-26
19.03851925962982 3.83332007353415e-26
19.05052526263132 4.087264370288298e-26
19.06253126563282 4.358062667645999e-26
19.07453726863432 4.646835445379269e-26
19.08654327163582 4.954777790940984e-26
19.09854927463732 5.283164374422911e-26
19.11055527763882 5.633354755694601e-26
19.12256128064032 6.0067990459305e-26
19.13456728364182 6.405043947218903e-26
19.14657328664332 6.829739195532387e-26
19.15857928964482 7.282644434031478e-26
19.17058529264632 7.765636545478926e-26
19.18259129564782 8.280717474468487e-26
19.19459729864932 8.830022572227873e-26
19.20660330165082 9.415829498948956e-26
19.21860930465233 1.004056772093876e-25
19.23061530765383 1.070682864238226e-25
19.24262131065533 1.141737641417266e-25
19.25462731365683 1.217515946510835e-25
19.26663331665833 1.298332280378969e-25
19.27863931965983 1.384522114278632e-25
19.29064532266133 1.476443290010026e-25
19.30265132566283 1.574477513663614e-25
19.31465732866433 1.679031949232335e-25
19.32666333166583 1.790540918773212e-25
19.33866933466733 1.909467716250404e-25
19.35067533766883 2.036306542669667e-25
19.36268134067033 2.17158457062414e-25
19.37468734367184 2.315864146915544e-25
19.38669334667334 2.469745142495535e-25
19.39869934967484 2.633867459591591e-25
19.41070535267634 2.808913706542992e-25
19.42271135567784 2.995612051578015e-25
19.43471735867934 3.194739267516346e-25
19.44672336168084 3.407123980184138e-25
19.45872936468234 3.633650134186469e-25
19.47073536768384 3.875260690596793e-25
19.48274137068534 4.132961572099271e-25
19.49474737368684 4.407825872161605e-25
19.50675337668834 4.700998345927744e-25
19.51875937968985 5.013700201706119e-25
19.53076538269135 5.347234213195039e-25
19.54277138569284 5.702990173937838e-25
19.55477738869435 6.082450716941942e-25
19.56678339169585 6.487197523934533e-25
19.57878939469735 6.918917950369124e-25
19.59079539769885 7.379412094049374e-25
19.60280140070035 7.870600337105992e-25
19.61480740370185 8.394531393057793e-25
19.62681340670335 8.953390892817029e-25
19.63881940970485 9.549510545771242e-25
19.65082541270635 1.018537791449864e-24
19.66283141570786 1.08636468442615e-24
19.67483741870936 1.158714859118354e-24
19.68684342171085 1.235890369596406e-24
19.69884942471236 1.318213465312641e-24
19.71085542771386 1.406027942915451e-24
19.72286143071536 1.499700588645284e-24
19.73486743371686 1.599622717388716e-24
19.74687343671836 1.706211814874271e-24
19.75887943971986 1.819913289928939e-24
19.77088544272136 1.941202344178926e-24
19.78289144572286 2.070585967073933e-24
19.79489744872436 2.20860506464339e-24
19.80690345172586 2.355836730957702e-24
19.81890945472736 2.512896671870179e-24
19.83091545772886 2.680441791258468e-24
19.84292146073037 2.8591729506706e-24
19.85492746373187 3.049837914013286e-24
19.86693346673336 3.253234489701791e-24
19.87893946973487 3.470213883525009e-24
19.89094547273637 3.70168427636969e-24
19.90295147573787 3.948614641898045e-24
19.91495747873937 4.212038820287019e-24
19.92696348174087 4.493059865219849e-24
19.93896948474237 4.792854682475622e-24
19.95097548774387 5.112678979695252e-24
19.96298149074537 5.453872548218036e-24
19.97498749374687 5.817864899286995e-24
19.98699349674838 6.206181278419869e-24
19.99899949974987 6.620449083341955e-24
20.01100550275137 7.062404712583951e-24
20.02301150575288 7.533900873669727e-24
20.03501750875438 8.036914381763268e-24
20.04702351175588 8.573554481719145e-24
20.05902951475738 9.146071728695595e-24
20.07103551775888 9.756867464852996e-24
20.08304152076038 1.040850393218329e-23
20.09504752376188 1.110371506420839e-23
20.10705352676338 1.184541800215932e-23
20.11905952976488 1.263672538431475e-23
20.13106553276639 1.348095846045119e-23
20.14307153576788 1.438166108685064e-23
20.15507753876938 1.53426146610405e-23
20.16708354177089 1.636785405942015e-23
20.17908954477239 1.74616846451765e-23
20.19109554777389 1.862870041842415e-23
20.20310155077539 1.987380338534467e-23
20.21510755377689 2.120222422826383e-23
20.22711355677839 2.261954436411783e-23
20.23911955977989 2.413171948464261e-23
20.25112556278139 2.574510467789961e-23
20.26313156578289 2.746648123745335e-23
20.27513756878439 2.93030852726693e-23
20.28714357178589 3.126263824123566e-23
20.29914957478739 3.335337953316108e-23
20.3111555777889 3.558410124419873e-23
20.3231615807904 3.796418528592975e-23
20.3351675837919 4.050364298964825e-23
20.3471735867934 4.321315737176551e-23
20.3591795897949 4.610412823973918e-23
20.3711855927964 4.918872032958186e-23
20.3831915957979 5.247991467886291e-23
20.3951975987994 5.599156345284385e-23
20.4072036018009 5.973844845603795e-23
20.4192096048024 6.373634357712254e-23
20.4312156078039 6.800208143182312e-23
20.4432216108054 7.25536244862042e-23
20.4552276138069 7.741014096181707e-23
20.4672336168084 8.259208584445161e-23
20.4792396198099 8.812128733990376e-23
20.49124562281141 9.402103914329358e-23
20.50325162581291 1.003161989131522e-22
20.51525762881441 1.070332933678398e-22
20.52726363181591 1.142006304499778e-22
20.53926963481741 1.218484190345962e-22
20.55127563781891 1.300088966887306e-22
20.56328164082041 1.38716466024407e-22
20.57528764382191 1.480078402234503e-22
20.58729364682341 1.579221983515176e-22
20.59929964982491 1.685013511203454e-22
20.61130565282641 1.797899178015926e-22
20.62331165582791 1.918355150430453e-22
20.63531765882941 2.046889583885282e-22
20.64732366183092 2.184044773568558e-22
20.65932966483242 2.330399449927859e-22
20.67133566783392 2.486571228644486e-22
20.68334167083542 2.65321922547387e-22
20.69534767383692 2.831046847054312e-22
20.70735367683842 3.020804769534427e-22
20.71935967983992 3.223294117668204e-22
20.73136568284142 3.439369857879057e-22
20.74337168584292 3.669944419704122e-22
20.75537768884442 3.915991561001321e-22
20.76738369184592 4.178550493338503e-22
20.77938969484742 4.458730285090611e-22
20.79139569784893 4.757714560952199e-22
20.80340170085043 5.076766517833574e-22
20.81540770385192 5.417234278454916e-22
20.82741370685343 5.780556605389556e-22
20.83941970985493 6.168268999841338e-22
20.85142571285643 6.582010211078214e-22
20.86343171585793 7.023529184191901e-22
20.87543771885943 7.494692475718906e-22
20.88744372186093 7.997492168649756e-22
20.89944972486243 8.534054320478875e-22
20.91145572786393 9.106647980216868e-22
20.92346173086543 9.717694812709107e-22
20.93546773386693 1.036977937119032e-21
20.94747373686843 1.106566006176501e-21
20.95947973986993 1.180828084644994e-21
20.97148574287144 1.260078373456016e-21
20.98349174587294 1.344652211557759e-21
20.99549774887443 1.434907499022502e-21
21.00750375187594 1.531226216029461e-21
21.01950975487744 1.634016044186383e-21
21.03151575787894 1.743712097089162e-21
21.04352176088044 1.860778767484164e-21
21.05552776388194 1.98571169889474e-21
21.06753376688344 2.11903989010377e-21
21.07953976988494 2.26132794145022e-21
21.09154577288644 2.413178452502031e-21
21.10355177588794 2.575234581312845e-21
21.11555777888945 2.748182776158758e-21
21.12756378189095 2.932755691386472e-21
21.13956978489244 3.129735299789105e-21
21.15157578789395 3.339956214763648e-21
21.16358179089545 3.564309236398525e-21
21.17558779389695 3.80374513659441e-21
21.18759379689845 4.059278699340736e-21
21.19959979989995 4.331993033358317e-21
21.21160580290145 4.623044175480104e-21
21.22361180590295 4.933666004381956e-21
21.23561780890445 5.265175485599053e-21
21.24762381190595 5.618978270176585e-21
21.25962981490746 5.996574670811894e-21
21.27163581790895 6.399566040955575e-21
21.28364182091045 6.829661584058153e-21
21.29564782391196 7.288685621984222e-21
21.30765382691346 7.778585353575046e-21
21.31965982991496 8.301439136432188e-21
21.33166583291646 8.859465327227417e-21
21.34367183591796 9.455031718227853e-21
21.35567783891946 1.009066561026972e-20
21.36768384192096 1.076906456513076e-20
21.37968984492246 1.149310788315111e-20
21.39169584792396 1.226586885504858e-20
21.40370185092547 1.309062784017902e-20
21.41570785392696 1.397088622702106e-20
21.42771385692846 1.491038133543093e-20
21.43971985992997 1.591310232423442e-20
21.45172586293147 1.698330717201578e-20
21.46373186593297 1.812554080354635e-20
21.47573786893447 1.934465443918819e-20
21.48774387193597 2.06458262498311e-20
21.49974987493747 2.203458340549784e-20
21.51175587793897 2.351682561170459e-20
21.52376188094047 2.509885023401954e-20
21.53576788394197 2.678737911804681e-20
21.54777388694347 2.858958721930586e-20
21.55977988994497 3.051313316520956e-20
21.57178589294647 3.256619187959907e-20
21.58379189594798 3.475748940910691e-20
21.59579789894947 3.70963401000284e-20
21.60780390195097 3.959268628442651e-20
21.61980990495248 4.225714064491871e-20
21.63181590795398 4.510103143904307e-20
21.64382191095548 4.813645077632334e-20
21.65582791395698 5.137630615420096e-20
21.66783391695848 5.483437547293333e-20
21.67983991995998 5.852536576442919e-20
21.69184592296148 6.246497588587071e-20
21.70385192596298 6.666996344592231e-20
21.71585792896448 7.115821624942391e-20
21.72786393196598 7.594882856578692e-20
21.73986993496748 8.10621825469385e-20
21.75187593796898 8.65200351426807e-20
21.76388194097049 9.234561088484245e-20
21.77588794397199 9.856370093670212e-20
21.78789394697349 1.052007688309561e-19
21.79989994997499 1.122850633481184e-19
21.81190595297649 1.198467390177797e-19
21.82391195597799 1.279179847577653e-19
21.83591795897949 1.365331612010449e-19
21.84792396198099 1.457289472974164e-19
21.85992996498249 1.555444968166694e-19
21.87193596798399 1.660216054223009e-19
21.88394197098549 1.77204889030085e-19
21.89594797398699 1.891419742140942e-19
21.90795397698849 2.018837014743216e-19
21.91995997999 2.154843422351023e-19
21.9319659829915 2.300018305022967e-19
21.943971985993 2.454980101699422e-19
21.9559779889945 2.620388990340665e-19
21.967983991996 2.796949706428714e-19
21.9799899949975 2.985414551888563e-19
21.991995997999 3.186586607299637e-19
22.0040020010005 3.40132316113872e-19
22.016008004002 3.63053937072481e-19
22.0280140070035 3.875212170528432e-19
22.040020010005 4.136384444567209e-19
22.0520260130065 4.415169480740331e-19
22.064032016008 4.712755726161962e-19
22.07603801900951 5.030411863842718e-19
22.088044022011 5.369492232444641e-19
22.10005002501251 5.731442612304522e-19
22.11205602801401 6.117806402489268e-19
22.12406203101551 6.530231215322034e-19
22.13606803401701 6.970475916606177e-19
22.14807403701851 7.440418141683449e-19
22.16008004002001 7.942062319501439e-19
22.17208604302151 8.477548239041784e-19
22.18409204602301 9.049160194784458e-19
22.19609804902451 9.659336750364621e-19
22.20810405202601 1.031068116222737e-18
22.22011005502752 1.100597250791416e-18
22.23211605802901 1.174817756663414e-18
22.24412206103052 1.2540463502998e-18
22.25612806403202 1.338621140823391e-18
22.26813406703352 1.428903075688056e-18
22.28014007003502 1.525277484087638e-18
22.29214607303652 1.628155724715346e-18
22.30415207603802 1.737976944931813e-18
22.31615807903952 1.85520995887761e-18
22.32816408204102 1.980355252575925e-18
22.34017008504252 2.113947124615603e-18
22.35217608804402 2.256555971586003e-18
22.36418209104552 2.408790728055833e-18
22.37618809404702 2.57130147155078e-18
22.38819409704853 2.744782203692286e-18
22.40020010005003 2.929973819415294e-18
22.41220610305152 3.127667276989348e-18
22.42421210605303 3.338706982428633e-18
22.43621810905453 3.563994402796069e-18
22.44822411205603 3.804491923888318e-18
22.46023011505753 4.061226968836784e-18
22.47223611805903 4.335296395278956e-18
22.48424212106053 4.627871189949364e-18
22.49624812406203 4.940201480815406e-18
22.50825412706353 5.273621888245572e-18
22.52026013006503 5.629557238152159e-18
22.53226613306653 6.009528661603661e-18
22.54427213606803 6.415160107060201e-18
22.55627813906953 6.848185293155975e-18
22.56828414207104 7.310455131843034e-18
22.58029014507254 7.803945653729231e-18
22.59229614807404 8.330766469598363e-18
22.60430215107554 8.89316980440154e-18
22.61630815407704 9.493560142465916e-18
22.62831415707854 1.013450452529021e-17
22.64032016008004 1.08187435460975e-17
22.65232616308154 1.154920308830669e-17
22.66433216608304 1.232900685827713e-17
22.67633816908454 1.316148976609086e-17
22.68834417208604 1.405021221177736e-17
22.70035017508754 1.499897533827282e-17
22.71235617808905 1.60118373165568e-17
22.72436218109054 1.709313073284054e-17
22.73636818409205 1.824748115241312e-17
22.74837418709355 1.947982693980439e-17
22.76038019009505 2.07954404203179e-17
22.77238619309655 2.219995047374767e-17
22.78439219609805 2.369936665724268e-17
22.79639819909955 2.530010496085047e-17
22.80840420210105 2.700901530628293e-17
22.82041020510255 2.883341090693472e-17
22.83241620810405 3.078109961517888e-17
22.84442221110555 3.286041739150055e-17
22.85642821410705 3.508026403914367e-17
22.86843421710855 3.745014135767795e-17
22.88044022011006 3.998019387928427e-17
22.89244622311156 4.268125236265246e-17
22.90445222611306 4.556488023123267e-17
22.91645822911456 4.864342315523121e-17
22.92846423211606 5.193006199024973e-17
22.94047023511756 5.543886929988847e-17
22.95247623811906 5.918486970503476e-17
22.96448224112056 6.318410431900125e-17
22.97648824412206 6.745369954523631e-17
22.98849424712356 7.201194053307657e-17
23.00050025012506 7.687834960703054e-17
23.01250625312656 8.207377000645632e-17
23.02451225612806 8.762045529532096e-17
23.03651825912956 9.354216482609876e-17
23.04852426213106 9.986426566788835e-17
23.06053026513257 1.066138414366149e-16
23.07253626813407 1.138198084948512e-16
23.08454227113557 1.215130400204746e-16
23.09654827413707 1.297264984772e-16
23.10855427713857 1.384953770561543e-16
23.12056028014007 1.478572506962215e-16
23.13256628314157 1.578522373320751e-16
23.14457228614307 1.68523170062786e-16
23.15657828914457 1.799157809808505e-16
23.16858429214607 1.920788974516225e-16
23.18059029514757 2.050646516866703e-16
23.19259629814907 2.189287045117448e-16
23.20460230115058 2.3373048429109e-16
23.21660830415207 2.495334420350046e-16
23.22861430715358 2.664053237871644e-16
23.24062031015508 2.844184614625316e-16
23.25262631315658 3.036500833860352e-16
23.26463231615808 3.241826458669391e-16
23.27663831915958 3.461041872343024e-16
23.28864432216108 3.695087058555418e-16
23.30065032516258 3.944965637632875e-16
23.31265632816408 4.211749176258671e-16
23.32466233116558 4.496581789144013e-16
23.33666833416708 4.800685052450854e-16
23.34867433716859 5.125363250093683e-16
23.36068034017008 5.472008975479468e-16
23.37268634317159 5.842109112774306e-16
23.38469234617309 6.23725122341827e-16
23.39669834917459 6.65913036535373e-16
23.40870435217609 7.109556374294309e-16
23.42071035517759 7.590461638349971e-16
23.43271635817909 8.103909399446726e-16
23.44472236118059 8.652102617246506e-16
23.45672836418209 9.237393433693537e-16
23.46873436718359 9.862293278898525e-16
23.48074037018509 1.052948366183214e-15
23.49274637318659 1.124182769224688e-15
23.50475237618809 1.200238238339352e-15
23.5167583791896 1.281441178845955e-15
23.5287643821911 1.36814010272452e-15
23.5407703851926 1.460707126342542e-15
23.5527763881941 1.559539569683771e-15
23.5647823911956 1.665061663960575e-15
23.5767883941971 1.777726374957436e-15
23.5887943971986 1.898017349951417e-15
23.6008004002001 2.026450996587453e-15
23.6128064032016 2.163578702654483e-15
23.6248124062031 2.309989206315046e-15
23.6368184092046 2.466311126988882e-15
23.6488244122061 2.633215667782743e-15
23.6608304152076 2.811419501097383e-15
23.6728364182091 3.001687849831443e-15
23.6848424212106 3.204837777444309e-15
23.69684842421211 3.421741701039409e-15
23.70885442721361 3.653331142589925e-15
23.72086043021511 3.900600734454526e-15
23.73286643321661 4.164612496425864e-15
23.74487243621811 4.446500402724176e-15
23.75687843921961 4.747475258597102e-15
23.76888444222111 5.06882990752043e-15
23.78089044522261 5.411944791418532e-15
23.79289644822411 5.77829388784392e-15
23.80490245122561 6.169451049679154e-15
23.81690845422711 6.587096774658392e-15
23.82891445722861 7.0330254338575e-15
23.84092046023012 7.509152990278929e-15
23.85292646323161 8.017525240769066e-15
23.86493246623312 8.56032661676044e-15
23.87693846923462 9.13988958173888e-15
23.88894447223612 9.758704665906868e-15
23.90095047523762 1.041943118125976e-14
23.91295647823912 1.112490866322355e-14
23.92496248124062 1.187816908813344e-14
23.93696848424212 1.268244991917601e-14
23.94897448724362 1.354120803698754e-14
23.96098049024512 1.445813461491367e-14
23.97298649324662 1.543717100300664e-14
23.98499249624813 1.648252568918364e-14
23.99699849924962 1.75986924106121e-14
24.00900450225113 1.879046949334549e-14
24.02101050525263 2.006298050352672e-14
24.03301650825413 2.142169629912953e-14
24.04502251125563 2.28724585772451e-14
24.05702851425713 2.442150501836755e-14
24.06903451725863 2.607549613601594e-14
24.08104052026013 2.784154394738177e-14
24.09304652326163 2.972724258854101e-14
24.10505252626313 3.174070100615268e-14
24.11705852926463 3.389057786651799e-14
24.12906453226613 3.618611883243347e-14
24.14107053526763 3.863719636848e-14
24.15307653826913 4.125435224629082e-14
24.16508254127064 4.404884293298289e-14
24.17708854427213 4.703268805836713e-14
24.18909454727364 5.02187221698287e-14
24.20110055027514 5.362064999794412e-14
24.21310655327664 5.725310547104116e-14
24.22511255627814 6.11317147330734e-14
24.23711855927964 6.527316343644469e-14
24.24912456228114 6.969526859985478e-14
24.26113056528264 7.441705534092337e-14
24.27313656828414 7.945883881437454e-14
24.28514257128564 8.484231170901229e-14
24.29714857428714 9.059063768069438e-14
24.30915457728864 9.672855112411198e-14
24.32116058029014 1.032824637135246e-13
24.33316658329165 1.102805781717947e-13
24.34517258629315 1.177530097582455e-13
24.35717858929465 1.257319159991603e-13
24.36918459229615 1.342516352202985e-13
24.38119059529765 1.433488344787698e-13
24.39319659829915 1.530626675321607e-13
24.40520260130065 1.634349435261012e-13
24.41720860430215 1.745103071277076e-13
24.42921460730365 1.863364308817077e-13
24.44122061030515 1.989642206187977e-13
24.45322661330665 2.124480348020821e-13
24.46523261630815 2.268459187575939e-13
24.47723861930966 2.422198547991047e-13
24.48924462231115 2.586360293260191e-13
24.50125062531266 2.761651180463812e-13
24.51325662831416 2.948825905552336e-13
24.52526263131566 3.148690355820867e-13
24.53726863431716 3.362105083104497e-13
24.54927463731866 3.58998901267621e-13
24.56128064032016 3.833323403846542e-13
24.57328664332166 4.093156079350339e-13
24.58529264632316 4.370605941766015e-13
24.59729864932466 4.666867796451392e-13
24.60930465232616 4.983217501803177e-13
24.62131065532767 5.321017469059783e-13
24.63331665832916 5.681722535375884e-13
24.64532266133067 6.06688623550823e-13
24.65732866433217 6.478167499172727e-13
24.66933466733367 6.917337802970203e-13
24.68134067033517 7.386288807740415e-13
24.69334667333667 7.887040514299247e-13
24.70535267633817 8.421749972751791e-13
24.71735867933967 8.992720582963714e-13
24.72936468234117 9.602412026325248e-13
24.74137068534267 1.025345087166754e-12
24.75337668834417 1.094864190110146e-12
24.76538269134567 1.169098020465704e-12
24.77738869434717 1.2483664095921e-12
24.78939469734867 1.333010890441435e-12
24.80140070035018 1.423396170423745e-12
24.81340670335167 1.519911704255251e-12
24.82541270635318 1.622973373579042e-12
24.83741870935468 1.73302528060793e-12
24.84942471235618 1.850541663531538e-12
24.86143071535768 1.976028941955495e-12
24.87343671835918 2.110027901202091e-12
24.88544272136068 2.253116024901415e-12
24.89744872436218 2.405909985942344e-12
24.90945472736368 2.569068306536656e-12
24.92146073036518 2.743294198879841e-12
24.93346673336668 2.92933859867216e-12
24.94547273636818 3.128003404596387e-12
24.95747873936968 3.340144937738198e-12
24.96948474237119 3.566677635885098e-12
24.98149074537269 3.808577998654236e-12
24.99349674837419 4.066888800482805e-12
25.00550275137569 4.342723589671777e-12
25.01750875437719 4.63727149290919e-12
25.02951475737869 4.951802346018826e-12
25.04152076038019 5.287672173089175e-12
25.05352676338169 5.64632903764255e-12
25.06553276638319 6.029319291111303e-12
25.07753876938469 6.43829424560441e-12
25.08954477238619 6.875017299780624e-12
25.10155077538769 7.341371548601864e-12
25.1135567783892 7.839367909830861e-12
25.12556278139069 8.371153802369685e-12
25.1375687843922 8.939022413919774e-12
25.1495747873937 9.545422597990345e-12
25.1615807903952 1.019296944300108e-11
25.1735867933967 1.088445555912893e-11
25.1855927963982 1.162286313165004e-11
25.1975987993997 1.241137679283966e-11
25.2096048024012 1.325339736802977e-11
25.2216108054027 1.415255655520161e-11
25.2336168084042 1.511273260152385e-11
25.2456228114057 1.613806704455553e-11
25.25762881440721 1.723298259043319e-11
25.2696348174087 1.840220220627533e-11
25.28164082041021 1.965076950928433e-11
25.29364682341171 2.098407054062974e-11
25.30565282641321 2.240785701818135e-11
25.31765882941471 2.392827116855189e-11
25.32966483241621 2.555187224573425e-11
25.34167083541771 2.728566485090809e-11
25.35367683841921 2.913712917577463e-11
25.36568284142071 3.111425330009283e-11
25.37768884442221 3.322556768296817e-11
25.38969484742371 3.548018199692782e-11
25.40170085042521 3.788782446394181e-11
25.41370685342671 4.045888386336498e-11
25.42571285642821 4.320445439332338e-11
25.43771885942972 4.61363835794036e-11
25.44972486243121 4.926732343767607e-11
25.46173086543272 5.261078511315102e-11
25.47373686843422 5.618119722978991e-11
25.48574287143572 5.999396820424034e-11
25.49774887443722 6.406555279259721e-11
25.50975487743872 6.841352315779384e-11
25.52176088044022 7.305664476476979e-11
25.53376688344172 7.801495743143451e-11
25.54577288644322 8.330986188573664e-11
25.55777888944472 8.89642122029542e-11
25.56978489244622 9.50024145227449e-11
25.58179089544772 1.014505324726468e-10
25.59379689844922 1.083363997537172e-10
25.60580290145073 1.156897403749658e-10
25.61780890445223 1.235422970563089e-10
25.62981490745373 1.31927968355096e-10
25.64182091045523 1.408829551089779e-10
25.65382691345673 1.50445916828172e-10
25.66583291645823 1.606581387132067e-10
25.67783891945973 1.7156371002017e-10
25.68984492246123 1.832097145445649e-10
25.70185092546273 1.956464340472746e-10
25.71385692846423 2.089275655021166e-10
25.72586293146573 2.231104531042321e-10
25.73786893446723 2.382563360423988e-10
25.74987493746874 2.544306131065291e-10
25.76188094047023 2.717031252744278e-10
25.77388694347174 2.901484574996419e-10
25.78589294647324 3.098462610052817e-10
25.79789894947474 3.308815974773868e-10
25.80990495247624 3.533453066461267e-10
25.82191095547774 3.773343988442872e-10
25.83391695847924 4.029524742405329e-10
25.84592296148074 4.303101705603132e-10
25.85792896448224 4.595256412305068e-10
25.86993496748374 4.907250660154999e-10
25.88194097048524 5.240431963529437e-10
25.89394697348675 5.596239377475368e-10
25.90595297648824 5.976209717414924e-10
25.91795897948974 6.381984201515482e-10
25.92996498249125 6.815315544452323e-10
25.94197098549274 7.278075533243672e-10
25.95397698849425 7.772263117923516e-10
25.96598299149575 8.300013052044922e-10
25.97798899449725 8.863605120385299e-10
25.98999499749875 9.465473993765515e-10
26.00200100050025 1.010821975360804e-09
26.01400700350175 1.079461913175689e-09
26.02601300650325 1.152763751417683e-09
26.03801900950475 1.231044176045443e-09
26.05002501250625 1.314641389455333e-09
26.06203101550775 1.403916572604585e-09
26.07403701850926 1.499255446506924e-09
26.08604302151075 1.601069939855473e-09
26.09804902451226 1.709799969986966e-09
26.11005502751376 1.82591534489176e-09
26.12206103051526 1.949917794497916e-09
26.13406703351676 2.082343140017036e-09
26.14607303651826 2.223763610736982e-09
26.15807903951976 2.374790318284688e-09
26.17008504252126 2.536075899063717e-09
26.18209104552276 2.708317336299003e-09
26.19409704852426 2.892258973898539e-09
26.20610305152576 3.088695735171853e-09
26.21810905452726 3.298476560331739e-09
26.23011505752876 3.522508077652563e-09
26.24212106053027 3.761758524169728e-09
26.25412706353177 4.01726193288489e-09
26.26613306653327 4.290122604595024e-09
26.27813906953477 4.581519883695275e-09
26.29014507253627 4.892713258621282e-09
26.30215107553777 5.225047809001743e-09
26.31415707853927 5.579960023092728e-09
26.32616308154077 5.958984010667968e-09
26.33816908454227 6.363758138251124e-09
26.35017508754377 6.796032115404176e-09
26.36218109054527 7.257674562738526e-09
26.37418709354677 7.750681094400707e-09
26.38619309654828 8.277182950011609e-09
26.39819909954977 8.839456213416718e-09
26.41020510255128 9.439931658145037e-09
26.42221110555278 1.00812052621875e-08
26.43421710855428 1.076604943760317e-08
26.44622311155578 1.149742502355614e-08
26.45822911455728 1.22784940946911e-08
26.47023511755878 1.311263364028541e-08
26.48224112056028 1.400345017338531e-08
26.49424712356178 1.495479533316049e-08
26.50625312656328 1.597078254801094e-08
26.51825912956478 1.7055804831553e-08
26.53026513256628 1.821455378851625e-08
26.54227113556778 1.945203991282148e-08
26.55427713856928 2.077361426570492e-08
26.56628314157079 2.218499162772901e-08
26.57828914457228 2.369227522490216e-08
26.59029514757379 2.530198313594544e-08
26.60230115057529 2.702107649502374e-08
26.61430715357679 2.885698961203331e-08
26.62631315657829 3.081766214084128e-08
26.63831915957979 3.291157343474027e-08
26.65032516258129 3.514777923785308e-08
26.66233116558279 3.753595087133759e-08
26.67433716858429 4.008641708404555e-08
26.68634317158579 4.281020874882747e-08
26.69834917458729 4.571910659799896e-08
26.7103551775888 4.88256922046452e-08
26.72236118059029 5.214340243049715e-08
26.7343671835918 5.568658757612558e-08
26.7463731865933 5.947057348523355e-08
26.7583791895948 6.351172787195178e-08
26.7703851925963 6.782753115833208e-08
26.7823911955978 7.243665212876654e-08
26.7943971985993 7.735902872892318e-08
26.8064032016008 8.261595435907013e-08
26.8184092046023 8.823017003545763e-08
26.8304152076038 9.422596281884314e-08
26.8424212106053 1.006292709363897e-07
26.8544272136068 1.074677960521593e-07
26.8664332166083 1.147711231723865e-07
26.87843921960981 1.225708487047874e-07
26.89044522261131 1.3090071722648e-07
26.90245122561281 1.39796767552811e-07
26.91445722861431 1.492974887396781e-07
26.92646323161581 1.594439866949599e-07
26.93846923461731 1.702801621206269e-07
26.95047523761881 1.818529005561875e-07
26.96248124062031 1.942122753465457e-07
26.97448724362181 2.074117644133353e-07
26.98649324662331 2.215084817685934e-07
26.99849924962481 2.365634247734988e-07
27.01050525262631 2.526417382131149e-07
27.02251125562782 2.698129963309239e-07
27.03451725862931 2.881515040447476e-07
27.04652326163082 3.077366186487492e-07
27.05852926463232 3.28653093394967e-07
27.07053526763382 3.509914444426189e-07
27.08254127063532 3.7484834276466e-07
27.09454727363682 4.003270327092083e-07
27.10655327663832 4.275377790289292e-07
27.11855927963982 4.565983443148243e-07
27.13056528264132 4.876344989025967e-07
27.14257128564282 5.207805654604633e-07
27.15457728864432 5.561800006175583e-07
27.16658329164582 5.939860161525621e-07
27.17858929464732 6.343622424336034e-07
27.19059529764882 6.774834369835642e-07
27.20260130065033 7.235362412404397e-07
27.21460730365182 7.727199887912516e-07
27.22661330665333 8.252475685810536e-07
27.23861930965483 8.813463468367868e-07
27.25062531265633 9.41259151700183e-07
27.26263131565783 1.005245324835639e-06
27.27463731865933 1.073581844569238e-06
27.28664332166083 1.146564525425045e-06
27.29864932466233 1.224509299255916e-06
27.31065532766383 1.3077535835196e-06
27.32266133066533 1.396657742628631e-06
27.33466733366683 1.491606648705819e-06
27.34667333666833 1.593011348507969e-06
27.35867933966983 1.701310843740564e-06
27.37068534267134 1.816973992477575e-06
27.38269134567284 1.940501539925411e-06
27.39469734867434 2.072428287330617e-06
27.40670335167584 2.213325408429618e-06
27.41870935467734 2.36380292347831e-06
27.43071535767884 2.524512341582214e-06
27.44272136068034 2.696149482777428e-06
27.45472736368184 2.879457492091627e-06
27.46673336668334 3.075230058646518e-06
27.47873936968484 3.284314853751837e-06
27.49074537268634 3.507617202890214e-06
27.50275137568784 3.746104007505975e-06
27.51475737868935 4.000807933593792e-06
27.52676338169085 4.272831885239482e-06
27.53876938469235 4.563353782500498e-06
27.55077538769385 4.87363166433277e-06
27.56278139069535 5.205009138679664e-06
27.57478739369685 5.558921203343564e-06
27.58679339669835 5.936900462867975e-06
27.59879939969985 6.340583768374636e-06
27.61080540270135 6.771719309133644e-06
27.62281140570285 7.232174186602848e-06
27.63481740870435 7.723942503764274e-06
27.64682341170585 8.249154004819217e-06
27.65882941470736 8.810083302689513e-06
27.67083541770885 9.409159734320786e-06
27.68284142071035 1.004897788650505e-05
27.69484742371186 1.073230883784708e-05
27.70685342671336 1.146211216560357e-05
27.71885942971486 1.224154876944021e-05
27.73086543271636 1.307399456769341e-05
27.74287143571786 1.396305512550634e-05
27.75487743871936 1.491258127824884e-05
27.76688344172086 1.592668581794621e-05
27.77888944472236 1.700976131505049e-05
27.79089544772386 1.81664991528105e-05
27.80290145072536 1.940190985675426e-05
27.81490745372686 2.072134480741289e-05
27.82691345672836 2.213051943041262e-05
27.83891945972987 2.363553796446705e-05
27.85092546273136 2.524291991464378e-05
27.86293146573287 2.69596283055865e-05
27.87493746873437 2.879309985717874e-05
27.88694347173587 3.075127721347089e-05
27.89894947473737 3.28426433645957e-05
27.91095547773887 3.507625841090652e-05
27.92296148074037 3.746179882872884e-05
27.93496748374187 4.000959940796358e-05
27.94697348674337 4.273069804336655e-05
27.95897948974487 4.563688357370308e-05
27.97098549274637 4.874074687619355e-05
27.98299149574787 5.205573543778243e-05
27.99499749874937 5.559621163984026e-05
28.00700350175088 5.937751500901166e-05
28.01900950475238 6.34160287041227e-05
28.03101550775388 6.772925052743001e-05
28.04302151075538 7.233586876811628e-05
28.05502751375688 7.72558432068917e-05
28.06703351675838 8.251049163294457e-05
28.07903951975988 8.812258224838977e-05
28.09104552276138 9.411643236089777e-05
28.10305152576288 0.0001005180137924579
28.11505752876438 0.0001073550654613575
28.12706353176588 0.0001146572136255693
28.13906953476738 0.000122456100308967
28.15107553776889 0.0001307855204672783
28.16308154077038 0.0001396815684885934
28.17508754377189 0.0001491827946637282
28.18709354677339 0.0001593303723049864
28.19909954977489 0.0001701682762380504
28.21110555277639 0.0001817434734410581
28.22311155577789 0.00019410612665761
28.23511755877939 0.0002073098118667269
28.24712356178089 0.0002214117505528797
28.25912956478239 0.0002364730577834105
28.27113556778389 0.0002525590071692295
28.28314157078539 0.0002697393138579043
28.29514757378689 0.000288088436786477
28.30715357678839 0.0003076859015048906
28.31915957978989 0.0003286166449701285
28.3311655827914 0.0003509713838064848
28.34317158579289 0.0003748470076291669
28.3551775887944 0.00040034699913716
28.3671835917959 0.0004275818827974019
28.3791895947974 0.0004566697040663445
28.3911955977989 0.0004877365412274541
28.4032016008004 0.0005209170520646853
28.4152076038019 0.0005563550577430934
28.4272136068034 0.00059420416642915
28.4392196098049 0.0006346284393557329
28.4512256128064 0.0006778031022208915
28.4632316158079 0.00072391530500616
28.47523761880941 0.0007731649335102458
28.4872436218109 0.0008257654761182889
28.49924962481241 0.0008819449495665086
28.51125562781391 0.0009419468877180134
28.52326163081541 0.001006031397638915
28.53526763381691 0.00107447628755587
28.54727363681841 0.001147578271588041
28.55927963981991 0.00122565425647956
28.57128564282141 0.001309042715914333
28.58329164582291 0.00139810515837505
28.59529764882441 0.001493227694914083
28.60730365182591 0.001594822713637496
28.61930965482741 0.001703330668166345
28.63131565782891 0.001819221987834037
28.64332166083042 0.001942999117906656
28.65532766383192 0.002075198698677363
28.66733366683342 0.002216393892888541
28.67933966983492 0.002367196871578937
28.69134567283642 0.002528261469140467
28.70335167583792 0.002700286019103595
28.71535767883942 0.002884016382954366
28.72736368184092 0.003080249185123781
28.73936968484242 0.003289835268184833
28.75137568784392 0.00351368338324806
28.76338169084542 0.003752764131567045
28.77538769384692 0.004008114174455403
28.78739369684843 0.004280840729781072
28.79939969984992 0.004572126374547313
28.81140570285143 0.004883234174398087
28.82341170585293 0.005215513162304085
28.83541770885443 0.005570404190201099
28.84742371185593 0.005949446178970716
28.85942971485743 0.006354282793882097
28.87143571785893 0.006786669574459852
28.88344172086043 0.007248481549715143
28.89544772386193 0.007741721371783482
28.90745372686343 0.008268528003262389
28.91945972986493 0.00883118599594512
28.93146573286643 0.009432135401213119
28.94347173586793 0.01007398235509127
28.95547773886943 0.01075951038389792
28.96748374187094 0.011491692479549
28.97948974487243 0.01227370399691594
28.99149574787394 0.01310893642920463
29.00350175087544 0.01400101212113351
29.01550775387694 0.01495379998375897
29.02751375687844 0.01597143227914342
29.03951975987994 0.0170583225477048
29.05152576288144 0.01821918475604578
29.06353176588294 0.01945905374835791
29.07553776888444 0.02078330709015419
29.08754377188594 0.02219768839912625
29.09954977488744 0.02370833226437734
29.11155577788895 0.02532179086217637
29.12356178089044 0.02704506238374178
29.13556778389195 0.02888562139842918
29.14757378689345 0.03085145128409731
29.15957978989495 0.03295107886539949
29.17158579289645 0.03519361141033147
29.18359179589795 0.03758877614560262
29.19559779889945 0.0401469624623312
29.20760380190095 0.04287926699524165
29.21960980490245 0.04579754177101544
29.23161580790395 0.04891444563476926
29.24362181090545 0.05224349917786374
29.25562781390695 0.05579914340544512
29.26763381690845 0.05959680239835522
29.27963981990996 0.06365295024138487
29.29164582291146 0.0679851825083653
29.30365182591296 0.07261229261437359
29.31565782891446 0.07755435336645568
29.32766383191596 0.08283280406683852
29.33966983491746 0.08847054354670504
29.35167583791896 0.09449202953435284
29.36368184092046 0.1009233847890537
29.37568784392196 0.1077925104613046
29.38769384692346 0.1151292071715289
29.39969984992496 0.1229653043327985
29.41170585292646 0.1313347982789322
29.42371185592796 0.1402739997975565
29.43571785892946 0.1498216917085435
29.44772386193096 0.160019297171851
29.45972986493247 0.1709110594553712
29.47173586793397 0.1825442339431486
29.48374187093547 0.194969293217466
29.49574787393697 0.208240146105061
29.50775387693847 0.2224143716383591
29.51975987993997 0.237553468947366
29.53176588294147 0.2537231241670249
29.54377188594297 0.2709934955187209
29.55577788894447 0.2894395178035195
29.56778389194597 0.3091412276290092
29.57978989494747 0.3301841107816345
29.59179589794897 0.3526594732525591
29.60380190095048 0.3766648375277976
29.61580790395197 0.4023043658630474
29.62781390695348 0.4296893123808165
29.63981990995498 0.4589385059525867
29.65182591295648 0.4901788659624207
29.66383191595798 0.523545953191186
29.67583791895948 0.559184558213072
29.68784392196098 0.5972493298589472
29.69984992496248 0.6379054464750815
29.71185592796398 0.6813293328915803
29.72386193096548 0.7277094262133526
29.73586793396698 0.7772469937584335
29.74787393696849 0.8301570066949141
29.75987993996998 0.8866690731695885
29.77188594297149 0.9470284349797561
29.78389194597299 1.01149703211554
29.79589794897449 1.080354639794801
29.80790395197599 1.153900082927512
29.81990995497749 1.232452533282683
29.83191595797899 1.316352894990072
29.84392196098049 1.405965284392482
29.85592796398199 1.501678610674187
29.86793396698349 1.603908264128619
29.87993996998499 1.713097919395922
29.89194597298649 1.829721461500188
29.90395197598799 1.954285043049511
29.9159579789895 2.087329281531559
29.927963981991 2.229431606245758
29.9399699849925 2.381208765063008
29.951975987994 2.543319501897954
29.9639819909955 2.716467416520163
29.975987993997 2.901404019122456
29.9879939969985 3.098931992910418
30 3.309908678880509
