6 0 
6.012006003001501 1.859330126336758e-134 
6.024012006003002 5.023800499561165e-134 
6.036018009004502 1.163758854971986e-133 
6.048024012006003 2.605775866451803e-133 
6.060030015007504 5.755119604563146e-133 
6.072036018009005 1.258740175656587e-132 
6.084042021010506 2.728680237152616e-132 
6.096048024012006 5.864151601455012e-132 
6.108054027013507 1.249510638744273e-131 
6.120060030015008 2.63992549139525e-131 
6.132066033016509 5.530857742583217e-131 
6.144072036018009 1.149142540571308e-130 
6.156078039019509 2.367920498146833e-130 
6.16808404202101 4.839529421344418e-130 
6.180090045022511 9.810988445861722e-130 
6.192096048024012 1.972997893664573e-129 
6.204102051025512 3.936181551671085e-129 
6.216108054027013 7.790915131332313e-129 
6.228114057028514 1.530018479436538e-128 
6.240120060030015 2.981463612280707e-128 
6.252126063031516 5.765228820383508e-128 
6.264132066033016 1.106336204569972e-127 
6.276138069034517 2.107028239377506e-127 
6.288144072036018 3.982860820511853e-127 
6.300150075037519 7.472916050893516e-127 
6.31215607803902 1.391822006883814e-126 
6.32416208104052 2.573381097110953e-126 
6.336168084042021 4.7236670626839e-126 
6.348174087043522 8.608687369912344e-126 
6.360180090045023 1.557774381434572e-125 
6.372186093046524 2.79904181134782e-125 
6.384192096048024 4.994343722060363e-125 
6.396198099049525 8.849901824045179e-125 
6.408204102051026 1.55745673732841e-124 
6.420210105052527 2.722308504731813e-124 
6.432216108054027 4.726379137891118e-124 
6.444222111055527 8.15108582813594e-124 
6.456228114057028 1.396444430741132e-123 
6.468234117058529 2.376722568984732e-123 
6.48024012006003 4.018880443920055e-123 
6.49224612306153 6.751936393330469e-123 
6.504252126063031 1.127127178953425e-122 
6.516258129064532 1.869662699658746e-122 
6.528264132066033 3.081935732754893e-122 
6.540270135067534 5.048680083199569e-122 
6.552276138069034 8.219584195487136e-122 
6.564282141070535 1.330035123765505e-121 
6.576288144072036 2.139148623076485e-121 
6.588294147073537 3.419845619867075e-121 
6.600300150075038 5.434788214455989e-121 
6.612306153076538 8.586022155673917e-121 
6.624312156078039 1.348519104271515e-120 
6.63631815907954 2.105717821332304e-120 
6.648324162081041 3.269213292147904e-120 
6.660330165082541 5.046708145472149e-120 
6.672336168084042 7.746697650415044e-120 
6.684342171085543 1.182469459870641e-119 
6.696348174087044 1.794937775947343e-119 
6.708354177088545 2.709667663243184e-119 
6.720360180090045 4.068278312698942e-119 
6.732366183091546 6.075106742335808e-119 
6.744372186093047 9.023317552193691e-119 
6.756378189094547 1.333115840125224e-118 
6.768384192096048 1.959200631788517e-118 
6.780390195097548 2.864304465669299e-118 
6.792396198099049 4.165895518795943e-118 
6.80440220110055 6.027899292613909e-118 
6.816408204102051 8.677833928126665e-118 
6.828414207103552 1.242978286310347e-117 
6.840420210105052 1.771501636438111e-117 
6.852426213106553 2.512257493018582e-117 
6.864432216108054 3.545274843052278e-117 
6.876438219109555 4.978714780473807e-117 
6.888444222111056 6.95799965195846e-117 
6.900450225112556 9.677639471554884e-117 
6.912456228114057 1.339646601961589e-116 
6.924462231115558 1.845714590575603e-116 
6.936468234117059 2.531103377128777e-116 
6.948474237118559 3.454964902095807e-116 
6.96048024012006 4.694431714770735e-116 
6.972486243121561 6.349581267726794e-116 
6.984492246123062 8.549617730270633e-116 
6.996498249124563 1.14605265416986e-115 
7.008504252126063 1.529449904028139e-115 
7.020510255127563 2.032147077183813e-115 
7.032516258129064 2.68831672237219e-115 
7.044522261130565 3.541010424913273e-115 
7.056528264132066 4.644204658706511e-115 
7.068534267133566 6.065248558549136e-115 
7.080540270135067 7.887775510170497e-115 
7.092546273136568 1.021514608061025e-114 
7.104552276138069 1.317449505762176e-114 
7.11655827913957 1.692145997225456e-114 
7.12856428214107 2.164567213996605e-114 
7.140570285142571 2.757709362548701e-114 
7.152576288144072 3.499328422929806e-114 
7.164582291145573 4.422768118609079e-114 
7.176588294147074 5.567897031138143e-114 
7.188594297148574 6.982162036168367e-114 
7.200600300150075 8.721764191861854e-114 
7.212606303151576 1.08529617704459e-113 
7.224612306153077 1.345350324567275e-113 
7.236618309154577 1.661419069530471e-113 
7.248624312156078 2.044057121721045e-113 
7.260630315157579 2.505475057040319e-113 
7.27263631815908 3.059731932816736e-113 
7.284642321160581 3.722937737794335e-113 
7.296648324162081 4.513463764359743e-113 
7.308654327163582 5.452158448499222e-113 
7.320660330165083 6.562565641256267e-113 
7.332666333166584 7.871141662849749e-113 
7.344672336168085 9.407466858419955e-113 
7.356678339169584 1.120444673610044e-112 
7.368684342171085 1.329849714018968e-112 
7.380690345172586 1.572970731201709e-112 
7.392696348174087 1.85419741398651e-112 
7.404702351175588 2.178310041782647e-112 
7.416708354177088 2.55048495449846e-112 
7.428714357178589 2.976294882455332e-112 
7.44072036018009 3.461703339029983e-112 
7.452726363181591 4.013052281778047e-112 
7.464732366183092 4.637042269136117e-112 
7.476738369184592 5.340704381308854e-112 
7.488744372186093 6.13136323721312e-112 
7.500750375187594 7.016590525400409e-112 
7.512756378189095 8.004148576352851e-112 
7.524762381190595 9.101923636673125e-112 
7.536768384192096 1.031784866158165e-111 
7.548774387193597 1.165981561995518e-111 
7.560780390195098 1.313557750372471e-111 
7.572786393196599 1.475264044816459e-111 
7.584792396198099 1.651814659832359e-111 
7.596798399199599 1.843874859533036e-111 
7.6088044022011 2.05204768001663e-111 
7.620810405202601 2.276860061630077e-111 
7.632816408204102 2.518748551125914e-111 
7.644822411205602 2.778044756412293e-111 
7.656828414207103 3.054960757585345e-111 
7.668834417208604 3.34957469655735e-111 
7.680840420210105 3.661816783268012e-111 
7.692846423211606 3.99145596865763e-111 
7.704852426213106 4.338087542725343e-111 
7.716858429214607 4.701121919662169e-111 
7.728864432216108 5.079774870918571e-111 
7.740870435217609 5.473059460749492e-111 
7.75287643821911 5.879779927209292e-111 
7.76488244122061 6.298527734639057e-111 
7.776888444222111 6.72768000148066e-111 
7.788894447223612 7.165400479966104e-111 
7.800900450225113 7.609643232129819e-111 
7.812906453226613 8.058159110216534e-111 
7.824912456228114 8.508505109416586e-111 
7.836918459229615 8.95805661755864e-111 
7.848924462231116 9.404022540814583e-111 
7.860930465232617 9.843463237361185e-111 
7.872936468234117 1.027331114319138e-110 
7.884942471235618 1.069039392692308e-110 
7.896948474237119 1.109145996433662e-110 
7.90895447723862 1.147320587942892e-110 
7.920960480240121 1.18323058580818e-110 
7.932966483241621 1.216544240369391e-110 
7.944972486243121 1.246933817219217e-110 
7.956978489244622 1.274078849741916e-110 
7.968984492246123 1.297669419765854e-110 
7.980990495247624 1.317409424025592e-110 
7.992996498249124 1.333019783463266e-110 
8.005002501250626 1.344241552427712e-110 
8.017008504252125 1.35083888559086e-110 
8.029014507253628 1.352601821860932e-110 
8.041020510255127 1.349348846729713e-110 
8.053026513256629 1.340929197284201e-110 
8.065032516258128 1.32722487751295e-110 
8.077038519259631 1.30815235546744e-110 
8.08904452226113 1.283663918235165e-110 
8.101050525262632 1.253748665452939e-110 
8.113056528264131 1.218433127164922e-110 
8.125062531265632 1.17778149709093e-110 
8.137068534267133 1.131895477757852e-110 
8.149074537268634 1.080913739329825e-110 
8.161080540270135 1.025010999279167e-110 
8.173086543271635 9.643967351757761e-111 
8.185092546273136 8.993135477435027e-111 
8.197098549274637 8.300351958739046e-111 
8.209104552276138 7.568643294150876e-111 
8.221110555277638 6.801299492217383e-111 
8.233116558279139 6.001846270974173e-111 
8.24512256128064 5.17401520851777e-111 
8.257128564282141 4.321712217018644e-111 
8.269134567283642 3.448984726546058e-111 
8.281140570285142 2.559987973086238e-111 
8.293146573286643 1.658950787180201e-111 
8.305152576288144 7.501412758357236e-112 
8.317158579289645 -1.621672189559501e-112 
8.329164582291146 -1.073729516281592e-111 
8.341170585292646 -1.980360997404078e-111 
8.353176588294147 -2.87796868590187e-111 
8.365182591295648 -3.762580708120613e-111 
8.377188594297149 -4.630373865608416e-111 
8.389194597298649 -5.477699084134134e-111 
8.40120060030015 -6.301104538707612e-111 
8.413206603301651 -7.097356290121784e-111 
8.425212606303152 -7.863456305290397e-111 
8.437218609304653 -8.596657770483023e-111 
8.449224612306153 -9.294477642871947e-111 
8.461230615307654 -9.95470642114082e-111 
8.473236618309155 -1.057541514971023e-110 
8.485242621310656 -1.115495970304335e-110 
8.497248624312157 -1.169198242614571e-110 
8.509254627313657 -1.218541123437971e-110 
8.521260630315158 -1.26344562999887e-110 
8.533266633316659 -1.303860447387581e-110 
8.54527263631816 -1.339761160928239e-110 
8.55727863931966 -1.371149296887982e-110 
8.569284642321161 -1.398051190842102e-110 
8.58129064532266 -1.420516703861051e-110 
8.593296648324163 -1.438617807223355e-110 
8.605302651325662 -1.452447056604403e-110 
8.617308654327164 -1.46211597665808e-110 
8.629314657328663 -1.467753376614226e-110 
8.641320660330166 -1.469503616986675e-110 
8.653326663331665 -1.467524846745844e-110 
8.665332666333168 -1.461987229379801e-110 
8.677338669334667 -1.453071175178005e-110 
8.689344672336169 -1.440965595852196e-110 
8.701350675337668 -1.425866196276678e-110 
8.713356678339169 -1.407973816718584e-110 
8.72536268134067 -1.387492837464296e-110 
8.737368684342171 -1.364629656247196e-110 
8.749374687343671 -1.339591247373241e-110 
8.761380690345172 -1.312583809945588e-110 
8.773386693346673 -1.283811511118968e-110 
8.785392696348174 -1.253475328894527e-110 
8.797398699349674 -1.221771997604387e-110 
8.809404702351175 -1.188893057948644e-110 
8.821410705352676 -1.155024012242999e-110 
8.833416708354177 -1.120343584423686e-110 
8.845422711355678 -1.08502308334168e-110 
8.857428714357178 -1.049225866966016e-110 
8.869434717358679 -1.013106904308135e-110 
8.88144072036018 -9.768124311761245e-111 
8.893446723361681 -9.404796952699045e-111 
8.905452726363182 -9.042367856306895e-111 
8.917458729364682 -8.682025410626225e-111 
8.929464732366183 -8.324865318391929e-111 
8.941470735367684 -7.971891087951104e-111 
8.953476738369185 -7.624015137725456e-111 
8.965482741370685 -7.282060453389435e-111 
8.977488744372186 -6.946762737087415e-111 
8.989494747373687 -6.618772988830738e-111 
9.001500750375188 -6.298660461562973e-111 
9.013506753376689 -5.986915933243392e-111 
9.025512756378189 -5.683955241561266e-111 
9.03751875937969 -5.390123029513444e-111 
9.049524762381191 -5.105696652983919e-111 
9.061530765382692 -4.830890204585119e-111 
9.073536768384193 -4.565858611314736e-111 
9.085542771385693 -4.310701766968957e-111 
9.097548774387194 -4.065468663715444e-111 
9.109554777388695 -3.830161490694811e-111 
9.121560780390196 -3.604739670958843e-111 
9.133566783391696 -3.389123811428714e-111 
9.145572786393197 -3.183199543843778e-111 
9.157578789394698 -2.986821237827865e-111 
9.169584792396197 -2.799815570223177e-111 
9.1815907953977 -2.621984937696311e-111 
9.193596798399199 -2.453110702307652e-111 
9.205602801400701 -2.292956262234085e-111 
9.2176088044022 -2.141269942141424e-111 
9.229614807403703 -1.997787699818477e-111 
9.241620810405202 -1.862235647598411e-111 
9.253626813406704 -1.734332388819344e-111 
9.265632816408203 -1.613791171104845e-111 
9.277638819409706 -1.500321859592183e-111 
9.289644822411205 -1.393632734404375e-111 
9.301650825412706 -1.293432117658882e-111 
9.313656828414207 -1.199429836141837e-111 
9.325662831415707 -1.111338526463107e-111 
9.337668834417208 -1.028874790050646e-111 
9.349674837418709 -9.517602057587598e-112 
9.36168084042021 -8.797222081592722e-112 
9.37368684342171 -8.124948397747771e-112 
9.385692846423211 -7.498193856026401e-112 
9.397698849424712 -6.914448982845825e-112 
9.409704852426213 -6.371286222051306e-112 
9.421710855427714 -5.866363246652704e-112 
9.433716858429214 -5.397425420832695e-112 
9.445722861430715 -4.962307489329995e-112 
9.457728864432216 -4.558934568479363e-112 
9.469734867433717 -4.185322510051301e-112 
9.481740870435218 -3.839577705642155e-112 
9.493746873436718 -3.519896395785684e-112 
9.505752876438219 -3.224563544247965e-112 
9.51775887943972 -2.95195133417947e-112 
9.529764882441221 -2.700517338978089e-112 
9.541770885442721 -2.468802416904569e-112 
9.553776888444222 -2.25542837472263e-112 
9.565782891445723 -2.05909544193903e-112 
9.577788894447224 -1.878579593620667e-112 
9.589794897448725 -1.712729756285027e-112 
9.601800900450225 -1.560464928016608e-112 
9.613806903451726 -1.420771240766239e-112 
9.625812906453227 -1.29269898975134e-112 
9.637818909454728 -1.1753596520039e-112 
9.649824912456229 -1.067922913408143e-112 
9.661830915457729 -9.696137210370487e-113 
9.67383691845923 -8.797093752328096e-113 
9.685842921460731 -7.975366736803842e-113 
9.697848924462232 -7.224691176903876e-113 
9.709854927463732 -6.539241890329404e-113 
9.721860930465233 -5.913607039403909e-113 
9.733866933466732 -5.342762493176337e-113 
9.745872936468235 -4.822047047547679e-113 
9.757878939469734 -4.347138526194516e-113 
9.769884942471236 -3.914030773061496e-113 
9.781890945472735 -3.519011536263542e-113 
9.793896948474238 -3.15864123327315e-113 
9.805902951475737 -2.829732578166281e-113 
9.81790895447724 -2.529331043350541e-113 
9.829914957478739 -2.254696120489965e-113 
9.841920960480241 -2.00328333816224e-113 
9.85392696348174 -1.772726987016834e-113 
9.865932966483243 -1.560823496730144e-113 
9.877938969484742 -1.365515402755163e-113 
9.889944972486242 -1.184875834611239e-113 
9.901950975487743 -1.017093451125881e-113 
9.913956978489244 -8.604577414865253e-114 
9.925962981490745 -7.133446040438522e-114 
9.937968984492246 -5.742021073757679e-114 
9.949974987493746 -4.415363300087066e-114 
9.961980990495247 -3.138971662241619e-114 
9.973986993496748 -1.898639753603037e-114 
9.985992996498249 -6.803094074064825e-115 
9.99799899949975 5.300800840879594e-115 
10.01000500250125 1.746748732138214e-114 
10.02201100550275 2.984240372976037e-114 
10.03401700850425 4.257596914585011e-114 
10.04602301150575 5.582544491659535e-114 
10.05802901450725 6.975693959382454e-114 
10.07003501750875 8.454758440399249e-114 
10.08204102051026 1.003879096431548e-113 
10.09404702351176 1.174844561116708e-113 
10.10605302651326 1.36062659963942e-113 
10.11805902951476 1.563700542263024e-113 
10.13006503251626 1.786798358189836e-113 
10.14207103551776 2.032948533068052e-113 
10.15407703851926 2.305520779127082e-113 
10.16608304152076 2.608276286900373e-113 
10.17808904452226 2.945424323139395e-113 
10.19009504752376 3.321686088914134e-113 
10.20210105052526 3.742366877003904e-113 
10.21410705352676 4.213437710762166e-113 
10.22611305652826 4.741627810273613e-113 
10.23811905952977 5.334529418768288e-113 
10.25012506253126 6.00071673630874e-113 
10.26213106553277 6.749880952606043e-113 
10.27413706853427 7.592983650904725e-113 
10.28614307153577 8.542431175312961e-113 
10.29814907453727 9.612272920600062e-113 
10.31015507753877 1.081842692305914e-112 
10.32216108054027 1.217893661124561e-112 
10.33416708354177 1.371426312509541e-112 
10.34617308654327 1.544761824125667e-112 
10.35817908954477 1.740534366307928e-112 
10.37018509254627 1.961734325897688e-112 
10.38219109554777 2.211757577816541e-112 
10.39419709854927 2.494461665572227e-112 
10.40620310155078 2.814229875976306e-112 
10.41820910455228 3.176044335556309e-112 
10.43021510755378 3.585569419139892e-112 
10.44222111055528 4.049246947947087e-112 
10.45422711355678 4.574404868780198e-112 
10.46623311655828 5.169381351607059e-112 
10.47823911955978 5.843666524660441e-112 
10.49024512256128 6.608064389487151e-112 
10.50225112556278 7.474877829346487e-112 
10.51425712856428 8.458120050075502e-112 
10.52626313156578 9.573756281172343e-112 
10.53826913456728 1.083998012579065e-111 
10.55027513756878 1.227752959239597e-111 
10.56228114057028 1.391004858044976e-111 
10.57428714357179 1.576450044197376e-111 
10.58629314657329 1.787164121669202e-111 
10.59829914957479 2.026656125962489e-111 
10.61030515257629 2.298930526837825e-111 
10.62231115557779 2.608558219809407e-111 
10.63431715857929 2.960757825410542e-111 
10.64632316158079 3.361488810916429e-111 
10.65832916458229 3.817558174217185e-111 
10.67033516758379 4.336742688298239e-111 
10.68234117058529 4.927929002418485e-111 
10.69434717358679 5.601274238470783e-111 
10.70635317658829 6.368390114956101e-111 
10.7183591795898 7.242554084331953e-111 
10.7303651825913 8.238951491240078e-111 
10.7423711855928 9.374953359689413e-111 
10.7543771885943 1.06704351086828e-110 
10.7663831915958 1.214814229188733e-110 
10.7783891945973 1.383411037374515e-110 
10.7903951975988 1.575814661035689e-110 
10.8024012006003 1.795438331982947e-110 
10.8144072036018 2.046191322814517e-110 
10.8264132066033 2.33255191913393e-110 
10.8384192096048 2.659651245562475e-110 
10.8504252126063 3.033369576188514e-110 
10.8624312156078 3.460447007333847e-110 
10.87443721860931 3.948610655558684e-110 
10.8864432216108 4.506720872495842e-110 
10.89844922461231 5.144939347131544e-110 
10.91045522761381 5.874922403308254e-110 
10.92246123061531 6.710043304498224e-110 
10.93446723361681 7.66564795966549e-110 
10.94647323661831 8.759349095297228e-110 
10.95847923961981 1.001136473331016e-109 
10.97048524262131 1.144490770855741e-109 
10.98249124562281 1.308663399160884e-109 
10.99449724862431 1.496715877378803e-109 
11.00650325162581 1.712165064690452e-109 
11.01850925462731 1.959051579838376e-109 
11.03051525762881 2.242018597672788e-109 
11.04252126063032 2.566402610078758e-109 
11.05452726363182 2.938337983356334e-109 
11.06653326663332 3.3648774268527e-109 
11.07853926963482 3.854130814316586e-109 
11.09054527263632 4.41542517693698e-109 
11.10255127563782 5.059489123297681e-109 
11.11455727863932 5.798665445738788e-109 
11.12656328164082 6.647156255530699e-109 
11.13856928464232 7.621305663182162e-109 
11.15057528764382 8.739925799418257e-109 
11.16258129064532 1.002467287343406e-108 
11.17458729364682 1.150048100712903e-108 
11.18659329664832 1.319606278936599e-108 
11.19859929964982 1.514448688860421e-108 
11.21060530265133 1.738384467533292e-108 
11.22261130565283 1.995801967211283e-108 
11.23461730865433 2.291757580873283e-108 
11.24662331165583 2.632078295937683e-108 
11.25862931465733 3.023480113151154e-108 
11.27063531765883 3.473704802474068e-108 
11.28264132066033 3.99167785543262e-108 
11.29464732366183 4.58769094221633e-108 
11.30665332666333 5.273612701475142e-108 
11.31865932966483 6.063132292566866e-108 
11.33066533266633 6.972040836970862e-108 
11.34267133566783 8.018556682851247e-108 
11.35467733866933 9.223701361874561e-108 
11.36668334167084 1.061173419072032e-107 
11.37868934467234 1.221065472488638e-107 
11.39069534767384 1.405278372678248e-107 
11.40270135067534 1.617543499551468e-107 
11.41470735367684 1.86216923590768e-107 
11.42671335667834 2.14413083936873e-107 
11.43871935967984 2.469174405941936e-107 
11.45072536268134 2.843937148372422e-107 
11.46273136568284 3.276086565187047e-107 
11.47473736868434 3.774481485340502e-107 
11.48674337168584 4.349358447667905e-107 
11.49874937468734 5.012547424399368e-107 
11.51075537768885 5.777721535959865e-107 
11.52276138069034 6.660686144282229e-107 
11.53476738369185 7.679713570299551e-107 
11.54677338669335 8.855930677201195e-107 
11.55877938969485 1.021376771655324e-106 
11.57078539269635 1.178147817519692e-106 
11.58279139569785 1.359174091679615e-106 
11.59479739869935 1.568235771768887e-106 
11.60680340170085 1.80970613926007e-106 
11.61880940470235 2.088645213862328e-106 
11.63081540770385 2.410908255005376e-106 
11.64282141070535 2.783271503546613e-106 
11.65482741370685 3.213577917523002e-106 
11.66683341670835 3.710906097802752e-106 
11.67883941970986 4.28576611280357e-106 
11.69084542271136 4.950326527576997e-106 
11.70285142571286 5.71867763493177e-106 
11.71485742871436 6.607136690485305e-106 
11.72686343171586 7.634601887733924e-106 
11.73886943471736 8.822962894514597e-106 
11.75087543771886 1.019757703312776e-105 
11.76288144072036 1.178782165143413e-105 
11.77488744372186 1.362773493461365e-105 
11.78689344672336 1.575675938558368e-105 
11.79889944972486 1.822060450121627e-105 
11.81090545272636 2.107224784370924e-105 
11.82291145572786 2.437309681252372e-105 
11.83491745872936 2.819433703290924e-105 
11.84692346173087 3.261849747447197e-105 
11.85892946473237 3.77412672932372e-105 
11.87093546773387 4.367360506462788e-105 
11.88294147073537 5.054418767238702e-105 
11.89494747373687 5.850225379062597e-105 
11.90695347673837 6.772090581853285e-105 
11.91895947973987 7.84009445042939e-105 
11.93096548274137 9.077532256448386e-105 
11.94297148574287 1.051143176446663e-104 
11.95497748874437 1.217315412988215e-104 
11.96698349174587 1.409909196651165e-104 
11.97898949474737 1.63314803620819e-104 
11.99099549774887 1.891933919191557e-104 
12.00300150075038 2.191956807387296e-104 
12.01500750375187 2.539821879025112e-104 
12.02701350675338 2.943197405528848e-104 
12.03901950975488 3.410986622388433e-104 
12.05102551275638 3.953527502726645e-104 
12.06303151575788 4.582824981177655e-104 
12.07503751875938 5.31282091958136e-104 
12.08704352176088 6.15970797198478e-104 
12.09904952476238 7.14229451463513e-104 
12.11105552776388 8.282428980475022e-104 
12.12306153076538 9.605493304405948e-104 
12.13506753376688 1.114097677708162e-103 
12.14707353676839 1.292314345829689e-103 
12.15907953976988 1.499180845935364e-103 
12.17108554277139 1.739324091746338e-103 
12.18309154577289 2.018121441297497e-103 
12.19509754877439 2.341822899040357e-103 
12.20710355177589 2.717693291662377e-103 
12.21910955477739 3.154177693713671e-103 
12.23111555777889 3.661093918239803e-103 
12.24312156078039 4.249856515715136e-103 
12.25512756378189 4.933737456386297e-103 
12.26713356678339 5.728169523846453e-103 
12.27913956978489 6.651099441297346e-103 
12.29114557278639 7.723398909873624e-103 
12.30315157578789 8.969343087840046e-103 
12.31515757878939 1.041716761219228e-102 
12.3271635817909 1.209971709724358e-102 
12.3391695847924 1.405520018137314e-102 
12.3511755877939 1.632806868364936e-102 
12.3631815907954 1.897004133531323e-102 
12.3751875937969 2.20412959356965e-102 
12.3871935967984 2.56118577280631e-102 
12.3991995997999 2.97632163914379e-102 
12.4112056028014 3.4590209408625e-102 
12.4232116058029 4.020321582537385e-102 
12.4352176088044 4.673071170927846e-102 
12.4472236118059 5.432224712248203e-102 
12.4592296148074 6.315191434147019e-102 
12.4712356178089 7.342238862574104e-102 
12.48324162081041 8.536963632985754e-102 
12.49524762381191 9.926840089116301e-102 
12.50725362681341 1.154385955827518e-101 
12.51925962981491 1.342527533352101e-101 
12.53126563281641 1.561447089113577e-101 
12.54327163581791 1.816197178612482e-101 
12.55527763881941 2.112662506852118e-101 
12.56728364182091 2.457697403022832e-101 
12.57928964482241 2.859286072074056e-101 
12.59129564782391 3.326729407094441e-101 
12.60330165082541 3.870862776647467e-101 
12.61530765382691 4.504309936656463e-101 
12.62731365682841 5.241779074705787e-101 
12.63931965982992 6.100407996283444e-101 
12.65132566283141 7.100166631542679e-101 
12.66333166583292 8.264326405642364e-101 
12.67533766883442 9.62000760838043e-101 
12.68734367183592 1.119881775789986e-100 
12.69934967483742 1.303759612338361e-100 
12.71135567783892 1.517928210502578e-100 
12.72336168084042 1.767392812709896e-100 
12.73536768384192 2.057988115279998e-100 
12.74737368684342 2.396516096088071e-100 
12.75937968984492 2.790906803097006e-100 
12.77138569284642 3.250405938041741e-100 
12.78339169584793 3.78579371129713e-100 
12.79539769884942 4.409640193349716e-100 
12.80740370185093 5.136603263414227e-100 
12.81940970485243 5.983776277725277e-100 
12.83141570785393 6.971093773591298e-100 
12.84342171085543 8.121804919280215e-100 
12.85542771385693 9.463026047937204e-100 
12.86743371685843 1.102638551542062e-99 
12.87943971985993 1.284877634323438e-99 
12.89144572286143 1.497323470245128e-99 
12.90345172586293 1.74499653255586e-99 
12.91545772886443 2.033753847402437e-99 
12.92746373186593 2.370428722599631e-99 
12.93946973486743 2.762993868132611e-99 
12.95147573786893 3.220751832743759e-99 
12.96348174087044 3.754557340663047e-99 
12.97548774387194 4.377076883361662e-99 
12.98749374687344 5.103091821890337e-99 
12.99949974987494 5.949852307824643e-99 
13.01150575287644 6.937490560701692e-99 
13.02351175587794 8.089503477052043e-99 
13.03551775887944 9.43331622572945e-99 
13.04752376188094 1.100094044716655e-98 
13.05952976488244 1.282974296831349e-98 
13.07153576788394 1.496334362632815e-98 
13.08354177088544 1.745266392803899e-98 
13.09554777388694 2.035715193533422e-98 
13.10755377688844 2.374621304845031e-98 
13.11955977988995 2.770088136430587e-98 
13.13156578289145 3.231577213795667e-98 
13.14357178589295 3.770136271508344e-98 
13.15557778889445 4.398665729957942e-98 
13.16758379189595 5.13223002685827e-98 
13.17958979489745 5.988421367670386e-98 
13.19159579789895 6.987784736958799e-98 
13.20360180090045 8.154314506761791e-98 
13.21560780390195 9.516034724997932e-98 
13.22761380690345 1.110567720961316e-97 
13.23961980990495 1.296147396274042e-97 
13.25162581290645 1.512808321225516e-97 
13.26363181590795 1.765767165438637e-97 
13.27563781890946 2.061117929076253e-97 
13.28764382191095 2.405979772035194e-97 
13.29964982491246 2.808669797107727e-97 
13.31165582791396 3.278905006599753e-97 
13.32366183091546 3.828038366526943e-97 
13.33566783391696 4.469334748360836e-97 
13.34767383691846 5.218293495958495e-97 
13.35967983991996 6.093025508875981e-97 
13.37168584292146 7.114694070931646e-97 
13.38369184592296 8.308030217641445e-97 
13.39569784892446 9.701935266602466e-97 
13.40770385192596 1.133018527623134e-96 
13.41970985492746 1.323225470334336e-96 
13.43171585792896 1.545427946076142e-96 
13.44372186093047 1.805018300488622e-96 
13.45572786393197 2.108299309469248e-96 
13.46773386693347 2.462638155713273e-96 
13.47973986993497 2.876646488552748e-96 
13.49174587293647 3.360390992308533e-96 
13.50375187593797 3.925639640228133e-96 
13.51575787893947 4.586149690859894e-96 
13.52776388194097 5.358004513203639e-96 
13.53976988494247 6.260007531688525e-96 
13.55177588794397 7.314142991822506e-96 
13.56378189094547 8.54611489719103e-96 
13.57578789394697 9.985977399278291e-96 
13.58779389694847 1.166887218124989e-95 
13.59979989994997 1.363589102145793e-95 
13.61180590295148 1.593508481767092e-95 
13.62381190595298 1.862264397576833e-95 
13.63581790895448 2.176427930688003e-95 
13.64782391195598 2.543683754007808e-95 
13.65982991495748 2.973019136713109e-95 
13.67183591795898 3.47494507359837e-95 
13.68384192096048 4.061755006969417e-95 
13.69584792396198 4.747827540563451e-95 
13.70785392696348 5.549980635778349e-95 
13.71985992996498 6.487886057453395e-95 
13.73186593296648 7.58455433136601e-95 
13.74387193596798 8.866902225741652e-95 
13.75587793896949 1.036641681803579e-94 
13.76788394197099 1.211993260712017e-94 
13.77988994497248 1.417054093961425e-94 
13.79189594797399 1.656865430750925e-94 
13.80390195097549 1.93732519244935e-94 
13.81590795397699 2.265333749660746e-94 
13.82791395697849 2.648964538159555e-94 
13.83991995997999 3.097663751241724e-94 
13.85192596298149 3.622484069824816e-94 
13.86393196598299 4.236358239181587e-94 
13.87593796898449 4.954419293693073e-94 
13.88794397198599 5.794375393275421e-94 
13.89994997498749 6.776948596238462e-94 
13.911955977989 7.926388487325082e-94 
13.92396198099049 9.271073446447876e-94 
13.935967983992 1.084421452991137e-93 
13.9479739869935 1.268467949642501e-93 
13.959979989995 1.483795750910287e-93 
13.9719859929965 1.735728855703862e-93 
13.983991995998 2.030498575395501e-93 
13.9959979989995 2.375398348997259e-93 
14.008004002001 2.778965005653317e-93 
14.0200100050025 3.251190997549401e-93 
14.032016008004 3.803772900721583e-93 
14.0440220110055 4.450402388340763e-93 
14.056028014007 5.20710694362282e-93 
14.0680340170085 6.092648824243352e-93 
14.08004002001 7.128992248276538e-93 
14.09204602301151 8.341850479854734e-93 
14.10405202601301 9.76132649387466e-93 
14.11605802901451 1.142266324344592e-92 
14.12806403201601 1.336712230031682e-92 
14.14007003501751 1.564301285627572e-92 
14.15207603801901 1.830689684343587e-92 
14.16408204102051 2.142500034819892e-92 
14.17608804402201 2.507486666868967e-92 
14.18809404702351 2.934729242880117e-92 
14.20010005002501 3.434859526631578e-92 
14.21210605302651 4.020326993675563e-92 
14.22411205602801 4.705709942830524e-92 
14.23611805902951 5.50807991120453e-92 
14.24812406203102 6.447428534380719e-92 
14.26013006503252 7.547167562671578e-92 
14.27213606803402 8.834714583252079e-92 
14.28414207103552 1.034217915287833e-91 
14.29614807403702 1.21071665711345e-91 
14.30815407703852 1.417371948342603e-91 
14.32016008004002 1.659342097091778e-91 
14.33216608304152 1.942668684882102e-91 
14.34417208604302 2.274427965745399e-91 
14.35617808904452 2.662908241259184e-91 
14.36818409204602 3.117817672374972e-91 
14.38019009504752 3.650527755645448e-91 
14.39219609804903 4.274358590096605e-91 
14.40420210105053 5.004913114239342e-91 
14.41620810405203 5.860468727192107e-91 
14.42821410705353 6.862436154799962e-91 
14.44022011005503 8.035897117572284e-91 
14.45222611305653 9.410234345113003e-91 
14.46423211605803 1.101986981176914e-90 
14.47623811905953 1.290512979942891e-90 
14.48824412206103 1.511325859487799e-90 
14.50025012506253 1.769960638190596e-90 
14.51225612806403 2.072902128745485e-90 
14.52426213106553 2.427748069791041e-90 
14.53626813406703 2.843400300676318e-90 
14.54827413706853 3.330288804144501e-90 
14.56028014007003 3.900634272473158e-90 
14.57228614307154 4.56875582652249e-90 
14.58429214607304 5.351431658894853e-90 
14.59629814907454 6.268321710946024e-90 
14.60830415207604 7.342463062652187e-90 
14.62031015507754 8.600850554125654e-90 
14.63231615807904 1.0075117314556e-89 
14.64432216108054 1.180233240325705e-89 
14.65632816408204 1.382593573249774e-89 
14.66833416708354 1.61968339181403e-89 
14.68034017008504 1.897468478005182e-89 
14.69234617308654 2.222940299328301e-89 
14.70435217608804 2.604292499448558e-89 
14.71635817908954 3.051127781829035e-89 
14.72836418209105 3.574700424230574e-89 
14.74037018509255 4.188200565276517e-89 
14.75237618809405 4.907087463522114e-89 
14.76438219109555 5.749480171528631e-89 
14.77638819409705 6.736615523901651e-89 
14.78839419709855 7.89338504614495e-89 
14.80040020010005 9.248964393938838e-89 
14.81240620310155 1.083755128101666e-88 
14.82441220610305 1.269923060793214e-88 
14.83641820910455 1.488098873376048e-88 
14.84842421210605 1.743790262034952e-88 
14.86043021510755 2.043453402053989e-88 
14.87243621810905 2.39465640908792e-88 
14.88444222111056 2.806270991839784e-88 
14.89644822411206 3.288697161556314e-88 
14.90845422711356 3.854126704006494e-88 
14.92046023011506 4.516852105065615e-88 
14.93246623311656 5.293628776795329e-88 
14.94447223611806 6.20409978644126e-88 
14.95647823911956 7.271293880611202e-88 
14.96848424212106 8.522209461575123e-88 
14.98049024512256 9.988499359681941e-88 
14.99249624812406 1.170727381108475e-87 
15.00450225112556 1.372204205872484e-87 
15.01650825412706 1.608381652358917e-87 
15.02851425712857 1.885240763265433e-87 
15.04052026013007 2.209794224527783e-87 
15.05252626313157 2.590264431499548e-87 
15.06453226613307 3.036292310408715e-87 
15.07653826913457 3.559182210440792e-87 
15.08854427213607 4.172189100990526e-87 
15.10055027513757 4.890855386866102e-87 
15.11255627813907 5.733405919056891e-87 
15.12456228114057 6.721211262394059e-87 
15.13656828414207 7.879331021944535e-87 
15.14857428714357 9.237151071751602e-87 
15.16058029014507 1.08291309247424e-86 
15.17258629314657 1.269568029247721e-86 
15.18459229614807 1.488418717973773e-86 
15.19659829914957 1.74502237260078e-86 
15.20860430215108 2.045896054256202e-86 
15.22061030515258 2.398682561615068e-86 
15.23261630815408 2.812345009427148e-86 
15.24462231115558 3.297395059245639e-86 
15.25662831415708 3.866160625827756e-86 
15.26863431715858 4.533099890977244e-86 
15.28064032016008 5.315169639572061e-86 
15.29264632316158 6.232257320442045e-86 
15.30465232616308 7.307687863156472e-86 
15.31665832916458 8.568818192335349e-86 
15.32866433216608 1.004773462272681e-85 
15.34067033516758 1.178207094839468e-85 
15.35267633816908 1.381596812529162e-85 
15.36468234117059 1.620120006729245e-85 
15.37668834417209 1.899849432418167e-85 
15.38869434717359 2.22790813949703e-85 
15.40070035017509 2.612651227898735e-85 
15.41270635317659 3.063879073033922e-85 
15.42471235617809 3.593087473445484e-85 
15.43671835917959 4.213761117495851e-85 
15.44872436218109 4.941717874728301e-85 
15.46073036518259 5.795512718654432e-85 
15.47273636818409 6.796911614488129e-85 
15.48474237118559 7.9714474969266e-85 
15.49674837418709 9.349072565423199e-85 
15.50875437718859 1.096492359143364e-84 
15.5207603801901 1.286021982713865e-84 
15.5327663831916 1.50833165024331e-84 
15.5447723861931 1.769094088370212e-84 
15.5567783891946 2.074964254639572e-84 
15.5687843921961 2.433749500374942e-84 
15.5807903951976 2.854609227711732e-84 
15.5927963981991 3.348289155470484e-84 
15.6048024012006 3.927396195915627e-84 
15.6168084042021 4.606720985834011e-84 
15.6288144072036 5.403616337523474e-84 
15.6408204102051 6.33844130959649e-84 
15.6528264132066 7.435082280822631e-84 
15.6648324162081 8.721564385802543e-84 
15.6768384192096 1.023076898984633e-83 
15.6888444222111 1.200127560160079e-83 
15.70085042521261 1.407834981566714e-83 
15.71285642821411 1.651510262576064e-83 
15.72486243121561 1.93738508482379e-83 
15.73686843421711 2.272771355915645e-83 
15.74887443721861 2.666248550818899e-83 
15.76088044022011 3.127883558552424e-83 
15.77288644322161 3.669488676626565e-83 
15.78489244622311 4.304924375550665e-83 
15.79689844922461 5.050454605826107e-83 
15.80890445222611 5.92516376976247e-83 
15.82091045522761 6.951446064924422e-83 
15.83291645822911 8.15557976580664e-83 
15.84492246123061 9.568401193301675e-83 
15.85692846423212 1.122609568385216e-82 
15.86893446723362 1.317112587781466e-82 
15.88094047023512 1.545332117692817e-82 
15.89294647323662 1.813115636476103e-82 
15.90495247623812 2.127325224829923e-82 
15.91695847923962 2.49601368886871e-82 
15.92896448224112 2.928631269157765e-82 
15.94097048524262 3.436268249521011e-82 
15.95297648824412 4.03193970298531e-82 
15.96498249124562 4.73091969635351e-82 
15.97698849424712 5.551133547532105e-82 
15.98899449724862 6.513618223667368e-82 
16.00100050025013 7.643062721859869e-82 
16.01300650325162 8.968442332923915e-82 
16.02501250625313 1.052376310539216e-81 
16.03701850925463 1.234893566402633e-81 
16.04902451225613 1.449080086761328e-81 
16.06103051525763 1.700433370065995e-81 
16.07303651825913 1.995405638355338e-81 
16.08504252126063 2.341569707417096e-81 
16.09704852426213 2.747813685976027e-81 
16.10905452726363 3.224569516429389e-81 
16.12106053026513 3.784081241497843e-81 
16.13306653326664 4.44071990470407e-81 
16.14507253626813 5.211353194236086e-81 
16.15707853926963 6.115779350497792e-81 
16.16908454227114 7.177236513893857e-81 
16.18109054527264 8.423000633875723e-81 
16.19309654827414 9.885087343168339e-81 
16.20510255127564 1.160107588131894e-80 
16.21710855427714 1.361507629843623e-80 
16.22911455727864 1.597886486444429e-80 
16.24112056028014 1.87532169467305e-80 
16.25312656328164 2.200947171170217e-80 
16.26513256628314 2.583136898496758e-80 
16.27713856928464 3.031720562501446e-80 
16.28914457228614 3.558236700765452e-80 
16.30115057528764 4.176229889600137e-80 
16.31315657828915 4.901599633329782e-80 
16.32516258129064 5.753009953699884e-80 
16.33716858429214 6.752370243677676e-80 
16.34917458729365 7.925399789121598e-80 
16.36118059029515 9.302290521309044e-80 
16.37318659329665 1.0918485098925e-79 
16.38519259629815 1.281559039534972e-79 
16.39719859929965 1.504244996288083e-79 
16.40920460230115 1.765640315023198e-79 
16.42121060530265 2.072476336935979e-79 
16.43321660830415 2.432655366696684e-79 
16.44522261130565 2.855454440120947e-79 
16.45722861430716 3.351764562700141e-79 
16.46923461730865 3.934371595559159e-79 
16.48124062031015 4.618286041271525e-79 
16.49324662331166 5.421130245277924e-79 
16.50525262631316 6.363593012095139e-79 
16.51725862931466 7.469963377434241e-79 
16.52926463231616 8.768757322824644e-79 
16.54127063531766 1.02934536212748e-78 
16.55327663831916 1.208335782302597e-78 
16.56528264132066 1.41846167025424e-78 
16.57728864432216 1.665140937722227e-78 
16.58929464732366 1.954734587554436e-78 
16.60130065032516 2.294710929567061e-78 
16.61330665332666 2.693838399369905e-78 
16.62531265632816 3.162411963680456e-78 
16.63731865932967 3.712518964184361e-78 
16.64932466233117 4.358351271944755e-78 
16.66133066533267 5.116571822121016e-78 
16.67333666833417 6.006745005336544e-78 
16.68534267133567 7.051842043851059e-78 
16.69734867433717 8.278834420514174e-78 
16.70935467733867 9.719390706532069e-78 
16.72136068034017 1.141069480935922e-77 
16.73336668334167 1.339640680381439e-77 
16.74537268634317 1.572779119918318e-77 
16.75737868934467 1.84650418281738e-77 
16.76938469234617 2.167883763237636e-77 
16.78139069534767 2.545216959516016e-77 
16.79339669834918 2.988248609155123e-77 
16.80540270135068 3.50842121673986e-77 
16.81740870435218 4.119170794063166e-77 
16.82941470735368 4.836274268646452e-77 
16.84142071035518 5.678257452062501e-77 
16.85342671335668 6.666874127609456e-77 
16.86543271635818 7.827668658584873e-77 
16.87743871935968 9.190636681402131e-77 
16.88944472236118 1.079100098814232e-76 
16.90145072536268 1.267012268669308e-76 
16.91345672836418 1.487657123073507e-76 
16.92546273136568 1.7467381027341e-76 
16.93746873436718 2.050952716355177e-76 
16.94947473736868 2.40816584703169e-76 
16.96148074037018 2.827613280983569e-76 
16.97348674337169 3.320140730351483e-76 
16.98549274637319 3.898484541555335e-76 
16.99749874937469 4.577601361012128e-76 
17.00950475237619 5.375055298840211e-76 
17.02151075537769 6.311472621453168e-76 
17.03351675837919 7.411075754325828e-76 
17.04552276138069 8.702310432103946e-76 
17.05752876438219 1.021858224796355e-75 
17.06953476738369 1.199912169035428e-75 
17.08154077038519 1.409000008657193e-75 
17.09354677338669 1.654532278543771e-75 
17.10555277638819 1.942863050724976e-75 
17.1175587793897 2.281454518738153e-75 
17.1295647823912 2.679070298052706e-75 
17.14157078539269 3.146002454019681e-75 
17.1535767883942 3.694338143595235e-75 
17.1655827913957 4.338272784610039e-75 
17.1775887943972 5.094477873287203e-75 
17.1895947973987 5.982532988380492e-75 
17.2016008004002 7.025433185516938e-75 
17.2136068034017 8.250184941316443e-75 
17.2256128064032 9.688506104411158e-75 
17.2376188094047 1.137764800925635e-74 
17.2496248124062 1.336136107869114e-74 
17.26163081540771 1.569102896489337e-74 
17.27363681840921 1.842700065238195e-74 
17.2856428214107 2.164015508465066e-74 
17.29764882441221 2.541373891131649e-74 
17.30965482741371 2.984552504209385e-74 
17.32166083041521 3.505034802161701e-74 
17.33366683341671 4.116308202145424e-74 
17.34567283641821 4.834213873671849e-74 
17.35767883941971 5.677357597301591e-74 
17.36968484242121 6.667592356578753e-74 
17.38169084542271 7.830585190037973e-74 
17.39369684842421 9.196483018140721e-74 
17.40570285142572 1.080069473027162e-73 
17.41770885442721 1.268480983624391e-73 
17.42971485742871 1.489767753359216e-73 
17.44172086043022 1.749667420844892e-73 
17.45372686343172 2.054919228230209e-73 
17.46573286643321 2.4134389066628e-73 
17.47773886943472 2.834524104174686e-73 
17.48974487243622 3.329095691082865e-73 
17.50175087543772 3.909981210105621e-73 
17.51375687843922 4.592247833385148e-73 
17.52576288144072 5.393593474947295e-73 
17.53776888444222 6.334806218264234e-73 
17.54977488744372 7.44030399380741e-73 
17.56178089044522 8.738768526945763e-73 
17.57378689344672 1.026389002648851e-72 
17.58579289644823 1.205524196230325e-72 
17.59779889944972 1.415930866160809e-72 
17.60980490245122 1.663069242567772e-72 
17.62181090545273 1.953353153512678e-72 
17.63381690845423 2.294316599401544e-72 
17.64582291145573 2.694809430335566e-72 
17.65782891445723 3.165227212071344e-72 
17.66983491745873 3.717781255132313e-72 
17.68184092046023 4.366815825869735e-72 
17.69384692346173 5.12918078508022e-72 
17.70585292646323 6.024669341065951e-72 
17.71785892946473 7.076532297273378e-72 
17.72986493246623 8.312082163924211e-72 
17.74187093546773 9.763402840122105e-72 
17.75387693846923 1.146818331859497e-71 
17.76588294147074 1.347069709096824e-71 
17.77788894447224 1.582295272120684e-71 
17.78989494747374 1.858604550724343e-71 
17.80190095047524 2.183174538171008e-71 
17.81390695347674 2.564436234825852e-71 
17.82591295647824 3.012293797015568e-71 
17.83791895947974 3.538381991062032e-71 
17.84992496248124 4.156368649054139e-71 
17.86193096548274 4.882309993823649e-71 
17.87393696848424 5.735068076259693e-71 
17.88594297148574 6.736801184347946e-71 
17.89794897448724 7.913539982234954e-71 
17.90995497748874 9.29586436863799e-71 
17.92196098049025 1.091969866513775e-70 
17.93396698349175 1.282724582456006e-70 
17.94597298649325 1.506808496796911e-70 
17.95797898949475 1.770046080998522e-70 
17.96998499249625 2.079279852691665e-70 
17.98199099549775 2.44254834906397e-70 
17.99399699849925 2.869295218611707e-70 
18.00600300150075 3.37061487314949e-70 
18.01800900450225 3.959541093787281e-70 
18.03001500750375 4.651386102902574e-70 
18.04202101050525 5.464138928088298e-70 
18.05402701350675 6.418933427872471e-70 
18.06603301650825 7.54059816290194e-70 
18.07803901950975 8.858302427515791e-70 
18.09004502251126 1.040631526072941e-69 
18.10205102551276 1.222489719785027e-69 
18.11405702851426 1.436134798091102e-69 
18.12606303151576 1.687123750790983e-69 
18.13806903451726 1.98198520733325e-69 
18.15007503751876 2.328389355995758e-69 
18.16208104052026 2.735347583064439e-69 
18.17408704352176 3.213447031037657e-69 
18.18609304652326 3.775126184503804e-69 
18.19809904952476 4.434998661130094e-69 
18.21010505252626 5.210233641016963e-69 
18.22211105552776 6.121002843247067e-69 
18.23411705852926 7.191005692251885e-69 
18.24612306153077 8.448086353825931e-69 
18.25812906453227 9.924958714342994e-69 
18.27013506753377 1.166005818937073e-68 
18.28214107053527 1.369854255276265e-68 
18.29414707353677 1.609346786058869e-68 
18.30615307653827 1.890717010718914e-68 
18.31815907953977 2.221288861216525e-68 
18.33016508254127 2.60966734370463e-68 
18.34217108554277 3.065962653295912e-68 
18.35417708854427 3.602053501889553e-68 
18.36618309154577 4.23189652109385e-68 
18.37818909454727 4.971889803259479e-68 
18.39019509754878 5.84130005483765e-68 
18.40220110055028 6.862764494499818e-68 
18.41420710355177 8.062880576946444e-68 
18.42621310655328 9.472898912909253e-68 
18.43821910955478 1.112953744622934e-67 
18.45022511255628 1.307593811024382e-67 
18.46223111555778 1.536279090049381e-67 
18.47423711855928 1.804965466587369e-67 
18.48624312156078 2.120650904963781e-67 
18.49824912456228 2.49155780389698e-67 
18.51025512756378 2.927347266433138e-67 
18.52226113056528 3.439370871230929e-67 
18.53426713356679 4.040966509529018e-67 
18.54627313656828 4.747806001315881e-67 
18.55827913956978 5.57830355461582e-67 
18.57028514257129 6.554095718640442e-67 
18.58229114557279 7.700605346234808e-67 
18.59429714857428 9.047704272226696e-67 
18.60630315157579 1.063049198914152e-66 
18.61830915457729 1.249021062746416e-66 
18.63031515757879 1.467532010316887e-66 
18.64232116058029 1.724276147338588e-66 
18.65432716358179 2.025944145086501e-66 
18.66633316658329 2.380397679746744e-66 
18.67833916958479 2.796874409684466e-66 
18.69034517258629 3.286228837370138e-66 
18.70235117558779 3.861215338953317e-66 
18.7143571785893 4.536820744685249e-66 
18.72636318159079 5.330655146284351e-66 
18.73836918459229 6.263411126659889e-66 
18.7503751875938 7.359403392818487e-66 
18.7623811905953 8.647202890882614e-66 
18.7743871935968 1.0160381947721e-65 
18.7863931965983 1.193838988109428e-65 
18.7983991995998 1.402758192509655e-65 
18.8104052026013 1.648242831891791e-65 
18.8224112056028 1.936693510903058e-65 
18.8344172086043 2.275631374057757e-65 
18.8464232116058 2.673894300729456e-65 
18.85842921460731 3.141867456027171e-65 
18.8704352176088 3.691754214351909e-65 
18.8824412206103 4.337894526280224e-65 
18.89444722361181 5.097139037875374e-65 
18.90645322661331 5.989288726924996e-65 
18.91845922961481 7.037611530953734e-65 
18.93046523261631 8.269449451826228e-65 
18.94247123561781 9.716931983832516e-65 
18.95447723861931 1.141781448802381e-64 
18.96648324162081 1.341646339774072e-64 
18.97848924462231 1.576501397395037e-64 
18.99049524762381 1.852473083431511e-64 
19.00250125062531 2.176760677453055e-64 
19.01450725362681 2.557824162269215e-64 
19.02651325662831 3.00560501798093e-64 
19.03851925962982 3.531785689309519e-64 
19.05052526263132 4.150094500780605e-64 
19.06253126563282 4.876663981200586e-64 
19.07453726863432 5.730451953674928e-64 
19.08654327163582 6.733736386619599e-64 
19.09854927463732 7.912696927634408e-64 
19.11055527763882 9.298098306069519e-64 
19.12256128064032 1.092609345077437e-63 
19.13456728364182 1.283916729638799e-63 
19.14657328664332 1.508724592631106e-63 
19.15857928964482 1.772900001921064e-63 
19.17058529264632 2.08333766413957e-63 
19.18259129564782 2.448139939228791e-63 
19.19459729864932 2.876828392036783e-63 
19.20660330165082 3.380592406558724e-63 
19.21860930465233 3.972581356659967e-63 
19.23061530765383 4.668247965030164e-63 
19.24262131065533 5.485751819447621e-63 
19.25462731365683 6.446433587129236e-63 
19.26663331665833 7.57537231507992e-63 
19.27863931965983 8.902040375212956e-63 
19.29064532266133 1.046107316432736e-62 
19.30265132566283 1.229317366748393e-62 
19.31465732866433 1.444617551729105e-62 
19.32666333166583 1.697629232320495e-62 
19.33866933466733 1.994958591242455e-62 
19.35067533766883 2.344369184455169e-62 
19.36268134067033 2.754984728543203e-62 
19.37468734367184 3.237527422724154e-62 
19.38669334667334 3.80459803284999e-62 
19.39869934967484 4.471005056204844e-62 
19.41070535267634 5.254151568645781e-62 
19.42271135567784 6.174489863218356e-62 
19.43471735867934 7.256055761221067e-62 
19.44672336168084 8.527096559116405e-62 
19.45872936468234 1.002080902213675e-61 
19.47073536768384 1.177620671190193e-61 
19.48274137068534 1.38391393160615e-61 
19.49474737368684 1.62634906212948e-61 
19.50675337668834 1.911258644083852e-61 
19.51875937968985 2.246084929617485e-61 
19.53076538269135 2.639574310311978e-61 
19.54277138569284 3.102005869398357e-61 
19.55477738869435 3.645459991798786e-61 
19.56678339169585 4.284134053473626e-61 
19.57878939469735 5.034713442411841e-61 
19.59079539769885 5.916807610247906e-61 
19.60280140070035 6.953462553753582e-61 
19.61480740370185 8.171763123805867e-61 
19.62681340670335 9.60354090813747e-61 
19.63881940970485 1.128620619466217e-60 
19.65082541270635 1.326372576663499e-60 
19.66283141570786 1.558777209421664e-60 
19.67483741870936 1.831907396890545e-60 
19.68684342171085 2.152900389500775e-60 
19.69884942471236 2.530144374363058e-60 
19.71085542771386 2.973497745154779e-60 
19.72286143071536 3.494546810006461e-60 
19.73486743371686 4.10690867614178e-60 
19.74687343671836 4.82658723152649e-60 
19.75887943971986 5.67239153245191e-60 
19.77088544272136 6.666427538145972e-60 
19.78289144572286 7.834676051868915e-60 
19.79489744872436 9.207671982698972e-60 
19.80690345172586 1.08213026923356e-59 
19.81890945472736 1.271774630607833e-59 
19.83091545772886 1.494657452817315e-59 
19.84292146073037 1.756604880474191e-59 
19.85492746373187 2.064464373511094e-59 
19.86693346673336 2.42628375768638e-59 
19.87893946973487 2.851521667690253e-59 
19.89094547273637 3.351294887303271e-59 
19.90295147573787 3.938669056297606e-59 
19.91495747873937 4.629000348283708e-59 
19.92696348174087 5.440337057178139e-59 
19.93896948474237 6.393891597297032e-59 
19.95097548774387 7.514595264278799e-59 
19.96298149074537 8.831750269318454e-59 
19.97498749374687 1.037979610421896e-58 
19.98699349674838 1.219921028613653e-58 
19.99899949974987 1.433756704690313e-58 
20.01100550275137 1.685078166446955e-58 
20.02301150575288 1.980457299148512e-58 
20.03501750875438 2.327618244544701e-58 
20.04702351175588 2.735639443564542e-58 
20.05902951475738 3.215191108994339e-58 
20.07103551775888 3.778814341571761e-58 
20.08304152076038 4.441249192671801e-58 
20.09504752376188 5.219820257641887e-58 
20.10705352676338 6.134889889390692e-58 
20.11905952976488 7.210390891457318e-58 
20.13106553276639 8.474452629806659e-58 
20.14307153576788 9.96013694746118e-58 
20.15507753876938 1.170630313978923e-57 
20.16708354177089 1.375862462605241e-57 
20.17908954477239 1.617078392309453e-57 
20.19109554777389 1.900587719376856e-57 
20.20310155077539 2.233806512801801e-57 
20.21510755377689 2.625451336205785e-57 
20.22711355677839 3.085767321963697e-57 
20.23911955977989 3.626796246731872e-57 
20.25112556278139 4.262691624631023e-57 
20.26313156578289 5.010089065074102e-57 
20.27513756878439 5.888541588867046e-57 
20.28714357178589 6.921031296625798e-57 
20.29914957478739 8.134570782268044e-57 
20.3111555777889 9.560910033686047e-57 
20.3231615807904 1.123736732420301e-56 
20.3351675837919 1.32078058443677e-56 
20.3471735867934 1.552378163904559e-56 
20.3591795897949 1.824589289952646e-56 
20.3711855927964 2.14453659319266e-56 
20.3831915957979 2.520591931955851e-56 
20.3951975987994 2.962595508043782e-56 
20.4072036018009 3.482113418242769e-56 
20.4192096048024 4.092740384188695e-56 
20.4312156078039 4.810455586062904e-56 
20.4432216108054 5.654040916029559e-56 
20.4552276138069 6.645572601704029e-56 
20.4672336168084 7.810999071073831e-56 
20.4792396198099 9.180820188492331e-56 
20.49124562281141 1.079088564577373e-55 
20.50325162581291 1.268333341255611e-55 
20.51525762881441 1.490769281768788e-55 
20.52726363181591 1.752218114449068e-55 
20.53926963481741 2.059522769027573e-55 
20.55127563781891 2.420726519716997e-55 
20.56328164082041 2.845283556316658e-55 
20.57528764382191 3.344306497275129e-55 
20.58729364682341 3.930857326105768e-55 
20.59929964982491 4.620289369768757e-55 
20.61130565282641 5.43064927439856e-55 
20.62331165582791 6.383149505084402e-55 
20.63531765882941 7.5027237434649e-55 
20.64732366183092 8.818679728061325e-55 
20.65932966483242 1.036546663442303e-54 
20.67133566783392 1.218357709215109e-54 
20.68334167083542 1.432060746229269e-54 
20.69534767383692 1.683250414384218e-54 
20.70735367683842 1.97850285507415e-54 
20.71935967983992 2.325547912849725e-54 
20.73136568284142 2.733471551238222e-54 
20.74337168584292 3.21295378435597e-54 
20.75537768884442 3.776548356271097e-54 
20.76738369184592 4.439011493660209e-54 
20.77938969484742 5.217688342801819e-54 
20.79139569784893 6.13296721304278e-54 
20.80340170085043 7.208813525153988e-54 
20.81540770385192 8.473397450998855e-54 
20.82741370685343 9.959831685382167e-54 
20.83941970985493 1.170703867613943e-53 
20.85142571285643 1.376077003006703e-53 
20.86343171585793 1.617480479904952e-53 
20.87543771885943 1.901235803717871e-53 
20.88744372186093 2.234773652858065e-53 
20.89944972486243 2.626828506142879e-53 
20.91145572786393 3.087667423591642e-53 
20.92346173086543 3.629358974226878e-53 
20.93546773386693 4.266089356368666e-53 
20.94747373686843 5.01453399240798e-53 
20.95947973986993 5.894294333560575e-53 
20.97148574287144 6.928411318729044e-53 
20.98349174587294 8.143968940114468e-53 
20.99549774887443 9.572803729257791e-53 
21.00750375187594 1.125233875263137e-52 
21.01950975487744 1.322656396848121e-52 
21.03151575787894 1.55471886318462e-52 
21.04352176088044 1.82749959430681e-52 
21.05552776388194 2.148143543481415e-52 
21.06753376688344 2.525049482256478e-52 
21.07953976988494 2.968090036695567e-52 
21.09154577288644 3.488870340525301e-52 
21.10355177588794 4.101032082922493e-52 
21.11555777888945 4.820610918300191e-52 
21.12756378189095 5.666456603900974e-52 
21.13956978489244 6.660726874926142e-52 
21.15157578789395 7.829467999411134e-52 
21.16358179089545 9.203297226754552e-52 
21.17558779389695 1.081820501426762e-51 
21.18759379689845 1.271649805533256e-51 
21.19959979989995 1.494790782303097e-51 
21.21160580290145 1.757089368116173e-51 
21.22361180590295 2.065417471412903e-51 
21.23561780890445 2.427853042192543e-51 
21.24762381190595 2.853891747351098e-51 
21.25962981490746 3.354695799603629e-51 
21.27163581790895 3.943386461574325e-51 
21.28364182091045 4.635387891430015e-51 
21.29564782391196 5.448831342190339e-51 
21.30765382691346 6.405030308851258e-51 
21.31965982991496 7.529039077182461e-51 
21.33166583291646 8.850309314259545e-51 
21.34367183591796 1.040346191078456e-50 
21.35567783891946 1.222919430641234e-50 
21.36768384192096 1.437534708084307e-50 
21.37968984492246 1.689815776847888e-50 
21.39169584792396 1.986373476243649e-50 
21.40370185092547 2.334978994334107e-50 
21.41570785392696 2.744767545087254e-50 
21.42771385692846 3.226477798932964e-50 
21.43971985992997 3.792733343157584e-50 
21.45172586293147 4.458373550439903e-50 
21.46373186593297 5.240842529146587e-50 
21.47573786893447 6.160646351732391e-50 
21.48774387193597 7.241890547657287e-50 
21.49974987493747 8.512911951577047e-50 
21.51175587793897 1.000702147136523e-49 
21.52376188094047 1.176337724865059e-49 
21.53576788394197 1.382801110326243e-49 
21.54777388694347 1.625503517191477e-49 
21.55977988994497 1.910806037601588e-49 
21.57178589294647 2.246186390755672e-49 
21.58379189594798 2.640434945125565e-49 
21.59579789894947 3.103885153673962e-49 
21.60780390195097 3.648684443780928e-49 
21.61980990495248 4.289112664339567e-49 
21.63181590795398 5.041956439485174e-49 
21.64382191095548 5.926949244375667e-49 
21.65582791395698 6.967288741789756e-49 
21.66783391695848 8.190244944248873e-49 
21.67983991995998 9.627875148031491e-49 
21.69184592296148 1.13178643852959e-48 
21.70385192596298 1.33045134319901e-48 
21.71585792896448 1.563990027862945e-48 
21.72786393196598 1.83852455198472e-48 
21.73986993496748 2.161251746617379e-48 
21.75187593796898 2.540631906803125e-48 
21.76388194097049 2.986610613232176e-48 
21.77588794397199 3.510879500008214e-48 
21.78789394697349 4.127182806734274e-48 
21.79989994997499 4.851677753846435e-48 
21.81190595297649 5.703358191676358e-48 
21.82391195597799 6.704552633142072e-48 
21.83591795897949 7.881509730774938e-48 
21.84792396198099 9.26508655215953e-48 
21.85992996498249 1.089155770394723e-47 
21.87193596798399 1.280356652412374e-47 
21.88394197098549 1.505124328830384e-47 
21.89594797398699 1.769351975623379e-47 
21.90795397698849 2.0799674534305e-47 
21.91995997999 2.445114978380712e-47 
21.9319659829915 2.874368692167764e-47 
21.943971985993 3.378983732733582e-47 
21.9559779889945 3.972191390530149e-47 
21.967983991996 4.669546091672285e-47 
21.9799899949975 5.489333308701405e-47 
21.991995997999 6.453049097814969e-47 
22.0040020010005 7.5859638402026e-47 
22.016008004002 8.917784973855302e-47 
22.0280140070035 1.048343609882281e-46 
22.040020010005 1.232397289150566e-46 
22.0520260130065 1.448765985226755e-46 
22.064032016008 1.703123612958809e-46 
22.07603801900951 2.002140362383125e-46 
22.088044022011 2.353657640460269e-46 
22.10005002501251 2.766893733058881e-46 
22.11205602801401 3.252685581955449e-46 
22.12406203101551 3.823773019025782e-46 
22.13606803401701 4.495132913598363e-46 
22.14807403701851 5.284371998342543e-46 
22.16008004002001 6.212188678430467e-46 
22.17208604302151 7.302915938429118e-46 
22.18409204602301 8.585159588930506e-46 
22.19609804902451 1.009254859613538e-45 
22.20810405202601 1.186461717809573e-45 
22.22011005502752 1.394784180824657e-45 
22.23211605802901 1.639686033092231e-45 
22.24412206103052 1.927590517139311e-45 
22.25612806403202 2.266048823993731e-45 
22.26813406703352 2.663938173297174e-45 
22.28014007003502 3.131694679756531e-45 
22.29214607303652 3.681587115246805e-45 
22.30415207603802 4.328038748858502e-45 
22.31615807903952 5.088005708616319e-45 
22.32816408204102 5.98142179158441e-45 
22.34017008504252 7.031721392531241e-45 
22.35217608804402 8.266454271003723e-45 
22.36418209104552 9.718008286341805e-45 
22.37618809404702 1.14244590630843e-44 
22.38819409704853 1.343056887971456e-44 
22.40020010005003 1.578896098916938e-44 
22.41220610305152 1.856150018273559e-44 
22.42421210605303 2.182091582068577e-44 
22.43621810905453 2.565270991527379e-44 
22.44822411205603 3.015740033148663e-44 
22.46023011505753 3.545315796452214e-44 
22.47223611805903 4.16789070911065e-44 
22.48424212106053 4.899797024578568e-44 
22.49624812406203 5.76023532621925e-44 
22.50825412706353 6.771778291799767e-44 
22.52026013006503 7.960962937166799e-44 
22.53226613306653 9.358986879759108e-44 
22.54427213606803 1.100252689229378e-43 
22.55627813906953 1.293470122612274e-43 
22.56828414207104 1.520620095661742e-43 
22.58029014507254 1.787662003852366e-43 
22.59229614807404 2.1016018973949e-43 
22.60430215107554 2.470676312636565e-43 
22.61630815407704 2.904568392164053e-43 
22.62831415707854 3.414661965081202e-43 
22.64032016008004 4.014340255152527e-43 
22.65232616308154 4.719337055718866e-43 
22.66433216608304 5.548149587243024e-43 
22.67633816908454 6.522523872172192e-43 
22.68834417208604 7.668025365000442e-43 
22.70035017508754 9.014709812932139e-43 
22.71235617808905 1.059791195311627e-42 
22.72436218109054 1.245917274508858e-42 
22.73636818409205 1.464732947300065e-42 
22.74837418709355 1.721979732686919e-42 
22.76038019009505 2.024407609764968e-42 
22.77238619309655 2.379952152933968e-42 
22.78439219609805 2.797942781763995e-42 
22.79639819909955 3.289347591127952e-42 
22.80840420210105 3.867061187331437e-42 
22.82041020510255 4.546243084756343e-42 
22.83241620810405 5.344715544615798e-42 
22.84442221110555 6.283431297630723e-42 
22.85642821410705 7.38702342673871e-42 
22.86843421710855 8.684451842484955e-42 
22.88044022011006 1.020976331913364e-41 
22.89244622311156 1.200298504033219e-41 
22.90445222611306 1.41111751076097e-41 
22.91645822911456 1.658965758509034e-41 
22.92846423211606 1.950347449771198e-41 
22.94047023511756 2.292909289512004e-41 
22.95247623811906 2.695641178875808e-41 
22.96448224112056 3.169112164126689e-41 
22.97648824412206 3.725747834178075e-41 
22.98849424712356 4.380156448102454e-41 
23.00050025012506 5.149512353190803e-41 
23.01250625312656 6.054006758040463e-41 
23.02451225612806 7.117377693271232e-41 
23.03651825912956 8.367533071221781e-41 
23.04852426213106 9.83728319993615e-41 
23.06053026513257 1.156520198007634e-40 
23.07253626813407 1.359663939152758e-40 
23.08454227113557 1.598491184808739e-40 
23.09654827413707 1.879270166802021e-40 
23.10855427713857 2.209370239800866e-40 
23.12056028014007 2.597455318227105e-40 
23.13256628314157 3.053711295679867e-40 
23.14457228614307 3.590113417002281e-40 
23.15657828914457 4.220740621998283e-40 
23.16858429214607 4.962145112961937e-40 
23.18059029514757 5.833786847993437e-40 
23.19259629814907 6.858544366609892e-40 
23.20460230115058 8.063315358169654e-40 
23.21660830415207 9.479722739733628e-40 
23.22861430715358 1.114494478004856e-39 
23.24062031015508 1.310269106308802e-39 
23.25262631315658 1.540434991353797e-39 
23.26463231615808 1.811033740830246e-39 
23.27663831915958 2.1291683390731e-39 
23.28864432216108 2.503189612680478e-39 
23.30065032516258 2.942915455834904e-39 
23.31265632816408 3.459888570956263e-39 
23.32466233116558 4.067679491562107e-39 
23.33666833416708 4.782242843134896e-39 
23.34867433716859 5.622336195616312e-39 
23.36068034017008 6.610012504570093e-39 
23.37268634317159 7.771199070231042e-39 
23.38469234617309 9.136378215325252e-39 
23.39669834917459 1.074138755335661e-38 
23.40870435217609 1.262836085914046e-38 
23.42071035517759 1.484683424518272e-38 
23.43271635817909 1.745504668799783e-38 
23.44472236118059 2.052146905160929e-38 
23.45672836418209 2.412660175529252e-38 
23.46873436718359 2.836508828665347e-38 
23.48074037018509 3.334820005462919e-38 
23.49274637318659 3.920675782773787e-38 
23.50475237618809 4.609456646695366e-38 
23.5167583791896 5.419245314099001e-38 
23.5287643821911 6.371301505849785e-38 
23.5407703851926 7.490620138287182e-38 
23.5527763881941 8.806587590028528e-38 
23.5647823911956 1.035375327654959e-37 
23.5767883941971 1.217273679292126e-37 
23.5887943971986 1.431129444505768e-37 
23.6008004002001 1.682557317534988e-37 
23.6128064032016 1.978158480954056e-37 
23.6248124062031 2.325693933737525e-37 
23.6368184092046 2.734288274188868e-37 
23.6488244122061 3.214669288979762e-37 
23.6608304152076 3.779449639841264e-37 
23.6728364182091 4.443458044969733e-37 
23.6848424212106 5.224128651993859e-37 
23.69684842421211 6.14195882753088e-37 
23.70885442721361 7.221047385075151e-37 
23.72086043021511 8.489727385398586e-37 
23.73286643321661 9.981310127280345e-37 
23.74487243621811 1.173495986645241e-36 
23.75687843921961 1.37967222338405e-36 
23.76888444222111 1.622073336066632e-36 
23.78089044522261 1.907064146377252e-36 
23.79289644822411 2.242127822428163e-36 
23.80490245122561 2.636062385295402e-36 
23.81690845422711 3.099211744867194e-36 
23.82891445722861 3.643737332492865e-36 
23.84092046023012 4.283937464122718e-36 
23.85292646323161 5.036622821193341e-36 
23.86493246623312 5.92155791036351e-36 
23.87693846923462 6.961980096054709e-36 
23.88894447223612 8.185209837111824e-36 
23.90095047523762 9.62336815428661e-36 
23.91295647823912 1.13142201715765e-35 
23.92496248124062 1.330216688569805e-35 
23.93696848424212 1.563941121111212e-35 
23.94897448724362 1.838732892530585e-35 
23.96098049024512 2.161808052070351e-35 
23.97298649324662 2.54165062969848e-35 
23.98499249624813 2.988235446693419e-35 
23.99699849924962 3.513290079564076e-35 
24.00900450225113 4.13060285766632e-35 
24.02101050525263 4.856384983979874e-35 
24.03301650825413 5.709696290094858e-35 
24.04502251125563 6.712945807867143e-35 
24.05702851425713 7.89248030534054e-35 
24.06903451725863 9.279276245021593e-35 
24.08104052026013 1.090975333912161e-34 
24.09304652326163 1.282673107030883e-34 
24.10505252626313 1.508055330174068e-34 
24.11705852926463 1.773041051531588e-34 
24.12906453226613 2.084589440817978e-34 
24.14107053526763 2.450882568089723e-34 
24.15307653826913 2.881540302670457e-34 
24.16508254127064 3.387872976837372e-34 
24.17708854427213 3.983178450910307e-34 
24.18909454727364 4.683091382708042e-34 
24.20110055027514 5.505993875633131e-34 
24.21310655327664 6.473498291940566e-34 
24.22511255627814 7.611014913391313e-34 
24.23711855927964 8.948419360287861e-34 
24.24912456228114 1.052083730038595e-33 
24.26113056528264 1.236956706021568e-33 
24.27313656828414 1.454316437386617e-33 
24.28514257128564 1.70987177634563e-33 
24.29714857428714 2.010334805322094e-33 
24.30915457728864 2.36359714069435e-33 
24.32116058029014 2.778937220104004e-33 
24.33316658329165 3.267264018480998e-33 
24.34517258629315 3.841403594904118e-33 
24.35717858929465 4.516435997570031e-33 
24.36918459229615 5.310091377044677e-33 
24.38119059529765 6.24321571337286e-33 
24.39319659829915 7.340318391388043e-33 
24.40520260130065 8.630216008739955e-33 
24.41720860430215 1.014678932923189e-32 
24.42921460730365 1.192987326645042e-32 
24.44122061030515 1.402630327746932e-32 
24.45322661330665 1.649114565543275e-32 
24.46523261630815 1.938914404102597e-32 
24.47723861930966 2.279642015315154e-32 
24.48924462231115 2.680247341778506e-32 
24.50125062531266 3.151253202645221e-32 
24.51325662831416 3.705031718835868e-32 
24.52526263131566 4.356129319548402e-32 
24.53726863431716 5.121648868312508e-32 
24.54927463731866 6.021698947477548e-32 
24.56128064032016 7.079922104412734e-32 
24.57328664332166 8.324115937194906e-32 
24.58529264632316 9.786963336667978e-32 
24.59729864932466 1.150689106956335e-31 
24.60930465232616 1.352907925922193e-31 
24.62131065532767 1.590664828494747e-31 
24.63331665832916 1.870205428231346e-31 
24.64532266133067 2.198872990731294e-31 
24.65732866433217 2.585301347108332e-31 
24.66933466733367 3.039641712836601e-31 
24.68134067033517 3.573829371094217e-31 
24.69334667333667 4.201897227108174e-31 
24.70535267633817 4.940344471475108e-31 
24.71735867933967 5.808570038351831e-31 
24.72936468234117 6.829382246821829e-31 
24.74137068534267 8.02959801538082e-31 
24.75337668834417 9.440747392940134e-31 
24.76538269134567 1.109990191685968e-30 
24.77738869434717 1.305064856200076e-30 
24.78939469734867 1.534423487012105e-30 
24.80140070035018 1.804091534663436e-30 
24.81340670335167 2.121153450000851e-30 
24.82541270635318 2.49393881168315e-30 
24.83741870935468 2.932241167621903e-30 
24.84942471235618 3.447575340286404e-30 
24.86143071535768 4.05347995645053e-30 
24.87343671835918 4.765873150248208e-30 
24.88544272136068 5.603470785559141e-30 
24.89744872436218 6.588278186480387e-30 
24.90945472736368 7.74616829611844e-30 
24.92146073036518 9.107561454914803e-30 
24.93346673336668 1.070822465987071e-29 
24.94547273636818 1.259021130552852e-29 
24.95747873936968 1.480296609889662e-29 
24.96948474237119 1.740462418067126e-29 
24.98149074537269 2.04635385881617e-29 
24.99349674837419 2.406007619536346e-29 
25.00550275137569 2.828872932031617e-29 
25.01750875437719 3.32605984846123e-29 
25.02951475737869 3.910631156266164e-29 
25.04152076038019 4.597945602535076e-29 
25.05352676338169 5.40606144654011e-29 
25.06553276638319 6.356210944433177e-29 
25.07753876938469 7.473358234005686e-29 
25.08954477238619 8.786855278960852e-29 
25.10155077538769 1.033121310891888e-28 
25.1135567783892 1.214700862108684e-28 
25.12556278139069 1.428195077179482e-28 
25.1375687843922 1.679213417454217e-28 
25.1495747873937 1.974351304588148e-28 
25.1615807903952 2.321363423081199e-28 
25.1735867933967 2.729367484752582e-28 
25.1855927963982 3.20908380962665e-28 
25.1975987993997 3.773117018908771e-28 
25.2096048024012 4.436287242378765e-28 
25.2216108054027 5.216019543706888e-28 
25.2336168084042 6.132801797098592e-28 
25.2456228114057 7.210723047505446e-28 
25.25762881440721 8.47810650167466e-28 
25.2696348174087 9.968253784132518e-28 
25.28164082041021 1.172032001616299e-27 
25.29364682341171 1.378034271379539e-27 
25.30565282641321 1.620245154310615e-27 
25.31765882941471 1.905029072400522e-27 
25.32966483241621 2.239869146202546e-27 
25.34167083541771 2.633563835833411e-27 
25.35367683841921 3.096458147392186e-27 
25.36568284142071 3.640715480774177e-27 
25.37768884442221 4.280637262920151e-27 
25.38969484742371 5.033038766356077e-27 
25.40170085042521 5.917690989450046e-27 
25.41370685342671 6.957840210947838e-27 
25.42571285642821 8.180818872675515e-27 
25.43771885942972 9.618763844466426e-27 
25.44972486243121 1.130946094746229e-26 
25.46173086543272 1.329733793012415e-26 
25.47373686843422 1.5634631992778e-26 
25.48574287143572 1.83827625438525e-26 
25.49774887443722 2.161394526470734e-26 
25.50975487743872 2.541308990186311e-26 
25.52176088044022 2.988003166220737e-26 
25.53376688344172 3.513215485435192e-26 
25.54577288644322 4.130747772818973e-26 
25.55777888944472 4.856827958579378e-26 
25.56978489244622 5.71053654886924e-26 
25.58179089544772 6.714308064383157e-26 
25.59379689844922 7.894520625362697e-26 
25.60580290145073 9.282189178228122e-26 
25.61780890445223 1.091378058298949e-25 
25.62981490745373 1.283217198337788e-25 
25.64182091045523 1.508777764745857e-25 
25.65382691345673 1.773987389432246e-25 
25.66583291645823 2.085815692867869e-25 
25.67783891945973 2.452457452663227e-25 
25.68984492246123 2.883547971351895e-25 
25.70185092546273 3.390416303757068e-25 
25.71385692846423 3.986382999383528e-25 
25.72586293146573 4.687110185272275e-25 
25.73786893446723 5.511013190431957e-25 
25.74987493746874 6.479744530479297e-25 
25.76188094047023 7.618762972995571e-25 
25.77388694347174 8.958002640327772e-25 
25.78589294647324 1.053265973591009e-24 
25.79789894947474 1.238411757176534e-24 
25.80990495247624 1.456103420992934e-24 
25.82191095547774 1.712062130467134e-24 
25.83391695847924 2.013014775790768e-24 
25.84592296148074 2.366870770921877e-24 
25.85792896448224 2.782929932970328e-24 
25.86993496748374 3.272126905816216e-24 
25.88194097048524 3.847318552353323e-24 
25.89394697348675 4.523621869157652e-24 
25.90595297648824 5.318811305341555e-24 
25.91795897948974 6.253785928773129e-24 
25.92996498249125 7.353118718761865e-24 
25.94197098549274 8.645702422993552e-24 
25.95397698849425 1.016550895468335e-23 
25.96598299149575 1.195248229032477e-23 
25.97798899449725 1.405358833749264e-23 
25.98999499749875 1.652404936815029e-23 
26.00200100050025 1.942879546427291e-23 
26.01400700350175 2.284417112685509e-23 
26.02601300650325 2.685994190646504e-23 
26.03801900950475 3.158165379974972e-23 
26.05002501250625 3.713340742898474e-23 
26.06203101550775 4.366111992465129e-23 
26.07403701850926 5.133636025071179e-23 
26.08604302151075 6.03608587857363e-23 
26.09804902451226 7.097180969654063e-23 
26.11005502751376 8.344810548043475e-23 
26.12206103051526 9.811766755535609e-23 
26.13406703351676 1.153660655881994e-22 
26.14607303651826 1.356466521279197e-22 
26.15807903951976 1.594924789419956e-22 
26.17008504252126 1.875303082896913e-22 
26.18209104552276 2.204970874344048e-22 
26.19409704852426 2.592593194479002e-22 
26.20610305152576 3.048358394935103e-22 
26.21810905452726 3.584245952948912e-22 
26.23011505752876 4.214341357548963e-22 
26.24212106053027 4.955206354526222e-22 
26.25412706353177 5.826314282692041e-22 
26.26613306653327 6.850561944999886e-22 
26.27813906953477 8.054871470004455e-22 
26.29014507253627 9.470897984744994e-22 
26.30215107553777 1.11358617016574e-21 
26.31415707853927 1.309352629266377e-21 
26.32616308154077 1.539534926913656e-21 
26.33816908454227 1.810183460808226e-21 
26.35017508754377 2.128412318150408e-21 
26.36218109054527 2.502586279725382e-21 
26.37418709354677 2.94254070101094e-21 
26.38619309654828 3.459840050455343e-21 
26.39819909954977 4.068081901298891e-21 
26.41020510255128 4.783254368206722e-21 
26.42221110555278 5.624156384955185e-21 
26.43421710855428 6.612891871405457e-21 
26.44622311155578 7.775450780435982e-21 
26.45822911455728 9.142392299455423e-21 
26.47023511755878 1.074964816662414e-20 
26.48224112056028 1.263946721957585e-20 
26.49424712356178 1.486152600726602e-20 
26.50625312656328 1.747423466118968e-20 
26.51825912956478 2.054627235537977e-20 
26.53026513256628 2.415839272026887e-20 
26.54227113556778 2.840554667235051e-20 
26.55427713856928 3.339937846618752e-20 
26.56628314157079 3.927116058706564e-20 
26.57828914457228 4.617524463943522e-20 
26.59029514757379 5.429311895152811e-20 
26.60230115057529 6.383817956681795e-20 
26.61430715357679 7.506134004765034e-20 
26.62631315657829 8.825762756847468e-20 
26.63831915957979 1.037739387054263e-19 
26.65032516258129 1.220181588172355e-19 
26.66233116558279 1.4346988476114e-19 
26.67433716858429 1.686930328391375e-19 
26.68634317158579 1.983506634327523e-19 
26.69834917458729 2.332224120615449e-19 
26.7103551775888 2.742249851240519e-19 
26.72236118059029 3.224362591512467e-19 
26.7343671835918 3.79123617140299e-19 
26.7463731865933 4.457772669311433e-19 
26.7583791895948 5.241494175688739e-19 
26.7703851925963 6.16300343604931e-19 
26.7823911955978 7.246525483785789e-19 
26.7943971985993 8.520544502484189e-19 
26.8064032016008 1.001855266109846e-18 
26.8184092046023 1.177993060921038e-18 
26.8304152076038 1.38509827810716e-18 
26.8424212106053 1.628615472720934e-18 
26.8544272136068 1.914946447808453e-18 
26.8664332166083 2.25161855714486e-18 
26.87843921960981 2.647482599160151e-18 
26.89044522261131 3.112945504867208e-18 
26.90245122561281 3.660243937387484e-18 
26.91445722861431 4.303765996296215e-18 
26.92646323161581 5.06042948475934e-18 
26.93846923461731 5.950126684562014e-18 
26.95047523761881 6.996247332733783e-18 
26.96248124062031 8.226293549533667e-18 
26.97448724362181 9.672602885128684e-18 
26.98649324662331 1.137319849494621e-17 
26.99849924962481 1.337278879614518e-17 
27.01050525262631 1.572394288781627e-17 
27.02251125562782 1.848847263872246e-17 
27.03451725862931 2.173905778013406e-17 
27.04652326163082 2.556115673046557e-17 
27.05852926463232 3.005525339097711e-17 
27.07053526763382 3.533949898528895e-17 
27.08254127063532 4.155281840213574e-17 
27.09454727363682 4.885856271375618e-17 
27.10655327663832 5.744880390269687e-17 
27.11855927963982 6.75493847151871e-17 
27.13056528264132 7.942585641359244e-17 
27.14257128564282 9.339046054582109e-17 
27.15457728864432 1.098103382997712e-16 
27.16658329164582 1.291171832877407e-16 
27.17858929464732 1.518185915578519e-16 
27.19059529764882 1.785114072548765e-16 
27.20260130065033 2.098974148247655e-16 
27.21460730365182 2.468017903553767e-16 
27.22661330665333 2.901947971926542e-16 
27.23861930965483 3.412172962743985e-16 
27.25062531265633 4.012107419257389e-16 
27.26263131565783 4.71752451798853e-16 
27.27463731865933 5.546970783154669e-16 
27.28664332166083 6.52225372030628e-16 
27.29864932466233 7.669015190677208e-16 
27.31065532766383 9.017405602191939e-16 
27.32266133066533 1.060287664392926e-15 
27.33466733366683 1.246711340780928e-15 
27.34667333666833 1.465913040631083e-15 
27.35867933966983 1.723656030451062e-15 
27.37068534267134 2.026716925198021e-15 
27.38269134567284 2.383063865832575e-15 
27.39469734867434 2.802066026207894e-15 
27.40670335167584 3.294739958046726e-15 
27.41870935467734 3.874039251392135e-15 
27.43071535767884 4.555195126871951e-15 
27.44272136068034 5.356116915341477e-15 
27.45472736368184 6.297862955179128e-15 
27.46673336668334 7.405194289112693e-15 
27.47873936968484 8.707225719638602e-15 
27.49074537268634 1.023819134211279e-14 
27.50275137568784 1.203834468475644e-14 
27.51475737868935 1.415501712428665e-14 
27.52676338169085 1.664386240772415e-14 
27.53876938469235 1.957032000458465e-14 
27.55077538769385 2.301133576781083e-14 
27.56278139069535 2.705738514775719e-14 
27.57478739369685 3.181485215921708e-14 
27.58679339669835 3.740882665608173e-14 
27.59879939969985 4.398639346773289e-14 
27.61080540270135 5.172049988493783e-14 
27.62281140570285 6.081450319094191e-14 
27.63481740870435 7.15075178155502e-14 
27.64682341170585 8.408070271648543e-14 
27.65882941470735 9.886465431612546e-14 
27.67083541770885 1.162480993930011e-13 
27.68284142071035 1.366881165106474e-13 
27.69484742371186 1.607221547604415e-13 
27.70685342671336 1.889821658568914e-13 
27.71885942971486 2.222112211962862e-13 
27.73086543271636 2.612830508340437e-13 
27.74287143571786 3.072250181708358e-13 
27.75487743871936 3.612451344831408e-13 
27.76688344172086 4.247638236660565e-13 
27.77888944472236 4.994512724685802e-13 
27.79089544772386 5.872713483789281e-13 
27.80290145072536 6.90533240022254e-13 
27.81490745372686 8.11952178006948e-13 
27.82691345672836 9.547208329387943e-13 
27.83891945972987 1.12259326809396e-12 
27.85092546273136 1.319983654385544e-12 
27.86293146573287 1.552082343456149e-12 
27.87493746873437 1.824992351189115e-12 
27.88694347173587 2.14588984065747e-12 
27.89894947473737 2.523212824636664e-12 
27.91095547773887 2.966883049891414e-12 
27.92296148074037 3.488566898023315e-12 
27.93496748374187 4.101982163681009e-12 
27.94697348674337 4.823258777370271e-12 
27.95897948974487 5.67136295868391e-12 
27.97098549274637 6.668595953806298e-12 
27.98299149574787 7.841180472500213e-12 
27.99499749874937 9.219950246033963e-12 
28.00700350175088 1.084116083930361e-11 
28.01900950475238 1.274744303906362e-11 
28.03101550775388 1.498892388955427e-11 
28.04302151075538 1.76245448555072e-11 
28.05502751375688 2.072361177646138e-11 
28.06703351675838 2.436761737185937e-11 
28.07903951975988 2.865238422381906e-11 
28.09104552276138 3.369058459227998e-11 
28.10305152576288 3.961470332704317e-11 
28.11505752876438 4.658052179367061e-11 
28.12706353176588 5.477121443172567e-11 
28.13906953476738 6.440216567474833e-11 
28.15107553776889 7.572663390536117e-11 
28.16308154077038 8.904241139419412e-11 
28.17508754377189 1.046996553637072e-10 
28.18709354677339 1.231100961163049e-10 
28.19909954977489 1.447578643803319e-10 
28.21110555277639 1.702122226100009e-10 
28.22311155577789 2.001425350459056e-10 
28.23511755877939 2.353358702183083e-10 
28.24712356178089 2.767176988042265e-10 
28.25912956478239 3.253762311521272e-10 
28.27113556778389 3.825910345055803e-10 
28.28314157078539 4.498666825068058e-10 
28.29514757378689 5.289723219026327e-10 
28.30715357678839 6.219881969894362e-10 
28.31915957978989 7.313603553126702e-10 
28.3311655827914 8.599649732928765e-10 
28.34317158579289 1.011183993441984e-09 
28.3551775887944 1.188994062314863e-09 
28.3671835917959 1.398071108135011e-09 
28.3791895947974 1.643913308339364e-09 
28.3911955977989 1.932985680922644e-09 
28.4032016008004 2.272890102145819e-09 
28.4152076038019 2.672565221862307e-09 
28.4272136068034 3.142521533995822e-09 
28.4392196098049 3.695117784254119e-09 
28.4512256128064 4.344885984298934e-09 
28.4632316158079 5.108913579905389e-09 
28.47523761880941 6.007292823753708e-09 
28.4872436218109 7.06364917093376e-09 
28.49924962481241 8.305762593492215e-09 
28.51125562781391 9.766298154071123e-09 
28.52326163081541 1.148366505214505e-08 
28.53526763381691 1.350302673513425e-08 
28.54727363681841 1.587748863961524e-08 
28.55927963981991 1.866949479945744e-08 
28.57128564282141 2.195247005084891e-08 
28.58329164582291 2.581275102330711e-08 
28.59529764882441 3.035185670077928e-08 
28.60730365182591 3.568915826757279e-08 
28.61930965482741 4.196501845499832e-08 
28.63131565782891 4.934448295244298e-08 
28.64332166083042 5.80216209658709e-08 
28.65532766383192 6.82246290793401e-08 
28.66733366683342 8.02218326500469e-08 
28.67933966983492 9.432874257264548e-08 
28.69134567283642 1.109163530049753e-07 
28.70335167583792 1.304208982848757e-07 
28.71535767883942 1.533553256448693e-07 
28.72736368184092 1.803227854575026e-07 
28.73936968484242 2.120324938058969e-07 
28.75137568784392 2.49318384567162e-07 
28.76338169084542 2.931610415617501e-07 
28.77538769384692 3.447134875891749e-07 
28.78739369684843 4.053315086087006e-07 
28.79939969984992 4.766093106005631e-07 
28.81140570285143 5.604214468961394e-07 
28.82341170585293 6.589721186830418e-07 
28.83541770885443 7.74853145310929e-07 
28.84742371185593 9.111121290462243e-07 
28.85942971485743 1.071332607046208e-06 
28.87143571785893 1.259728298597094e-06 
28.88344172086043 1.48125392637884e-06 
28.89544772386193 1.741735526432063e-06 
28.90745372686343 2.048023674074605e-06 
28.91945972986493 2.408173655728509e-06 
28.93146573286643 2.831657325324803e-06 
28.94347173586793 3.329612217293472e-06 
28.95547773886943 3.915134468037849e-06 
28.96748374187094 4.603623250008989e-06 
28.97948974487243 5.413185777341771e-06 
28.99149574787394 6.365113535125479e-06 
29.00350175087544 7.484442257659145e-06 
29.01550775387694 8.800610383756599e-06 
29.02751375687844 1.034823330725387e-05 
29.03951975987994 1.216801378645648e-05 
29.05152576288144 1.430781245745152e-05 
29.06353176588294 1.68239066071912e-05 
29.07553776888444 1.978247031378969e-05 
29.08754377188594 2.326131488379771e-05 
29.09954977488744 2.73519353624711e-05 
29.11155577788895 3.216191694330061e-05 
29.12356178089044 3.781776456906118e-05 
29.13556778389195 4.446823014734696e-05 
29.14757378689345 5.228822489174708e-05 
29.15957978989495 6.148341968973711e-05 
29.17158579289645 7.229565449480506e-05 
29.18359179589795 8.50092990192786e-05 
29.19559779889945 9.995873202546345e-05 
29.20760380190095 0.0001175371359341591 
29.21960980490245 0.0001382068380652501 
29.23161580790395 0.000162511470504833 
29.24362181090545 0.0001910902684272182 
29.25562781390695 0.0002246948829463033 
29.26763381690845 0.0002642091507086785 
29.27963981990996 0.0003106723402100005 
29.29164582291146 0.0003653064862622246 
29.30365182591296 0.0004295485315674804 
29.31565782891446 0.0005050881207930551 
29.32766383191596 0.0005939120412167831 
29.33966983491746 0.0006983564788337565 
29.35167583791896 0.0008211684643819791 
29.36368184092046 0.0009655781254634412 
29.37568784392196 0.001135383645166037 
29.38769384692346 0.001335051161806906 
29.39969984992496 0.00156983223741007 
29.41170585292646 0.001845901984637607 
29.42371185592796 0.00217052148526903 
29.43571785892946 0.002552228772260429 
29.44772386193096 0.003001063398719692 
29.45972986493247 0.003528830500568347 
29.47173586793397 0.004149411298461828 
29.48374187093547 0.004879128206032119 
29.49574787393697 0.005737174147829461 
29.50775387693847 0.006746117379253054 
29.51975987993997 0.007932495086699017 
29.53176588294147 0.00932751138135453 
29.54377188594297 0.01096785804595438 
29.55577788894447 0.01289667962261709 
29.56778389194597 0.01516470822652165 
29.57978989494747 0.01783159793453906 
29.59179589794897 0.02096749384742396 
29.60380190095048 0.02465487709688369 
29.61580790395197 0.02899073432713968 
29.62781390695348 0.03408910871540205 
29.63981990995498 0.04008409963149107 
29.65182591295648 0.04713338983764054 
29.66383191595798 0.0554223930057168 
29.67583791895948 0.06516913064568262 
29.68784392196098 0.07662996672532224 
29.69984992496248 0.09010635082169567 
29.71185592796398 0.1059527471729433 
29.72386193096548 0.1245859581927164 
29.73586793396698 0.1464960876891887 
29.74787393696849 0.1722594321611453 
29.75987993996998 0.2025536392595623 
29.77188594297149 0.2381755321384315 
29.78389194597299 0.2800620685420283 
29.79589794897449 0.3293149859319089 
29.80790395197599 0.3872297809146318 
29.81990995497749 0.4553297852409373 
29.83191595797899 0.5354062347078702 
29.84392196098049 0.6295653849334909 
29.85592796398199 0.740283913336008 
29.86793396698349 0.8704740646112454 
29.87993996998499 1.023560253297775 
29.89194597298649 1.203569138389536 
29.90395197598799 1.415235539328826 
29.9159579789895 1.664126979409863 
29.927963981991 1.956790132605843 
29.9399699849925 2.300923025989406 
29.951975987994 2.705577527403527 
29.9639819909955 3.181397444678121 
29.975987993997 3.740898499432793 
29.9879939969985 4.398797539999081 
30 5.172399653211058 
