6 -0 
6.012006003001501 -2.377786129749932e-49 
6.024012006003002 -6.363904521915909e-49 
6.036018009004502 -1.45573606931001e-48 
6.048024012006003 -3.214596455349828e-48 
6.060030015007504 -6.998234505645042e-48 
6.072036018009005 -1.50834329660832e-47 
6.084042021010506 -3.221539011813555e-47 
6.096048024012006 -6.820042014983848e-47 
6.108054027013507 -1.431260334930312e-46 
6.120060030015008 -2.977778328128147e-46 
6.132066033016509 -6.142418946878036e-46 
6.144072036018009 -1.256290951472226e-45 
6.156078039019509 -2.547855615511642e-45 
6.16808404202101 -5.124163806907607e-45 
6.180090045022511 -1.022031818484641e-44 
6.192096048024012 -2.021754620030705e-44 
6.204102051025512 -3.966836124837029e-44 
6.216108054027013 -7.720417863603805e-44 
6.228114057028514 -1.490550849313027e-43 
6.240120060030015 -2.854898670636083e-43 
6.252126063031516 -5.425012452352439e-43 
6.264132066033016 -1.022833390252362e-42 
6.276138069034517 -1.913510706616958e-42 
6.288144072036018 -3.55227195338122e-42 
6.300150075037519 -6.544222217360757e-42 
6.31215607803902 -1.196501747836939e-41 
6.32416208104052 -2.171194791132319e-41 
6.336168084042021 -3.910576692927397e-41 
6.348174087043522 -6.991422414827553e-41 
6.360180090045023 -1.240791674832015e-40 
6.372186093046524 -2.186081747239863e-40 
6.384192096048024 -3.82378492482208e-40 
6.396198099049525 -6.640566112682091e-40 
6.408204102051026 -1.145054415228991e-39 
6.420210105052527 -1.960564011315129e-39 
6.432216108054027 -3.333450705495275e-39 
6.444222111055527 -5.628453877245759e-39 
6.456228114057028 -9.438216273454244e-39 
6.468234117058529 -1.571881759164225e-38 
6.48024012006003 -2.600172007117839e-38 
6.49224612306153 -4.27227674583581e-38 
6.504252126063031 -6.972914358201152e-38 
6.516258129064532 -1.130548560006822e-37 
6.528264132066033 -1.82098365744863e-37 
6.540270135067534 -2.913979775021016e-37 
6.552276138069034 -4.632891359639829e-37 
6.564282141070535 -7.318531670525218e-37 
6.576288144072036 -1.148743142567813e-36 
6.588294147073537 -1.791717921833013e-36 
6.600300150075038 -2.777054399582029e-36 
6.612306153076538 -4.277472337655251e-36 
6.624312156078039 -6.547836859364187e-36 
6.63631815907954 -9.961753000808491e-36 
6.648324162081041 -1.506330050822907e-35 
6.660330165082541 -2.263965733213568e-35 
6.672336168084042 -3.38223277238714e-35 
6.684342171085543 -5.022724751609854e-35 
6.696348174087044 -7.414733067708848e-35 
6.708354177088545 -1.088152184685235e-34 
6.720360180090045 -1.5875929241711e-34 
6.732366183091546 -2.302826369810617e-34 
6.744372186093047 -3.321028317620291e-34 
6.756378189094547 -4.76200477581861e-34 
6.768384192096048 -6.789364842557628e-34 
6.780390195097548 -9.625126325348059e-34 
6.792396198099049 -1.356867004731208e-33 
6.80440220110055 -1.90211574319644e-33 
6.816408204102051 -2.651675344398501e-33 
6.828414207103552 -3.676225306605585e-33 
6.840420210105052 -5.068699227845217e-33 
6.852426213106553 -6.950522978535884e-33 
6.864432216108054 -9.479350644302049e-33 
6.876438219109555 -1.285858149190716e-32 
6.888444222111056 -1.734897278070393e-32 
6.900450225112556 -2.32826918683594e-32 
6.912456228114057 -3.108017425288834e-32 
6.924462231115558 -4.127016888830253e-32 
6.936468234117059 -5.451335464809127e-32 
6.948474237118559 -7.162989795431587e-32 
6.96048024012006 -9.363128657007872e-32 
6.972486243121561 -1.217567131894769e-31 
6.984492246123062 -1.575141892933493e-31 
6.996498249124563 -2.027264393004053e-31 
7.008504252126063 -2.59581452099385e-31 
7.020510255127563 -3.306873470349682e-31 
7.032516258129064 -4.191309408275902e-31 
7.044522261130565 -5.285390788235443e-31 
7.056528264132066 -6.631414186428459e-31 
7.068534267133566 -8.278329296528513e-31 
7.080540270135067 -1.028233904031216e-30 
7.092546273136568 -1.270744774580379e-30 
7.104552276138069 -1.562592515412767e-30 
7.11655827913957 -1.911864883146568e-30 
7.12856428214107 -2.32752826230013e-30 
7.140570285142571 -2.81942443772662e-30 
7.152576288144072 -3.39824126224403e-30 
7.164582291145573 -4.075451955578088e-30 
7.176588294147074 -4.863217700861534e-30 
7.188594297148574 -5.774248337279832e-30 
7.200600300150075 -6.821616322115185e-30 
7.212606303151576 -8.018519788955457e-30 
7.224612306153077 -9.377991492883109e-30 
7.236618309154577 -1.09125517315099e-29 
7.248624312156078 -1.263380497484731e-29 
7.260630315157579 -1.45519819267006e-29 
7.27263631815908 -1.667543105664994e-29 
7.284642321160581 -1.901006624989038e-29 
7.296648324162081 -2.155878006407399e-29 
7.308654327163582 -2.432083508069673e-29 
7.320660330165083 -2.729124889403206e-29 
7.332666333166584 -3.046019127319252e-29 
7.344672336168085 -3.381241482557573e-29 
7.356678339169584 -3.732674293048167e-29 
7.368684342171085 -4.097564064087044e-29 
7.380690345172586 -4.472489550204879e-29 
7.392696348174087 -4.853343565305936e-29 
7.404702351175588 -5.235331200924713e-29 
7.416708354177088 -5.612986964899814e-29 
7.428714357178589 -5.980213064961936e-29 
7.44072036018009 -6.330340647905327e-29 
7.452726363181591 -6.656215264454836e-29 
7.464732366183092 -6.950307167132008e-29 
7.476738369184592 -7.204846273806376e-29 
7.488744372186093 -7.411980759939439e-29 
7.500750375187594 -7.563957300459709e-29 
7.512756378189095 -7.65331999655698e-29 
7.524762381190595 -7.673124027693271e-29 
7.536768384192096 -7.617159102827446e-29 
7.548774387193597 -7.480176889304188e-29 
7.560780390195098 -7.258115815971187e-29 
7.572786393196599 -6.94831602201961e-29 
7.584792396198099 -6.549716795999122e-29 
7.596798399199599 -6.063028657246346e-29 
7.6088044022011 -5.490872305646292e-29 
7.620810405202601 -4.837877027975306e-29 
7.632816408204102 -4.110731813408472e-29 
7.644822411205602 -3.318183398812618e-29 
7.656828414207103 -2.470976726190817e-29 
7.668834417208604 -1.581734826836324e-29 
7.680840420210105 -6.647769135238286e-30 
7.692846423211606 2.641245848243423e-30 
7.704852426213106 1.188045231639893e-29 
7.716858429214607 2.089263082225714e-29 
7.728864432216108 2.949659402750853e-29 
7.740870435217609 3.751156517046269e-29 
7.75287643821911 4.476181850944558e-29 
7.76488244122061 5.108145667390437e-29 
7.776888444222111 5.631918746308497e-29 
7.788894447223612 6.034295427777323e-29 
7.800900450225113 6.304427059984751e-29 
7.812906453226613 6.434211014628154e-29 
7.824912456228114 6.418621074489093e-29 
7.836918459229615 6.255966164507945e-29 
7.848924462231116 5.948066072650061e-29 
7.860930465232617 5.500334953607531e-29 
7.872936468234117 4.921765970795437e-29 
7.884942471235618 4.224813335928861e-29 
7.896948474237119 3.425171160332614e-29 
7.90895447723862 2.541451834830458e-29 
7.920960480240121 1.594769993080238e-29 
7.932966483241621 6.082413686578989e-30 
7.944972486243121 -3.935910895009931e-30 
7.956978489244622 -1.385388740311721e-29 
7.968984492246123 -2.341688993388213e-29 
7.980990495247624 -3.237598052597011e-29 
7.992996498249124 -4.049484234733952e-29 
8.005002501250626 -4.755650881607373e-29 
8.017008504252125 -5.33696801299568e-29 
8.029014507253628 -5.777442692978567e-29 
8.041020510255127 -6.064709588627767e-29 
8.053026513256629 -6.190425348618164e-29 
8.065032516258128 -6.150553157067931e-29 
8.077038519259631 -5.945527040179741e-29 
8.08904452226113 -5.580289116770926e-29 
8.101050525262632 -5.064196870186391e-29 
8.113056528264131 -4.41080154937895e-29 
8.125062531265632 -3.637502845839991e-29 
8.137068534267133 -2.765088904414479e-29 
8.149074537268634 -1.817174377171802e-29 
8.161080540270135 -8.195524966304657e-30 
8.173086543271635 2.005200830873727e-30 
8.185092546273136 1.21508474495199e-29 
8.197098549274637 2.196266213728825e-29 
8.209104552276138 3.117058443805108e-29 
8.221110555277638 3.952087756803515e-29 
8.233116558279139 4.678330564514568e-29 
8.24512256128064 5.27576439651686e-29 
8.257128564282141 5.727933002313612e-29 
8.269134567283642 6.022408944528251e-29 
8.281140570285142 6.151140252935811e-29 
8.293146573286643 6.110671263214722e-29 
8.305152576288144 5.902231601510525e-29 
8.317158579289645 5.531691270566913e-29 
8.329164582291146 5.009383816229406e-29 
8.341170585292646 4.34980347648066e-29 
8.353176588294147 3.571185916061646e-29 
8.365182591295648 2.69498551469531e-29 
8.377188594297149 1.745265105513455e-29 
8.389194597298649 7.480164679535379e-30 
8.40120060030015 -2.695682999227338e-30 
8.413206603301651 -1.279853216927489e-29 
8.425212606303152 -2.255520819124941e-29 
8.437218609304653 -3.170318812937427e-29 
8.449224612306153 -3.999770042962627e-29 
8.461230615307654 -4.721826216604685e-29 
8.473236618309155 -5.31744775834085e-29 
8.485242621310656 -5.771094576732135e-29 
8.497248624312157 -6.071115333201524e-29 
8.509254627313657 -6.210025909321608e-29 
8.521260630315158 -6.18467107863126e-29 
8.533266633316659 -5.996266796249609e-29 
8.54527263631816 -5.650323921586042e-29 
8.55727863931966 -5.156457486313815e-29 
8.569284642321161 -4.528088717986341e-29 
8.58129064532266 -3.782049844799827e-29 
8.593296648324163 -2.938104165822402e-29 
8.605302651325662 -2.018395913470575e-29 
8.617308654327164 -1.046846015424358e-29 
8.629314657328663 -4.851095106609581e-31 
8.641320660330166 9.510775220379776e-30 
8.653326663331665 1.926573922770467e-29 
8.665332666333168 2.853464452128923e-29 
8.677338669334667 3.708679702078681e-29 
8.689344672336169 4.471159424703187e-29 
8.701350675337668 5.122355795251754e-29 
8.713356678339169 5.646663591064553e-29 
8.72536268134067 6.03176794265221e-29 
8.737368684342171 6.268902723265237e-29 
8.749374687343671 6.353015157046127e-29 
8.761380690345172 6.282834771456892e-29 
8.773386693346673 6.06084732745568e-29 
8.785392696348174 5.693176765367482e-29 
8.797398699349674 5.189380445733308e-29 
8.809404702351175 4.562164989975929e-29 
8.821410705352676 3.827031791027077e-29 
8.833416708354177 3.001862733724058e-29 
8.845422711355678 2.106457812927142e-29 
8.857428714357178 1.16203714782861e-29 
8.869434717358679 1.907203573875438e-30 
8.88144072036018 -7.850036128563339e-30 
8.893446723361681 -1.742803326483507e-29 
8.905452726363182 -2.661015982265154e-29 
8.917458729364682 -3.519131255554773e-29 
8.929464732366183 -4.298237327573592e-29 
8.941470735367684 -4.981419835957912e-29 
8.953476738369185 -5.55410591303286e-29 
8.965482741370685 -6.004347040580444e-29 
8.977488744372186 -6.32303609723182e-29 
8.989494747373687 -6.504055663128544e-29 
9.001500750375188 -6.544356333475466e-29 
9.013506753376689 -6.443965437731074e-29 
9.025512756378189 -6.205928127238779e-29 
9.03751875937969 -5.836184247856695e-29 
9.049524762381191 -5.343385726850011e-29 
9.061530765382692 -4.738660351173866e-29 
9.073536768384193 -4.035328778771875e-29 
9.085542771385693 -3.248582392455518e-29 
9.097548774387194 -2.395130169554588e-29 
9.109554777388695 -1.492823097244119e-29 
9.121560780390196 -5.602648156748826e-30 
9.133566783391696 3.835828742350808e-30 
9.145572786393197 1.319791233097514e-29 
9.157578789394698 2.229844533365862e-29 
9.169584792396197 3.096001292502758e-29 
9.1815907953977 3.901630034235107e-29 
9.193596798399199 4.631513624918249e-29 
9.205602801400701 5.272117121947234e-29 
9.2176088044022 5.811815025340461e-29 
9.229614807403703 6.241074818232694e-29 
9.241620810405202 6.552594693713601e-29 
9.253626813406704 6.741394371963396e-29 
9.265632816408203 6.804858892094631e-29 
9.277638819409706 6.742736198507121e-29 
9.289644822411205 6.557090214984014e-29 
9.301650825412706 6.252211896631826e-29 
9.313656828414207 5.834491458039886e-29 
9.325662831415707 5.31225558624774e-29 
9.337668834417208 4.695573952401016e-29 
9.349674837418709 3.996039732122813e-29 
9.36168084042021 3.22652912985521e-29 
9.37368684342171 2.400945077389954e-29 
9.385692846423211 1.533950344291911e-29 
9.397698849424712 6.406952627574106e-30 
9.409704852426213 -2.634548618289183e-30 
9.421710855427714 -1.163187802718168e-29 
9.433716858429214 -2.043503372226662e-29 
9.445722861430715 -2.889959103724152e-29 
9.457728864432216 -3.688898892551844e-29 
9.469734867433717 -4.427661304039211e-29 
9.481740870435218 -5.094764762498734e-29 
9.493746873436718 -5.680067364310725e-29 
9.505752876438219 -6.174899599873393e-29 
9.51775887943972 -6.572168812682645e-29 
9.529764882441221 -6.866434759181246e-29 
9.541770885442721 -7.053956151139412e-29 
9.553776888444222 -7.132708554983788e-29 
9.565782891445723 -7.102374482471024e-29 
9.577788894447224 -6.964306928275968e-29 
9.589794897448725 -6.721467987404025e-29 
9.601800900450225 -6.378344514949714e-29 
9.613806903451726 -5.940843069815068e-29 
9.625812906453227 -5.416166610860886e-29 
9.637818909454728 -4.812675587934898e-29 
9.649824912456229 -4.139736191581705e-29 
9.661830915457729 -3.407558595195044e-29 
9.67383691845923 -2.627028043909426e-29 
9.685842921460731 -1.809531618358441e-29 
9.697848924462232 -9.667834318629677e-30 
9.709854927463732 -1.10650910478242e-30 
9.721860930465233 7.470153391541656e-30 
9.733866933466732 1.594545744509204e-29 
9.745872936468235 2.420607936206389e-29 
9.757878939469734 3.2143529658229e-29 
9.769884942471236 3.965549906083117e-29 
9.781890945472735 4.664707417821706e-29 
9.793896948474238 5.303181125970532e-29 
9.805902951475737 5.87326590730709e-29 
9.81790895447724 6.368272451674409e-29 
9.829914957478739 6.78258771200217e-29 
9.841920960480241 7.111719103250629e-29 
9.85392696348174 7.352322543256503e-29 
9.865932966483243 7.502214646689288e-29 
9.877938969484742 7.560369584646619e-29 
9.889944972486242 7.526901304960964e-29 
9.901950975487743 7.403031970617032e-29 
9.913956978489244 7.19104761474043e-29 
9.925962981490745 6.894242129772677e-29 
9.937968984492246 6.516850805414349e-29 
9.949974987493746 6.063974704763978e-29 
9.961980990495247 5.54149722119694e-29 
9.973986993496748 4.955994190587096e-29 
9.985992996498249 4.314638945407474e-29 
9.99799899949975 3.625103690206092e-29 
10.01000500250125 2.89545855327687e-29 
10.02201100550275 2.134069628526359e-29 
10.03401700850425 1.349497266184346e-29 
10.04602301150575 5.503958028166954e-30 
10.05802901450725 -2.545841581779488e-30 
10.07003501750875 -1.056889892991671e-29 
10.08204102051026 -1.848156204277911e-29 
10.09404702351176 -2.620289743907632e-29 
10.10605302651326 -3.365547293052169e-29 
10.11805902951476 -4.076607389501565e-29 
10.13006503251626 -4.746634801514367e-29 
10.14207103551776 -5.369337456365394e-29 
10.15407703851926 -5.939015538779581e-29 
10.16608304152076 -6.450602578408385e-29 
10.17808904452226 -6.899698445341476e-29 
10.19009504752376 -7.282594267404433e-29 
10.20210105052526 -7.59628937186253e-29 
10.21410705352676 -7.83850043645401e-29 
10.22611305652826 -8.007663109870766e-29 
10.23811905952977 -8.102926429472396e-29 
10.25012506253126 -8.124140423874996e-29 
10.26213106553277 -8.071837339922082e-29 
10.27413706853427 -7.947206977361236e-29 
10.28614307153577 -7.752066650356758e-29 
10.29814907453727 -7.48882632289901e-29 
10.31015507753877 -7.160449485445699e-29 
10.32216108054027 -6.770410353040155e-29 
10.33416708354177 -6.322647971055146e-29 
10.34617308654327 -5.82151781402558e-29 
10.35817908954477 -5.271741456214622e-29 
10.37018509254627 -4.678354880103814e-29 
10.38219109554777 -4.046655971434265e-29 
10.39419709854927 -3.382151727292308e-29 
10.40620310155078 -2.69050567758633e-29 
10.41820910455228 -1.977485990656862e-29 
10.43021510755378 -1.248914701255235e-29 
10.44222111055528 -5.106184642604508e-30 
10.45422711355678 2.316187991907319e-30 
10.46623311655828 9.721010345001766e-30 
10.47823911955978 1.705262675519911e-29 
10.49024512256128 2.425708504994489e-29 
10.50225112556278 3.1282505421274e-29 
10.51425712856428 3.807941784599738e-29 
10.52626313156578 4.460106670302822e-29 
10.53826913456728 5.080368160855334e-29 
10.55027513756878 5.664671384372779e-29 
10.56228114057028 6.209303808693552e-29 
10.57428714357179 6.710911948127053e-29 
10.58629314657329 7.166514636597615e-29 
10.59829914957479 7.573512927669285e-29 
10.61030515257629 7.929696707242215e-29 
10.62231115557779 8.233248127630457e-29 
10.63431715857929 8.482741992217556e-29 
10.64632316158079 8.677143237917968e-29 
10.65832916458229 8.815801678255299e-29 
10.67033516758379 8.898444183030745e-29 
10.68234117058529 8.925164481347664e-29 
10.69434717358679 8.896410783250594e-29 
10.70635317658829 8.812971421515282e-29 
10.7183591795898 8.675958719289232e-29 
10.7303651825913 8.486791291447254e-29 
10.7423711855928 8.247174987811586e-29 
10.7543771885943 7.959082684926317e-29 
10.7663831915958 7.6247331300072e-29 
10.7783891945973 7.246569036151139e-29 
10.7903951975988 6.827234622031045e-29 
10.8024012006003 6.369552782263492e-29 
10.8144072036018 5.876502066566751e-29 
10.8264132066033 5.351193636864071e-29 
10.8384192096048 4.796848361773966e-29 
10.8504252126063 4.216774197599736e-29 
10.8624312156078 3.61434399411459e-29 
10.87443721860931 2.992973852261962e-29 
10.8864432216108 2.356102149469231e-29 
10.89844922461231 1.707169336719448e-29 
10.91045522761381 1.049598599941534e-29 
10.92246123061531 3.867774667614026e-30 
10.93446723361681 -2.779595717088046e-30 
10.94647323661831 -9.413473654990381e-30 
10.95847923961981 -1.600205289112494e-29 
10.97048524262131 -2.251451266308033e-29 
10.98249124562281 -2.892114609124117e-29 
10.99449724862431 -3.519347653507777e-29 
11.00650325162581 -4.130436182977296e-29 
11.01850925462731 -4.722808640271583e-29 
11.03051525762881 -5.294044134897875e-29 
11.04252126063032 -5.841879261862848e-29 
11.05452726363182 -6.364213753647987e-29 
11.06653326663332 -6.859114993661809e-29 
11.07853926963482 -7.324821424966045e-29 
11.09054527263632 -7.759744893035927e-29 
11.10255127563782 -8.162471965681472e-29 
11.11455727863932 -8.53176427704008e-29 
11.12656328164082 -8.866557945766987e-29 
11.13856928464232 -9.16596212021618e-29 
11.15057528764382 -9.429256705541881e-29 
11.16258129064532 -9.65588932928416e-29 
11.17458729364682 -9.8454716031558e-29 
11.18659329664832 -9.997774739449372e-29 
11.19859929964982 -1.011272458076125e-28 
11.21060530265133 -1.019039610161251e-28 
11.22261130565283 -1.023100744006482e-28 
11.23461730865433 -1.02349135166132e-28 
11.24662331165583 -1.020259929651674e-28 
11.25862931465733 -1.01346727503326e-28 
11.27063531765883 -1.00318575657781e-28 
11.28264132066033 -9.894985662189142e-29 
11.29464732366183 -9.724989556799315e-29 
11.30665332666333 -9.522894629858238e-29 
11.31865932966483 -9.28981133326949e-29 
11.33066533266633 -9.026927384979548e-29 
11.34267133566783 -8.73549998881573e-29 
11.35467733866933 -8.416848116875235e-29 
11.36668334167084 -8.072344888928994e-29 
11.37868934467234 -7.703410080644951e-29 
11.39069534767384 -7.31150278977229e-29 
11.40270135067534 -6.898114286779025e-29 
11.41470735367684 -6.464761073814927e-29 
11.42671335667834 -6.012978173294704e-29 
11.43871935967984 -5.544312664875103e-29 
11.45072536268134 -5.060317487145001e-29 
11.46273136568284 -4.562545517970434e-29 
11.47473736868434 -4.052543945144695e-29 
11.48674337168584 -3.531848936794926e-29 
11.49874937468734 -3.001980618897147e-29 
11.51075537768885 -2.464438365256428e-29 
11.52276138069034 -1.920696403422141e-29 
11.53476738369185 -1.372199738232511e-29 
11.54677338669335 -8.203603930206547e-30 
11.55877938969485 -2.665539669664416e-30 
11.57078539269635 2.878834943540373e-30 
11.58279139569785 8.416583194878961e-30 
11.59479739869935 1.393521728164877e-29 
11.60680340170085 1.942272051460691e-29 
11.61880940470235 2.486756662611309e-29 
11.63081540770385 3.025873626901452e-29 
11.64282141070535 3.558573079822822e-29 
11.65482741370685 4.083858343369613e-29 
11.66683341670835 4.600786790914335e-29 
11.67883941970986 5.10847047158993e-29 
11.69084542271136 5.606076505498985e-29 
11.70285142571286 6.092827261382147e-29 
11.71485742871436 6.56800032860967e-29 
11.72686343171586 7.030928295518011e-29 
11.73886943471736 7.480998346201104e-29 
11.75087543771886 7.917651687889349e-29 
11.76288144072036 8.340382821012212e-29 
11.77488744372186 8.748738663947891e-29 
11.78689344672336 9.142317544320468e-29 
11.79889944972486 9.520768068515383e-29 
11.81090545272636 9.883787880852998e-29 
11.82291145572786 1.023112232359136e-28 
11.83491745872936 1.05625630086274e-28 
11.84692346173087 1.087794631143476e-28 
11.85892946473237 1.117715179741994e-28 
11.87093546773387 1.146010059050049e-28 
11.88294147073537 1.172675369331249e-28 
11.89494747373687 1.19771102680439e-28 
11.90695347673837 1.221120588646739e-28 
11.91895947973987 1.242911075731487e-28 
11.93096548274137 1.263092793869882e-28 
11.94297148574287 1.281679154284456e-28 
11.95497748874437 1.298686493995596e-28 
11.96698349174587 1.314133896759673e-28 
11.97898949474737 1.328043015153202e-28 
11.99099549774887 1.34043789435427e-28 
12.00300150075038 1.351344798129947e-28 
12.01500750375187 1.360792037496644e-28 
12.02701350675338 1.368809802479625e-28 
12.03901950975488 1.375429997358139e-28 
12.05102551275638 1.380686079744152e-28 
12.06303151575788 1.384612903805369e-28 
12.07503751875938 1.387246567907308e-28 
12.08704352176088 1.388624266914653e-28 
12.09904952476238 1.388784149359067e-28 
12.11105552776388 1.387765179649034e-28 
12.12306153076538 1.385607005467226e-28 
12.13506753376688 1.382349830472407e-28 
12.14707353676839 1.378034292395844e-28 
12.15907953976988 1.37270134659684e-28 
12.17108554277139 1.366392155118058e-28 
12.18309154577289 1.359147981258993e-28 
12.19509754877439 1.35101008966511e-28 
12.20710355177589 1.342019651910801e-28 
12.21910955477739 1.332217657536463e-28 
12.23111555777889 1.32164483048349e-28 
12.24312156078039 1.310341550855934e-28 
12.25512756378189 1.298347781923868e-28 
12.26713356678339 1.285703002271037e-28 
12.27913956978489 1.272446142978209e-28 
12.29114557278639 1.258615529723736e-28 
12.30315157578789 1.244248829673934e-28 
12.31515757878939 1.229383003028288e-28 
12.3271635817909 1.214054259077792e-28 
12.3391695847924 1.19829801662909e-28 
12.3511755877939 1.182148868642406e-28 
12.3631815907954 1.165640550927452e-28 
12.3751875937969 1.148805914738506e-28 
12.3871935967984 1.13167690310775e-28 
12.3991995997999 1.114284530754455e-28 
12.4112056028014 1.09665886740692e-28 
12.4232116058029 1.078829024373922e-28 
12.4352176088044 1.06082314420295e-28 
12.4472236118059 1.042668393263531e-28 
12.4592296148074 1.02439095709547e-28 
12.4712356178089 1.006016038363816e-28 
12.48324162081041 9.875678572647741e-29 
12.49524762381191 9.690696542295484e-29 
12.50725362681341 9.505436947762066e-29 
12.51925962981491 9.320112763630443e-29 
12.53126563281641 9.134927371006075e-29 
12.54327163581791 8.950074661834004e-29 
12.55527763881941 8.765739159063977e-29 
12.56728364182091 8.582096151357206e-29 
12.57928964482241 8.399311841072242e-29 
12.59129564782391 8.21754350431228e-29 
12.60330165082541 8.036939661862085e-29 
12.61530765382691 7.857640259889069e-29 
12.62731365682841 7.679776859329793e-29 
12.63931965982992 7.503472832930233e-29 
12.65132566283141 7.328843568955076e-29 
12.66333166583292 7.155996680628218e-29 
12.67533766883442 6.98503222041303e-29 
12.68734367183592 6.816042898287237e-29 
12.69934967483742 6.649114303212516e-29 
12.71135567783892 6.484325127043789e-29 
12.72336168084042 6.321747390167207e-29 
12.73536768384192 6.161446668198745e-29 
12.74737368684342 6.003482319117549e-29 
12.75937968984492 5.847907710249113e-29 
12.77138569284642 5.694770444553328e-29 
12.78339169584793 5.544112585711113e-29 
12.79539769884942 5.395970881540952e-29 
12.80740370185093 5.250376985312836e-29 
12.81940970485243 5.107357674562197e-29 
12.83141570785393 4.966935067040062e-29 
12.84342171085543 4.829126833468014e-29 
12.85542771385693 4.693946406797667e-29 
12.86743371685843 4.561403187704022e-29 
12.87943971985993 4.431502746070512e-29 
12.89144572286143 4.304247018250615e-29 
12.90345172586293 4.179634499916672e-29 
12.91545772886443 4.057660434331073e-29 
12.92746373186593 3.938316995898094e-29 
12.93946973486743 3.821593468876723e-29 
12.95147573786893 3.707476421155456e-29 
12.96348174087044 3.595949873009552e-29 
12.97548774387194 3.486995460779671e-29 
12.98749374687344 3.380592595427909e-29 
12.99949974987494 3.276718615943375e-29 
13.01150575287644 3.175348937584467e-29 
13.02351175587794 3.076457194958949e-29 
13.03551775887944 2.980015379955891e-29 
13.04752376188094 2.885993974555503e-29 
13.05952976488244 2.794362078553945e-29 
13.07153576788394 2.705087532250324e-29 
13.08354177088544 2.618137034152394e-29 
13.09554777388694 2.533476253765892e-29 
13.10755377688844 2.451069939540147e-29 
13.11955977988995 2.370882022049457e-29 
13.13156578289145 2.292875712495987e-29 
13.14357178589295 2.217013596625406e-29 
13.15557778889445 2.14325772415137e-29 
13.16758379189595 2.071569693789195e-29 
13.17958979489745 2.001910734002792e-29 
13.19159579789895 1.934241779571988e-29 
13.20360180090045 1.868523544090062e-29 
13.21560780390195 1.8047165885034e-29 
13.22761380690345 1.742781385806903e-29 
13.23961980990495 1.682678382010019e-29 
13.25162581290645 1.624368053489159e-29 
13.26363181590795 1.567810960842755e-29 
13.27563781890946 1.512967799365383e-29 
13.28764382191095 1.459799446257232e-29 
13.29964982491246 1.408267004684749e-29 
13.31165582791396 1.358331844807589e-29 
13.32366183091546 1.309955641886053e-29 
13.33566783391696 1.263100411582026e-29 
13.34767383691846 1.217728542565007e-29 
13.35967983991996 1.173802826533339e-29 
13.37168584292146 1.131286485758951e-29 
13.38369184592296 1.090143198262065e-29 
13.39569784892446 1.050337120720354e-29 
13.40770385192596 1.011832909214856e-29 
13.41970985492746 9.745957379127658e-30 
13.43171585792896 9.385913157849043e-30 
13.44372186093047 9.037859014532684e-30 
13.45572786393197 8.701463162616396e-30 
13.46773386693347 8.376399556597068e-30 
13.47973986993497 8.062347989886393e-30 
13.49174587293647 7.758994177534667e-30 
13.50375187593797 7.466029824650367e-30 
13.51575787893947 7.183152681317208e-30 
13.52776388194097 6.910066584784297e-30 
13.53976988494247 6.646481489679013e-30 
13.55177588794397 6.392113486966244e-30 
13.56378189094547 6.146684812351926e-30 
13.57578789394697 5.909923844803168e-30 
13.58779389694847 5.681565095832083e-30 
13.59979989994997 5.461349190165334e-30 
13.61180590295148 5.249022838396897e-30 
13.62381190595298 5.04433880219725e-30 
13.63581790895448 4.84705585262841e-30 
13.64782391195598 4.656938722090919e-30 
13.65982991495748 4.473758050405999e-30 
13.67183591795898 4.297290325513728e-30 
13.68384192096048 4.127317819246319e-30 
13.69584792396198 3.963628518614225e-30 
13.70785392696348 3.806016053022096e-30 
13.71985992996498 3.654279617811478e-30 
13.73186593296648 3.508223894507494e-30 
13.74387193596798 3.367658968127798e-30 
13.75587793896949 3.232400241893652e-30 
13.76788394197099 3.102268349665117e-30 
13.77988994497248 2.977089066405192e-30 
13.79189594797399 2.856693216960987e-30 
13.80390195097549 2.74091658343403e-30 
13.81590795397699 2.629599811396294e-30 
13.82791395697849 2.522588315193639e-30 
13.83991995997999 2.419732182564037e-30 
13.85192596298149 2.320886078784195e-30 
13.86393196598299 2.225909150544963e-30 
13.87593796898449 2.134664929743308e-30 
13.88794397198599 2.047021237366472e-30 
13.89994997498749 1.962850087632376e-30 
13.911955977989 1.88202759253928e-30 
13.92396198099049 1.804433866967117e-30 
13.935967983992 1.729952934462902e-30 
13.9479739869935 1.658472633833032e-30 
13.959979989995 1.589884526656192e-30 
13.9719859929965 1.524083805821951e-30 
13.983991995998 1.460969205191971e-30 
13.9959979989995 1.400442910472969e-30 
14.008004002001 1.342410471383286e-30 
14.0200100050025 1.286780715188005e-30 
14.032016008004 1.233465661671046e-30 
14.0440220110055 1.182380439606569e-30 
14.056028014007 1.133443204786272e-30 
14.0680340170085 1.086575059653813e-30 
14.08004002001 1.041699974592556e-30 
14.09204602301151 9.987447109081838e-31 
14.10405202601301 9.576387455433951e-31 
14.11605802901451 9.183141975578523e-31 
14.12806403201601 8.807057564028887e-31 
14.14007003501751 8.447506120170455e-31 
14.15207603801901 8.103883867654216e-31 
14.16408204102051 7.775610692429792e-31 
14.17608804402201 7.462129499594031e-31 
14.18809404702351 7.162905589208122e-31 
14.20010005002501 6.877426051215932e-31 
14.21210605302651 6.605199179578408e-31 
14.22411205602801 6.345753905723386e-31 
14.23611805902951 6.098639251397092e-31 
14.24812406203102 5.86342380099271e-31 
14.26013006503252 5.639695193422775e-31 
14.27213606803402 5.427059633595653e-31 
14.28414207103552 5.225141423551952e-31 
14.29614807403702 5.033582513314318e-31 
14.30815407703852 4.852042071503759e-31 
14.32016008004002 4.680196075777182e-31 
14.33216608304152 4.517736923144366e-31 
14.34417208604302 4.36437306022799e-31 
14.35617808904452 4.219828633537599e-31 
14.36818409204602 4.083843159837541e-31 
14.38019009504752 3.956171216699795e-31 
14.39219609804903 3.836582153345425e-31 
14.40420210105053 3.72485982189292e-31 
14.41620810405203 3.620802329148107e-31 
14.42821410705353 3.524221809088472e-31 
14.44022011005503 3.434944216214791e-31 
14.45222611305653 3.352809139964785e-31 
14.46423211605803 3.27766964040728e-31 
14.47623811905953 3.209392105460916e-31 
14.48824412206103 3.147856129909014e-31 
14.50025012506253 3.092954416511659e-31 
14.51225612806403 3.04459269954757e-31 
14.52426213106553 3.002689691151851e-31 
14.53626813406703 2.96717705085137e-31 
14.54827413706853 2.93799937873735e-31 
14.56028014007003 2.915114232754801e-31 
14.57228614307154 2.898492170630854e-31 
14.58429214607304 2.888116817008811e-31 
14.59629814907454 2.883984956402095e-31 
14.60830415207604 2.886106652632143e-31 
14.62031015507754 2.894505395466929e-31 
14.63231615807904 2.909218275232291e-31 
14.64432216108054 2.93029618622659e-31 
14.65632816408204 2.957804059830813e-31 
14.66833416708354 2.991821128270921e-31 
14.68034017008504 3.032441220057446e-31 
14.69234617308654 3.079773088199027e-31 
14.70435217608804 3.133940772362045e-31 
14.71635817908954 3.195083996227891e-31 
14.72836418209105 3.263358601382975e-31 
14.74037018509255 3.338937019164367e-31 
14.75237618809405 3.422008781976515e-31 
14.76438219109555 3.512781075691649e-31 
14.77638819409705 3.611479334848897e-31 
14.78839419709855 3.718347882474779e-31 
14.80040020010005 3.833650616461068e-31 
14.81240620310155 3.957671744555284e-31 
14.82441220610305 4.09071657014457e-31 
14.83641820910455 4.233112331145866e-31 
14.84842421210605 4.385209094454331e-31 
14.86043021510755 4.547380708548453e-31 
14.87243621810905 4.720025817004428e-31 
14.88444222111056 4.90356893583481e-31 
14.89644822411206 5.098461597737367e-31 
14.90845422711356 5.305183566520303e-31 
14.92046023011506 5.524244125159619e-31 
14.93246623311656 5.756183441144373e-31 
14.94447223611806 6.001574012976154e-31 
14.95647823911956 6.261022201911007e-31 
14.96848424212106 6.535169853265958e-31 
14.98049024512256 6.824696011858662e-31 
14.99249624812406 7.130318736408613e-31 
15.00450225112556 7.452797018002073e-31 
15.01650825412706 7.792932808011664e-31 
15.02851425712857 8.151573161165831e-31 
15.04052026013007 8.529612499784351e-31 
15.05252626313157 8.927995005534396e-31 
15.06453226613307 9.347717145418454e-31 
15.07653826913457 9.789830339081762e-31 
15.08854427213607 1.025544377492369e-30 
15.10055027513757 1.07457273829161e-30 
15.11255627813907 1.126191497247327e-30 
15.12456228114057 1.180530754418358e-30 
15.13656828414207 1.237727678470452e-30 
15.14857428714357 1.297926875464081e-30 
15.16058029014507 1.361280777977233e-30 
15.17258629314657 1.427950055657511e-30 
15.18459229614807 1.498104048358793e-30 
15.19659829914957 1.571921223081857e-30 
15.20860430215108 1.649589656006221e-30 
15.22061030515258 1.731307540971897e-30 
15.23261630815408 1.817283725845273e-30 
15.24462231115558 1.907738278282965e-30 
15.25662831415708 2.002903082491504e-30 
15.26863431715858 2.103022468669485e-30 
15.28064032016008 2.208353876912378e-30 
15.29264632316158 2.319168557459045e-30 
15.30465232616308 2.435752309263298e-30 
15.31665832916458 2.558406258983929e-30 
15.32866433216608 2.687447682602839e-30 
15.34067033516758 2.823210872003573e-30 
15.35267633816908 2.966048048972054e-30 
15.36468234117059 3.116330329217984e-30 
15.37668834417209 3.274448739159707e-30 
15.38869434717359 3.440815288367649e-30 
15.40070035017509 3.615864100722291e-30 
15.41270635317659 3.800052607512396e-30 
15.42471235617809 3.993862805878507e-30 
15.43671835917959 4.19780258619595e-30 
15.44872436218109 4.412407132191436e-30 
15.46073036518259 4.638240397798311e-30 
15.47273636818409 4.875896664978261e-30 
15.48474237118559 5.126002186972529e-30 
15.49674837418709 5.389216921693993e-30 
15.50875437718859 5.666236360233763e-30 
15.5207603801901 5.957793455732815e-30 
15.5327663831916 6.264660658161642e-30 
15.5447723861931 6.587652060859611e-30 
15.5567783891946 6.92762566501187e-30 
15.5687843921961 7.285485768585887e-30 
15.5807903951976 7.662185486613402e-30 
15.5927963981991 8.058729410087523e-30 
15.6048024012006 8.476176411150313e-30 
15.6168084042021 8.915642602674381e-30 
15.6288144072036 9.378304460794435e-30 
15.6408204102051 9.865402119422329e-30 
15.6528264132066 1.037824284628376e-29 
15.6648324162081 1.091820471054755e-29 
15.6768384192096 1.148674045268122e-29 
15.6888444222111 1.208538156776103e-29 
15.70085042521261 1.271574261409244e-29 
15.71285642821411 1.337952575965996e-29 
15.72486243121561 1.407852557962597e-29 
15.73686843421711 1.481463411883773e-29 
15.74887443721861 1.558984623408318e-29 
15.76088044022011 1.640626523166186e-29 
15.77288644322161 1.726610881670877e-29 
15.78489244622311 1.817171537163027e-29 
15.79689844922461 1.912555058198398e-29 
15.80890445222611 2.01302144291622e-29 
15.82091045522761 2.118844857032414e-29 
15.83291645822911 2.230314412716905e-29 
15.84492246123061 2.347734990635388e-29 
15.85692846423212 2.471428107563898e-29 
15.86893446723362 2.601732832119734e-29 
15.88094047023512 2.739006751295144e-29 
15.89294647323662 2.883626990631067e-29 
15.90495247623812 3.035991291027669e-29 
15.91695847923962 3.196519145356815e-29 
15.92896448224112 3.365652998219608e-29 
15.94097048524262 3.543859512380088e-29 
15.95297648824412 3.731630905604843e-29 
15.96498249124562 3.929486361848144e-29 
15.97698849424712 4.137973520943936e-29 
15.98899449724862 4.357670051200314e-29 
16.00100050025013 4.589185309539612e-29 
16.01300650325162 4.833162094088838e-29 
16.02501250625313 5.090278494401475e-29 
16.03701850925463 5.361249844783678e-29 
16.04902451225613 5.646830786506506e-29 
16.06103051525763 5.947817445011739e-29 
16.07303651825913 6.265049728563416e-29 
16.08504252126063 6.599413755161195e-29 
16.09704852426213 6.951844414916332e-29 
16.10905452726363 7.323328075497522e-29 
16.12106053026513 7.714905438683402e-29 
16.13306653326664 8.127674556512395e-29 
16.14507253626813 8.562794016000233e-29 
16.15707853926963 9.021486301902403e-29 
16.16908454227114 9.5050413475344e-29 
16.18109054527264 1.001482028422878e-28 
16.19309654827414 1.055225940060622e-28 
16.20510255127564 1.111887432347001e-28 
16.21710855427714 1.171626443280159e-28 
16.22911455727864 1.234611752404091e-28 
16.24112056028014 1.30102147315815e-28 
16.25312656328164 1.371043572819908e-28 
16.26513256628314 1.444876421596604e-28 
16.27713856928464 1.522729372508487e-28 
16.28914457228614 1.60482337380053e-28 
16.30115057528764 1.69139161571734e-28 
16.31315657828915 1.782680213580154e-28 
16.32516258129064 1.878948929214721e-28 
16.33716858429214 1.98047193289508e-28 
16.34917458729365 2.08753860809106e-28 
16.36118059029515 2.200454401437142e-28 
16.37318659329665 2.31954172047754e-28 
16.38519259629815 2.4451408818874e-28 
16.39719859929965 2.577611113023286e-28 
16.40920460230115 2.717331609818242e-28 
16.42121060530265 2.864702654207911e-28 
16.43321660830415 3.020146794455339e-28 
16.44522261130565 3.184110091933439e-28 
16.45722861430716 3.357063438126403e-28 
16.46923461730865 3.539503945825255e-28 
16.48124062031015 3.73195641871875e-28 
16.49324662331166 3.934974903819883e-28 
16.50525262631316 4.149144331420831e-28 
16.51725862931466 4.375082247536289e-28 
16.52926463231616 4.613440644077446e-28 
16.54127063531766 4.864907892297335e-28 
16.55327663831916 5.130210785363791e-28 
16.56528264132066 5.410116696249864e-28 
16.57728864432216 5.705435857484123e-28 
16.58929464732366 6.017023769676136e-28 
16.60130065032516 6.345783746126549e-28 
16.61330665332666 6.692669601247842e-28 
16.62531265632816 7.058688490962444e-28 
16.63731865932967 7.44490391371057e-28 
16.64932466233117 7.852438881192648e-28 
16.66133066533267 8.282479268491742e-28 
16.67333666833417 8.73627735377188e-28 
16.68534267133567 9.215155558330111e-28 
16.69734867433717 9.720510398395473e-28 
16.70935467733867 1.025381666071861e-27 
16.72136068034017 1.081663181468358e-27 
16.73336668334167 1.141060067440085e-27 
16.74537268634317 1.203746032500923e-27 
16.75737868934467 1.26990453282278e-27 
16.76938469234617 1.339729322305853e-27 
16.78139069534767 1.413425033844935e-27 
16.79339669834918 1.491207793568854e-27 
16.80540270135068 1.573305869931798e-27 
16.81740870435218 1.659960359642707e-27 
16.82941470735368 1.751425912532603e-27 
16.84142071035518 1.847971497579844e-27 
16.85342671335668 1.949881212440406e-27 
16.86543271635818 2.05745513896461e-27 
16.87743871935968 2.171010247323856e-27 
16.88944472236118 2.290881351521109e-27 
16.90145072536268 2.417422119217818e-27 
16.91345672836418 2.551006138977937e-27 
16.92546273136568 2.6920280482074e-27 
16.93746873436718 2.840904725255284e-27 
16.94947473736868 2.998076549341609e-27 
16.96148074037018 3.164008732186814e-27 
16.97348674337169 3.339192725440198e-27 
16.98549274637319 3.52414770823958e-27 
16.99749874937469 3.719422159482961e-27 
17.00950475237619 3.925595519655811e-27 
17.02151075537769 4.143279947335514e-27 
17.03351675837919 4.373122175788516e-27 
17.04552276138069 4.615805475386535e-27 
17.05752876438219 4.872051727897053e-27 
17.06953476738369 5.142623619050957e-27 
17.08154077038519 5.428326956158011e-27 
17.09354677338669 5.730013117929769e-27 
17.10555277638819 6.048581644080872e-27 
17.1175587793897 6.38498297271481e-27 
17.1295647823912 6.740221333960296e-27 
17.14157078539269 7.115357808811158e-27 
17.1535767883942 7.511513562637364e-27 
17.1655827913957 7.929873263379223e-27 
17.1775887943972 8.37168869501266e-27 
17.1895947973987 8.838282577482522e-27 
17.2016008004002 9.331052604945077e-27 
17.2136068034017 9.851475714842221e-27 
17.2256128064032 1.040111260105064e-26 
17.2376188094047 1.098161248511151e-26 
17.2496248124062 1.159471816035252e-26 
17.26163081540771 1.224227132456711e-26 
17.27363681840921 1.292621821781767e-26 
17.2856428214107 1.364861558288392e-26 
17.29764882441221 1.441163696688701e-26 
17.30965482741371 1.521757938368742e-26 
17.32166083041521 1.606887035778441e-26 
17.33366683341671 1.696807537163907e-26 
17.34567283641821 1.791790573960719e-26 
17.35767883941971 1.892122693300441e-26 
17.36968484242121 1.998106738224066e-26 
17.38169084542271 2.110062778345637e-26 
17.39369684842421 2.228329093867562e-26 
17.40570285142572 2.353263216016478e-26 
17.41770885442721 2.485243027145657e-26 
17.42971485742871 2.624667923937196e-26 
17.44172086043022 2.771960047335433e-26 
17.45372686343172 2.92756558305265e-26 
17.46573286643321 3.091956136709855e-26 
17.47773886943472 3.265630187910072e-26 
17.48974487243622 3.44911462778971e-26 
17.50175087543772 3.642966384856156e-26 
17.51375687843922 3.847774144197498e-26 
17.52576288144072 4.064160165444092e-26 
17.53776888444222 4.292782205172603e-26 
17.54977488744372 4.534335549772001e-26 
17.56178089044522 4.789555165138927e-26 
17.57378689344672 5.059217969937965e-26 
17.58579289644823 5.344145239551763e-26 
17.59779889944972 5.645205148257991e-26 
17.60980490245122 5.963315457605991e-26 
17.62181090545273 6.299446359427173e-26 
17.63381690845423 6.654623482401107e-26 
17.64582291145573 7.029931071615492e-26 
17.65782891445723 7.426515351104342e-26 
17.66983491745873 7.845588079926559e-26 
17.68184092046023 8.288430312958468e-26 
17.69384692346173 8.756396378220696e-26 
17.70585292646323 9.250918083244201e-26 
17.71785892946473 9.773509163704355e-26 
17.72986493246623 1.032576998831814e-25 
17.74187093546773 1.090939253481014e-25 
17.75387693846923 1.15261656526107e-25 
17.76588294147074 1.217798062885716e-25 
17.77788894447224 1.286683707522928e-25 
17.78989494747374 1.359484915416589e-25 
17.80190095047524 1.436425216408492e-25 
17.81390695347674 1.51774095043664e-25 
17.82591295647824 1.603682004206142e-25 
17.83791895947974 1.694512590356387e-25 
17.84992496248124 1.790512071582904e-25 
17.86193096548274 1.891975832314896e-25 
17.87393696848424 1.999216200700354e-25 
17.88594297148574 2.112563423810231e-25 
17.89794897448724 2.232366699142174e-25 
17.90995497748874 2.358995265682968e-25 
17.92196098049025 2.492839557978088e-25 
17.93396698349175 2.63431242685684e-25 
17.94597298649325 2.783850430673406e-25 
17.95797898949475 2.941915201148208e-25 
17.96998499249625 3.108994888131172e-25 
17.98199099549775 3.285605687859444e-25 
17.99399699849925 3.472293459547658e-25 
18.00600300150075 3.669635435429901e-25 
18.01800900450225 3.878242029669892e-25 
18.03001500750375 4.098758751870598e-25 
18.04202101050525 4.331868231247539e-25 
18.05402701350675 4.57829235788244e-25 
18.06603301650825 4.838794547846825e-25 
18.07803901950975 5.11418213937985e-25 
18.09004502251126 5.405308927722257e-25 
18.10205102551276 5.713077846650415e-25 
18.11405702851426 6.038443805222037e-25 
18.12606303151576 6.382416688740261e-25 
18.13806903451726 6.746064533466575e-25 
18.15007503751876 7.130516885167434e-25 
18.16208104052026 7.536968352166132e-25 
18.17408704352176 7.96668236419237e-25 
18.18609304652326 8.420995148979046e-25 
18.19809904952476 8.901319939251215e-25 
18.21010505252626 9.409151423488087e-25 
18.22211105552776 9.94607045461787e-25 
18.23411705852926 1.051374903162951e-24 
18.24612306153077 1.111395556995781e-24 
18.25812906453227 1.174856047742165e-24 
18.27013506753377 1.241954205347227e-24 
18.28214107053527 1.312899273054271e-24 
18.29414707353677 1.387912567738389e-24 
18.30615307653827 1.467228178543153e-24 
18.31815907953977 1.551093706047372e-24 
18.33016508254127 1.639771044318693e-24 
18.34217108554277 1.733537208348129e-24 
18.35417708854427 1.832685209504965e-24 
18.36618309154577 1.937524981805322e-24 
18.37818909454727 2.048384361950495e-24 
18.39019509754878 2.165610126263493e-24 
18.40220110055028 2.289569087834638e-24 
18.41420710355177 2.420649257380089e-24 
18.42621310655328 2.55926107152153e-24 
18.43821910955478 2.705838692411511e-24 
18.45022511255628 2.860841382857825e-24 
18.46223111555778 3.024754961342603e-24 
18.47423711855928 3.198093341588254e-24 
18.48624312156078 3.381400161593781e-24 
18.49824912456228 3.575250507352328e-24 
18.51025512756378 3.780252736764879e-24 
18.52226113056528 3.997050409586923e-24 
18.53426713356679 4.226324329585569e-24 
18.54627313656828 4.468794705445194e-24 
18.55827913956978 4.725223437341443e-24 
18.57028514257129 4.996416536507392e-24 
18.58229114557279 5.283226685543323e-24 
18.59429714857428 5.586555947674287e-24 
18.60630315157579 5.907358633638707e-24 
18.61830915457729 6.246644335398538e-24 
18.63031515757879 6.605481136398261e-24 
18.64232116058029 6.984999008668386e-24 
18.65432716358179 7.386393407670564e-24 
18.66633316658329 7.810929076418196e-24 
18.67833916958479 8.259944071080449e-24 
18.69034517258629 8.734854020990999e-24 
18.70235117558779 9.237156636738137e-24 
18.7143571785893 9.768436480812209e-24 
18.72636318159079 1.033037001613274e-23 
18.73836918459229 1.092473094867331e-23 
18.7503751875938 1.155339588135059e-23 
18.7623811905953 1.221835029734772e-23 
18.7743871935968 1.292169489210484e-23 
18.7863931965983 1.366565227433442e-23 
18.7983991995998 1.445257405760987e-23 
18.8104052026013 1.528494836533623e-23 
18.8224112056028 1.61654077732464e-23 
18.8344172086043 1.709673771497867e-23 
18.8464232116058 1.808188537778686e-23 
18.85842921460731 1.912396911701709e-23 
18.8704352176088 2.022628841966143e-23 
18.8824412206103 2.139233444907207e-23 
18.89444722361181 2.262580120479819e-23 
18.90645322661331 2.393059733349538e-23 
18.91845922961481 2.531085862896249e-23 
18.93046523261631 2.677096126158842e-23 
18.94247123561781 2.831553577985044e-23 
18.95447723861931 2.994948192900255e-23 
18.96648324162081 3.167798433473567e-23 
18.97848924462231 3.350652910239051e-23 
18.99049524762381 3.544092138526599e-23 
19.00250125062531 3.748730397870319e-23 
19.01450725362681 3.965217699994501e-23 
19.02651325662831 4.194241871728719e-23 
19.03851925962982 4.436530759575779e-23 
19.05052526263132 4.692854563050253e-23 
19.06253126563282 4.964028304322441e-23 
19.07453726863432 5.2509144421442e-23 
19.08654327163582 5.554425638500651e-23 
19.09854927463732 5.875527686926667e-23 
19.11055527763882 6.215242611951163e-23 
19.12256128064032 6.574651949686905e-23 
19.13456728364182 6.954900220171004e-23 
19.14657328664332 7.357198602683071e-23 
19.15857928964482 7.782828825926364e-23 
19.17058529264632 8.233147285654342e-23 
19.18259129564782 8.709589403062951e-23 
19.19459729864932 9.21367423805036e-23 
19.20660330165082 9.747009372272982e-23 
19.21860930465233 1.031129607780248e-22 
19.23061530765383 1.090833478811575e-22 
19.24262131065533 1.154003088913142e-22 
19.25462731365683 1.220840084904618e-22 
19.26663331665833 1.291557870682421e-22 
19.27863931965983 1.366382294035879e-22 
19.29064532266133 1.445552373655823e-22 
19.30265132566283 1.529321068691473e-22 
19.31465732866433 1.61795609334976e-22 
19.32666333166583 1.711740779177658e-22 
19.33866933466733 1.810974987823097e-22 
19.35067533766883 1.915976077234211e-22 
19.36268134067033 2.027079924430443e-22 
19.37468734367184 2.144642008163039e-22 
19.38669334667334 2.2690385549773e-22 
19.39869934967484 2.400667752395262e-22 
19.41070535267634 2.539951033155858e-22 
19.42271135567784 2.687334434680941e-22 
19.43471735867934 2.843290038180337e-22 
19.44672336168084 3.008317492068451e-22 
19.45872936468234 3.182945624639422e-22 
19.47073536768384 3.367734151238506e-22 
19.48274137068534 3.563275481475153e-22 
19.49474737368684 3.770196632349132e-22 
19.50675337668834 3.989161253506103e-22 
19.51875937968985 4.220871771204398e-22 
19.53076538269135 4.466071657961683e-22 
19.54277138569284 4.725547835259735e-22 
19.55477738869435 5.000133217119391e-22 
19.56678339169585 5.290709402816949e-22 
19.57878939469735 5.598209527499627e-22 
19.59079539769885 5.923621279972638e-22 
19.60280140070035 6.267990097475674e-22 
19.61480740370185 6.632422547843977e-22 
19.62681340670335 7.018089910060472e-22 
19.63881940970485 7.42623196485288e-22 
19.65082541270635 7.858161007675087e-22 
19.66283141570786 8.315266097137982e-22 
19.67483741870936 8.799017552723503e-22 
19.68684342171085 9.310971716429515e-22 
19.69884942471236 9.852775993854908e-22 
19.71085542771386 1.04261741911469e-21 
19.72286143071536 1.103301216519882e-21 
19.73486743371686 1.167524380550984e-21 
19.74687343671836 1.23549373672018e-21 
19.75887943971986 1.307428217583541e-21 
19.77088544272136 1.383559572588337e-21 
19.78289144572286 1.464133119600421e-21 
19.79489744872436 1.549408540562338e-21 
19.80690345172586 1.639660723877038e-21 
19.81890945472736 1.735180656264895e-21 
19.83091545772886 1.836276367003456e-21 
19.84292146073037 1.943273927630695e-21 
19.85492746373187 2.056518510373935e-21 
19.86693346673336 2.17637550875871e-21 
19.87893946973487 2.30323172405527e-21 
19.89094547273637 2.437496621435865e-21 
19.90295147573787 2.579603659944027e-21 
19.91495747873937 2.730011700618718e-21 
19.92696348174087 2.889206497371955e-21 
19.93896948474237 3.057702275489478e-21 
19.95097548774387 3.236043402910921e-21 
19.96298149074537 3.424806159749681e-21 
19.97498749374687 3.624600611834516e-21 
19.98699349674838 3.836072594395479e-21 
19.99899949974987 4.059905812377699e-21 
20.01100550275137 4.296824064248525e-21 
20.02301150575288 4.547593596568233e-21 
20.03501750875438 4.813025597022927e-21 
20.04702351175588 5.093978834072111e-21 
20.05902951475738 5.391362451843906e-21 
20.07103551775888 5.706138929419825e-21 
20.08304152076038 6.039327214189937e-21 
20.09504752376188 6.392006039530035e-21 
20.10705352676338 6.765317437656801e-21 
20.11905952976488 7.160470459157098e-21 
20.13106553276639 7.578745111365409e-21 
20.14307153576788 8.021496528481311e-21 
20.15507753876938 8.490159387079181e-21 
20.16708354177089 8.986252581467476e-21 
20.17908954477239 9.511384174207605e-21 
20.19109554777389 1.00672566380055e-20 
20.20310155077539 1.065567240614526e-20 
20.21510755377689 1.127853974964719e-20 
20.22711355677839 1.193787900040499e-20 
20.23911955977989 1.263582914069313e-20 
20.25112556278139 1.337465478063806e-20 
20.26313156578289 1.415675354652152e-20 
20.27513756878439 1.498466390413315e-20 
20.28714357178589 1.586107344281881e-20 
20.29914957478739 1.678882764738469e-20 
20.3111555777889 1.777093918661962e-20 
20.3231615807904 1.881059774889626e-20 
20.3351675837919 1.991118045710905e-20 
20.3471735867934 2.107626289711118e-20 
20.3591795897949 2.230963079582942e-20 
20.3711855927964 2.361529238737109e-20 
20.3831915957979 2.499749150769966e-20 
20.3951975987994 2.646072146085084e-20 
20.4072036018009 2.800973970219798e-20 
20.4192096048024 2.964958338696315e-20 
20.4312156078039 3.138558583501547e-20 
20.4432216108054 3.322339396601292e-20 
20.4552276138069 3.516898676213554e-20 
20.4672336168084 3.722869481903927e-20 
20.4792396198099 3.940922104924001e-20 
20.49124562281141 4.171766260593018e-20 
20.50325162581291 4.416153409924649e-20 
20.51525762881441 4.674879218126179e-20 
20.52726363181591 4.948786158047931e-20 
20.53926963481741 5.238766267137967e-20 
20.55127563781891 5.545764066962535e-20 
20.56328164082041 5.870779654887949e-20 
20.57528764382191 6.214871978086672e-20 
20.58729364682341 6.579162300630721e-20 
20.59929964982491 6.964837875071585e-20 
20.61130565282641 7.37315583057941e-20 
20.62331165582791 7.805447290427697e-20 
20.63531765882941 8.263121732365315e-20 
20.64732366183092 8.747671606218096e-20 
20.65932966483242 9.260677223909814e-20 
20.67133566783392 9.803811937990313e-20 
20.68334167083542 1.03788476257094e-19 
20.69534767383692 1.098766049668234e-19 
20.70735367683842 1.163223724325955e-19 
20.71935967983992 1.231468155384315e-19 
20.73136568284142 1.303722101058952e-19 
20.74337168584292 1.380221439420473e-19 
20.75537768884442 1.461215941988245e-19 
20.76738369184592 1.546970092985568e-19 
20.77938969484742 1.637763956953985e-19 
20.79139569784893 1.733894097584068e-19 
20.80340170085043 1.835674550788896e-19 
20.81540770385192 1.943437855225522e-19 
20.82741370685343 2.057536143659215e-19 
20.83941970985493 2.178342298766091e-19 
20.85142571285643 2.306251177182423e-19 
20.86343171585793 2.441680905834149e-19 
20.87543771885943 2.58507425481875e-19 
20.88744372186093 2.736900091364361e-19 
20.89944972486243 2.897654919658659e-19 
20.91145572786393 3.067864511623647e-19 
20.92346173086543 3.24808563401274e-19 
20.93546773386693 3.438907877524692e-19 
20.94747373686843 3.640955593965835e-19 
20.95947973986993 3.854889947848992e-19 
20.97148574287144 4.081411089195502e-19 
20.98349174587294 4.321260454707136e-19 
20.99549774887443 4.57522320489891e-19 
21.00750375187594 4.844130805232979e-19 
21.01950975487744 5.128863759769704e-19 
21.03151575787894 5.43035450635603e-19 
21.04352176088044 5.749590482905195e-19 
21.05552776388194 6.087617374887348e-19 
21.06753376688344 6.44554255474969e-19 
21.07953976988494 6.824538724619254e-19 
21.09154577288644 7.225847774313555e-19 
21.10355177588794 7.650784867396327e-19 
21.11555777888945 8.10074276876955e-19 
21.12756378189095 8.577196428091955e-19 
21.13956978489244 9.081707834160117e-19 
21.15157578789395 9.615931156284675e-19 
21.16358179089545 1.018161818964346e-18 
21.17558779389695 1.078062412259907e-18 
21.18759379689845 1.141491364503354e-18 
21.19959979989995 1.208656741788115e-18 
21.21160580290145 1.279778892523576e-18 
21.22361180590295 1.355091173167489e-18 
21.23561780890445 1.434840716878411e-18 
21.24762381190595 1.519289247628576e-18 
21.25962981490746 1.608713942468096e-18 
21.27163581790895 1.703408344790761e-18 
21.28364182091045 1.803683331620605e-18 
21.29564782391196 1.909868138117209e-18 
21.30765382691346 2.022311442687226e-18 
21.31965982991496 2.141382516290278e-18 
21.33166583291646 2.267472439739972e-18 
21.34367183591796 2.400995393026007e-18 
21.35567783891946 2.542390020921863e-18 
21.36768384192096 2.692120879395288e-18 
21.37968984492246 2.850679967606468e-18 
21.39169584792396 3.018588350562323e-18 
21.40370185092547 3.196397877795737e-18 
21.41570785392696 3.384693003756739e-18 
21.42771385692846 3.584092715939662e-18 
21.43971985992997 3.795252577127399e-18 
21.45172586293147 4.018866888512063e-18 
21.46373186593297 4.255670980852019e-18 
21.47573786893447 4.506443641249691e-18 
21.48774387193597 4.772009683584106e-18 
21.49974987493747 5.053242671108435e-18 
21.51175587793897 5.351067800227285e-18 
21.52376188094047 5.666464955002939e-18 
21.53576788394197 6.0004719425059e-18 
21.54777388694347 6.35418791972482e-18 
21.55977988994497 6.728777023386223e-18 
21.57178589294647 7.125472214707454e-18 
21.58379189594798 7.545579351819171e-18 
21.59579789894947 7.990481503349063e-18 
21.60780390195097 8.461643517458366e-18 
21.61980990495248 8.960616861470478e-18 
21.63181590795398 9.489044748128622e-18 
21.64382191095548 1.004866756547075e-17 
21.65582791395698 1.064132862831735e-17 
21.66783391695848 1.126898027043524e-17 
21.67983991995998 1.193369029757097e-17 
21.69184592296148 1.263764882274551e-17 
21.70385192596298 1.338317550647053e-17 
21.71585792896448 1.417272722589095e-17 
21.72786393196598 1.500890619828234e-17 
21.73986993496748 1.58944685858404e-17 
21.75187593796898 1.683233361029765e-17 
21.76388194097049 1.782559320759547e-17 
21.77588794397199 1.887752225463317e-17 
21.78789394697349 1.999158940201541e-17 
21.79989994997499 2.11714685487323e-17 
21.81190595297649 2.242105099683843e-17 
21.82391195597799 2.374445832645604e-17 
21.83591795897949 2.514605603382032e-17 
21.84792396198099 2.663046797761993e-17 
21.85992996498249 2.820259168157114e-17 
21.87193596798399 2.986761454400918e-17 
21.88394197098549 3.163103100829406e-17 
21.89594797398699 3.349866075102115e-17 
21.90795397698849 3.547666794840923e-17 
21.91995997999 3.757158168482202e-17 
21.9319659829915 3.979031757117559e-17 
21.943971985993 4.214020064500522e-17 
21.9559779889945 4.462898962822639e-17 
21.967983991996 4.72649026231374e-17 
21.9799899949975 5.005664433199334e-17 
21.991995997999 5.301343489054644e-17 
22.0040020010005 5.614504041131426e-17 
22.016008004002 5.946180533802292e-17 
22.0280140070035 6.297468671869489e-17 
22.040020010005 6.669529051123254e-17 
22.0520260130065 7.063591004210774e-17 
22.064032016008 7.480956674592984e-17 
22.07603801900951 7.923005332125101e-17 
22.088044022011 8.391197944600567e-17 
22.10005002501251 8.887082020449617e-17 
22.11205602801401 9.412296738685779e-17 
22.12406203101551 9.968578383149357e-17 
22.13606803401701 1.055776609910943e-16 
22.14807403701851 1.118180799135862e-16 
22.16008004002001 1.184276758407124e-16 
22.17208604302151 1.254283066389939e-16 
22.18409204602301 1.328431252905709e-16 
22.19609804902451 1.406966566849383e-16 
22.20810405202601 1.49014878966904e-16 
22.22011005502752 1.578253097112672e-16 
22.23211605802901 1.671570972107805e-16 
22.24412206103052 1.770411171809832e-16 
22.25612806403202 1.875100752035289e-16 
22.26813406703352 1.985986152487364e-16 
22.28014007003502 2.103434346383351e-16 
22.29214607303652 2.227834058308243e-16 
22.30415207603802 2.359597054345828e-16 
22.31615807903952 2.499159508779397e-16 
22.32816408204102 2.646983451909183e-16 
22.34017008504252 2.803558303803812e-16 
22.35217608804402 2.969402499089333e-16 
22.36418209104552 3.145065208182617e-16 
22.37618809404702 3.331128160697224e-16 
22.38819409704853 3.528207577090226e-16 
22.40020010005003 3.736956214979113e-16 
22.41220610305152 3.958065536939959e-16 
22.42421210605303 4.192268007002857e-16 
22.43621810905453 4.44033952348944e-16 
22.44822411205603 4.703101996291715e-16 
22.46023011505753 4.981426077172792e-16 
22.47223611805903 5.276234052180077e-16 
22.48424212106053 5.588502905801866e-16 
22.49624812406203 5.919267567070735e-16 
22.50825412706353 6.269624348423587e-16 
22.52026013006503 6.640734588770859e-16 
22.53226613306653 7.033828512908151e-16 
22.54427213606803 7.450209320124804e-16 
22.55627813906953 7.891257515628208e-16 
22.56828414207104 8.35843549921217e-16 
22.58029014507254 8.853292426455527e-16 
22.59229614807404 9.377469358645979e-16 
22.60430215107554 9.932704718586987e-16 
22.61630815407704 1.052084007046573e-15 
22.62831415707854 1.114382624304094e-15 
22.64032016008004 1.180372981655459e-15 
22.65232616308154 1.250273999498462e-15 
22.66433216608304 1.324317588654126e-15 
22.67633816908454 1.402749421667154e-15 
22.68834417208604 1.485829749927946e-15 
22.70035017508754 1.573834269339776e-15 
22.71235617808905 1.667055037416751e-15 
22.72436218109054 1.76580144486972e-15 
22.73636818409205 1.870401244919178e-15 
22.74837418709355 1.981201643766788e-15 
22.76038019009505 2.098570455861296e-15 
22.77238619309655 2.22289732781082e-15 
22.78439219609805 2.354595035022633e-15 
22.79639819909955 2.494100855394264e-15 
22.80840420210105 2.641878024636985e-15 
22.82041020510255 2.798417278085191e-15 
22.83241620810405 2.964238484133932e-15 
22.84442221110555 3.139892374752719e-15 
22.85642821410705 3.325962378847829e-15 
22.86843421710855 3.52306656458874e-15 
22.88044022011006 3.731859697178102e-15 
22.89244622311156 3.953035418930174e-15 
22.90445222611306 4.187328558931032e-15 
22.91645822911456 4.43551757998661e-15 
22.92846423211606 4.698427171023092e-15 
22.94047023511756 4.976930993589964e-15 
22.95247623811906 5.271954591630716e-15 
22.96448224112056 5.584478474231488e-15 
22.97648824412206 5.915541381635779e-15 
22.98849424712356 6.266243745425482e-15 
23.00050025012506 6.637751354417122e-15 
23.01250625312656 7.031299238509468e-15 
23.02451225612806 7.448195783446755e-15 
23.03651825912956 7.889827090233291e-15 
23.04852426213106 8.357661593752668e-15 
23.06053026513257 8.853254956010848e-15 
23.07253626813407 9.378255250340053e-15 
23.08454227113557 9.93440845387272e-15 
23.09654827413707 1.052356426662494e-14 
23.10855427713857 1.114768227662031e-14 
23.12056028014007 1.180883849164157e-14 
23.13256628314157 1.250923225942309e-14 
23.14457228614307 1.325119359939507e-14 
23.15657828914457 1.403719097046647e-14 
23.16858429214607 1.486983950079104e-14 
23.18059029514757 1.575190970700511e-14 
23.19259629814907 1.668633673206235e-14 
23.20460230115058 1.767623013252428e-14 
23.21660830415207 1.872488424800247e-14 
23.22861430715358 1.983578918739469e-14 
23.24062031015508 2.10126424686199e-14 
23.25262631315658 2.225936135074162e-14 
23.26463231615808 2.358009589968522e-14 
23.27663831915958 2.497924283120721e-14 
23.28864432216108 2.646146017737465e-14 
23.30065032516258 2.803168282556619e-14 
23.31265632816408 2.969513898192527e-14 
23.32466233116558 3.145736761428729e-14 
23.33666833416708 3.332423693287925e-14 
23.34867433716859 3.530196397056164e-14 
23.36068034017008 3.739713532806022e-14 
23.37268634317159 3.961672915353298e-14 
23.38469234617309 4.196813842994657e-14 
23.39669834917459 4.445919564811227e-14 
23.40870435217609 4.70981989478672e-14 
23.42071035517759 4.989393981479919e-14 
23.43271635817909 5.285573242511804e-14 
23.44472236118059 5.599344473679147e-14 
23.45672836418209 5.931753143090708e-14 
23.46873436718359 6.283906881341361e-14 
23.48074037018509 6.656979179395549e-14 
23.49274637318659 7.052213306546553e-14 
23.50475237618809 7.470926461554732e-14 
23.5167583791896 7.914514170848207e-14 
23.5287643821911 8.384454948496569e-14 
23.5407703851926 8.882315233544274e-14 
23.5527763881941 9.409754621218942e-14 
23.5647823911956 9.968531405513503e-14 
23.5767883941971 1.056050845168349e-13 
23.5887943971986 1.118765941830533e-13 
23.6008004002001 1.185207534971183e-13 
23.6128064032016 1.255597166086096e-13 
23.6248124062031 1.33016955380083e-13 
23.6368184092046 1.409173377994545e-13 
23.6488244122061 1.492872110604221e-13 
23.6608304152076 1.581544895889339e-13 
23.6728364182091 1.675487483102741e-13 
23.6848424212106 1.775013214688899e-13 
23.69684842421211 1.880454073316777e-13 
23.70885442721361 1.992161791251535e-13 
23.72086043021511 2.110509025778092e-13 
23.73286643321661 2.235890604610826e-13 
23.74487243621811 2.368724845458106e-13 
23.75687843921961 2.509454954158738e-13 
23.76888444222111 2.658550506070642e-13 
23.78089044522261 2.816509015670926e-13 
23.79289644822411 2.983857599622079e-13 
23.80490245122561 3.161154738872127e-13 
23.81690845422711 3.34899214568839e-13 
23.82891445722861 3.547996741876063e-13 
23.84092046023012 3.758832754805393e-13 
23.85292646323161 3.982203938265948e-13 
23.86493246623312 4.218855925584776e-13 
23.87693846923462 4.469578722888484e-13 
23.88894447223612 4.735209350858843e-13 
23.90095047523762 5.016634643829258e-13 
23.91295647823912 5.314794215596686e-13 
23.92496248124062 5.630683601882353e-13 
23.93696848424212 5.965357589966701e-13 
23.94897448724362 6.319933746651317e-13 
23.96098049024512 6.695596156365451e-13 
23.97298649324662 7.093599381939003e-13 
23.98499249624813 7.515272661310432e-13 
23.99699849924962 7.962024354228808e-13 
24.00900450225113 8.43534665384741e-13 
24.02101050525263 8.936820578994234e-13 
24.03301650825413 9.468121263845894e-13 
24.04502251125563 1.003102356272838e-12 
24.05702851425713 1.062740798882483e-12 
24.06903451725863 1.125926700669006e-12 
24.08104052026013 1.192871169965777e-12 
24.09304652326163 1.263797883448377e-12 
24.10505252626313 1.338943834690031e-12 
24.11705852926463 1.418560127316833e-12 
24.12906453226613 1.502912815421009e-12 
24.14107053526763 1.592283794048941e-12 
24.15307653826913 1.686971742748641e-12 
24.16508254127064 1.787293125339301e-12 
24.17708854427213 1.893583249254127e-12 
24.18909454727364 2.006197388007485e-12 
24.20110055027514 2.125511970549121e-12 
24.21310655327664 2.251925841492584e-12 
24.22511255627814 2.385861596442733e-12 
24.23711855927964 2.527766996899144e-12 
24.24912456228114 2.678116469479171e-12 
24.26113056528264 2.837412694487329e-12 
24.27313656828414 3.00618828915739e-12 
24.28514257128564 3.185007591211241e-12 
24.29714857428714 3.374468548715133e-12 
24.30915457728864 3.575204722570606e-12 
24.32116058029014 3.787887408355313e-12 
24.33316658329165 4.013227884629478e-12 
24.34517258629315 4.251979795248043e-12 
24.35717858929465 4.504941673668319e-12 
24.36918459229615 4.772959617719437e-12 
24.38119059529765 5.056930123804831e-12 
24.39319659829915 5.357803090044126e-12 
24.40520260130065 5.676584998427705e-12 
24.41720860430215 6.014342286658152e-12 
24.42921460730365 6.372204920989388e-12 
24.44122061030515 6.751370182048955e-12 
24.45322661330665 7.153106676343888e-12 
24.46523261630815 7.578758586908121e-12 
24.47723861930966 8.029750177352142e-12 
24.48924462231115 8.507590564426335e-12 
24.50125062531266 9.013878775110815e-12 
24.51325662831416 9.550309105199789e-12 
24.52526263131566 1.011867679736071e-11 
24.53726863431716 1.072088405772106e-11 
24.54927463731866 1.13589464311723e-11 
24.56128064032016 1.203499955678474e-11 
24.57328664332166 1.275130632600375e-11 
24.58529264632316 1.351026446764992e-11 
24.59729864932466 1.43144145851789e-11 
24.60930465232616 1.516644867317584e-11 
24.62131065532767 1.606921914166805e-11 
24.63331665832916 1.70257483785453e-11 
24.64532266133067 1.803923888218431e-11 
24.65732866433217 1.911308399828882e-11 
24.66933466733367 2.025087929698603e-11 
24.68134067033517 2.145643462837065e-11 
24.69334667333667 2.273378689696642e-11 
24.70535267633817 2.408721359798989e-11 
24.71735867933967 2.552124716085996e-11 
24.72936468234117 2.704069014810832e-11 
24.74137068534267 2.865063136071953e-11 
24.75337668834417 3.035646290397413e-11 
24.76538269134567 3.216389827109518e-11 
24.77738869434717 3.407899150541767e-11 
24.78939469734867 3.610815750542387e-11 
24.80140070035018 3.825819354082695e-11 
24.81340670335167 4.053630205195463e-11 
24.82541270635318 4.295011480899583e-11 
24.83741870935468 4.550771851224258e-11 
24.84942471235618 4.821768191930149e-11 
24.86143071535768 5.10890845903797e-11 
24.87343671835918 5.413154734818738e-11 
24.88544272136068 5.735526455476091e-11 
24.89744872436218 6.077103831361623e-11 
24.90945472736368 6.439031471211216e-11 
24.92146073036518 6.822522222576005e-11 
24.93346673336668 7.228861241348157e-11 
24.94547273636818 7.659410304051661e-11 
24.95747873936968 8.11561237738415e-11 
24.96948474237119 8.59899646036051e-11 
24.98149074537269 9.11118271532521e-11 
24.99349674837419 9.653887905071277e-11 
25.00550275137569 1.022893115433275e-10 
25.01750875437719 1.083824005500781e-10 
25.02951475737869 1.14838571356252e-10 
25.04152076038019 1.216794671679113e-10 
25.05352676338169 1.289280217565115e-10 
25.06553276638319 1.366085364377679e-10 
25.07753876938469 1.447467616434374e-10 
25.08954477238619 1.533699833601238e-10 
25.10155077538769 1.625071147255809e-10 
25.1135567783892 1.721887930903243e-10 
25.12556278139069 1.824474828707418e-10 
25.1375687843922 1.933175845393638e-10 
25.1495747873937 2.048355501185904e-10 
25.1615807903952 2.170400055660416e-10 
25.1735867933967 2.299718804628693e-10 
25.1855927963982 2.436745454409287e-10 
25.1975987993997 2.581939578107295e-10 
25.2096048024012 2.735788158796682e-10 
25.2216108054027 2.898807224792643e-10 
25.2336168084042 3.071543582510976e-10 
25.2456228114057 3.254576652739604e-10 
25.25762881440721 3.448520416495211e-10 
25.2696348174087 3.654025477006513e-10 
25.28164082041021 3.871781244756274e-10 
25.29364682341171 4.102518252928073e-10 
25.30565282641321 4.347010611042486e-10 
25.31765882941471 4.606078605032146e-10 
25.32966483241621 4.88059145249772e-10 
25.34167083541771 5.171470222408908e-10 
25.35367683841921 5.479690929067673e-10 
25.36568284142071 5.806287810737182e-10 
25.37768884442221 6.152356803961201e-10 
25.38969484742371 6.519059225256921e-10 
25.40170085042521 6.907625672562011e-10 
25.41370685342671 7.31936015955588e-10 
25.42571285642821 7.755644496758725e-10 
25.43771885942972 8.217942934142208e-10 
25.44972486243121 8.707807080865443e-10 
25.46173086543272 9.226881118682525e-10 
25.47373686843422 9.776907326555867e-10 
25.48574287143572 1.035973193505687e-09 
25.49774887443722 1.097731133024507e-09 
25.50975487743872 1.163171862789307e-09 
25.52176088044022 1.232515064017065e-09 
25.53376688344172 1.305993525822229e-09 
25.54577288644322 1.383853927547183e-09 
25.55777888944472 1.466357667797135e-09 
25.56978489244622 1.553781742968304e-09 
25.58179089544772 1.646419678224855e-09 
25.59379689844922 1.744582514056561e-09 
25.60580290145073 1.84859985173624e-09 
25.61780890445223 1.958820961194244e-09 
25.62981490745373 2.075615955037378e-09 
25.64182091045523 2.199377032662266e-09 
25.65382691345673 2.33051979864911e-09 
25.66583291645823 2.469484659871831e-09 
25.67783891945973 2.616738306025544e-09 
25.68984492246123 2.772775278553157e-09 
25.70185092546273 2.938119633250404e-09 
25.71385692846423 3.113326702144044e-09 
25.72586293146573 3.298984960572139e-09 
25.73786893446723 3.495718005749467e-09 
25.74987493746874 3.704186653476509e-09 
25.76188094047023 3.925091160048158e-09 
25.77388694347174 4.159173576839857e-09 
25.78589294647324 4.407220245495576e-09 
25.79789894947474 4.670064442115409e-09 
25.80990495247624 4.948589179342293e-09 
25.82191095547774 5.243730175779035e-09 
25.83391695847924 5.556479002730186e-09 
25.84592296148074 5.887886418860501e-09 
25.85792896448224 6.239065903994422e-09 
25.86993496748374 6.611197403951669e-09 
25.88194097048524 7.005531299024677e-09 
25.89394697348675 7.423392609456696e-09 
25.90595297648824 7.866185452077593e-09 
25.91795897948974 8.33539776310016e-09 
25.92996498249125 8.832606302976119e-09 
25.94197098549274 9.359481960160964e-09 
25.95397698849425 9.917795371643533e-09 
25.96598299149575 1.050942287916295e-08 
25.97798899449725 1.113635284116636e-08 
25.98999499749875 1.180069232175896e-08 
26.00200100050025 1.250467417916767e-08 
26.01400700350175 1.325066457758551e-08 
26.02601300650325 1.40411709476898e-08 
26.03801900950475 1.487885042263863e-08 
26.05002501250625 1.576651877795183e-08 
26.06203101550775 1.670715990537997e-08 
26.07403701850926 1.770393585266366e-08 
26.08604302151075 1.8760197462992e-08 
26.09804902451226 1.987949564998913e-08 
26.11005502751376 2.10655933461988e-08 
26.12206103051526 2.232247816530619e-08 
26.13406703351676 2.365437582074046e-08 
26.14607303651826 2.506576434584994e-08 
26.15807903951976 2.656138916354271e-08 
26.17008504252126 2.814627905614709e-08 
26.18209104552276 2.982576308927989e-08 
26.19409704852426 3.160548854672464e-08 
26.20610305152576 3.349143993672847e-08 
26.21810905452726 3.548995913373671e-08 
26.23011505752876 3.760776672341007e-08 
26.24212106053027 3.985198462282387e-08 
26.25412706353177 4.223016005204611e-08 
26.26613306653327 4.475029093784477e-08 
26.27813906953477 4.742085283510085e-08 
26.29014507253627 5.025082745661841e-08 
26.30215107553777 5.324973290744314e-08 
26.31415707853927 5.642765572554506e-08 
26.32616308154077 5.979528483680909e-08 
26.33816908454227 6.336394753872859e-08 
26.35017508754377 6.71456476340341e-08 
26.36218109054527 7.115310584273617e-08 
26.37418709354677 7.539980262873956e-08 
26.38619309654828 7.9900023585325e-08 
26.39819909954977 8.46689075324193e-08 
26.41020510255128 8.972249748771465e-08 
26.42221110555278 9.507779468338554e-08 
26.43421710855428 1.007528158104168e-07 
26.44622311155578 1.067666536834367e-07 
26.45822911455728 1.131395415304784e-07 
26.47023511755878 1.198929211243136e-07 
26.48224112056028 1.270495149849509e-07 
26.49424712356178 1.34633402896616e-07 
26.50625312656328 1.42670102997077e-07 
26.51825912956478 1.511866577125898e-07 
26.53026513256628 1.602117248280768e-07 
26.54227113556778 1.697756739994631e-07 
26.55427713856928 1.799106890334436e-07 
26.56628314157079 1.906508762793971e-07 
26.57828914457228 2.020323794987734e-07 
26.59029514757379 2.140935015991151e-07 
26.60230115057529 2.26874833643026e-07 
26.61430715357679 2.404193915669213e-07 
26.62631315657829 2.547727610703957e-07 
26.63831915957979 2.699832511645919e-07 
26.65032516258129 2.861020568971511e-07 
26.66233116558279 3.0318343180227e-07 
26.67433716858429 3.212848706571811e-07 
26.68634317158579 3.404673031611298e-07 
26.69834917458729 3.607952991897509e-07 
26.7103551775888 3.823372863167838e-07 
26.72236118059029 4.051657803364358e-07 
26.7343671835918 4.293576295635412e-07 
26.7463731865933 4.549942737351339e-07 
26.7583791895948 4.821620183862881e-07 
26.7703851925963 5.109523256252739e-07 
26.7823911955978 5.414621222883792e-07 
26.7943971985993 5.737941265133671e-07 
26.8064032016008 6.080571938326577e-07 
26.8184092046023 6.443666839531566e-07 
26.8304152076038 6.828448494594292e-07 
26.8424212106053 7.236212477508614e-07 
26.8544272136068 7.668331776018144e-07 
26.8664332166083 8.126261418168362e-07 
26.87843921960981 8.611543375410139e-07 
26.89044522261131 9.125811758788283e-07 
26.90245122561281 9.670798325737466e-07 
26.91445722861431 1.024833831605551e-06 
26.92646323161581 1.086037663673453e-06 
26.93846923461731 1.150897441650727e-06 
26.95047523761881 1.219631595221292e-06 
26.96248124062031 1.292471607040897e-06 
26.97448724362181 1.3696627929056e-06 
26.98649324662331 1.451465128558724e-06 
26.99849924962481 1.53815412592481e-06 
27.01050525262631 1.630021761725822e-06 
27.02251125562782 1.727377461611619e-06 
27.03451725862931 1.830549143123963e-06 
27.04652326163082 1.939884321011858e-06 
27.05852926463232 2.055751278626377e-06 
27.07053526763382 2.178540309346082e-06 
27.08254127063532 2.308665032220418e-06 
27.09454727363682 2.446563786268919e-06 
27.10655327663832 2.592701108139411e-06 
27.11855927963982 2.747569298109702e-06 
27.13056528264132 2.911690079715338e-06 
27.14257128564282 3.085616358601913e-06 
27.15457728864432 3.269934086535274e-06 
27.16658329164582 3.465264236857769e-06 
27.17858929464732 3.672264898054794e-06 
27.19059529764882 3.891633492494462e-06 
27.20260130065033 4.124109127825588e-06 
27.21460730365182 4.370475088966915e-06 
27.22661330665333 4.63156147909493e-06 
27.23861930965483 4.908248018540441e-06 
27.25062531265633 5.201467011037037e-06 
27.26263131565783 5.512206487329325e-06 
27.27463731865933 5.841513536747394e-06 
27.28664332166083 6.190497837988393e-06 
27.29864932466233 6.560335401018371e-06 
27.31065532766383 6.952272532720142e-06 
27.32266133066533 7.367630039668065e-06 
27.33466733366683 7.807807682211019e-06 
27.34667333666833 8.274288894893028e-06 
27.35867933966983 8.768645789140035e-06 
27.37068534267134 9.292544455093996e-06 
27.38269134567284 9.847750580485239e-06 
27.39469734867434 1.043613540550424e-05 
27.40670335167584 1.1059682033768e-05 
27.41870935467734 1.172049212067844e-05 
27.43071535767884 1.242079296174385e-05 
27.44272136068034 1.316294500478494e-05 
27.45472736368184 1.394944981137769e-05 
27.46673336668334 1.478295849440178e-05 
27.47873936968484 1.566628066017063e-05 
27.49074537268634 1.660239388532266e-05 
27.50275137568784 1.759445376045832e-05 
27.51475737868935 1.864580453442108e-05 
27.52676338169085 1.975999039514836e-05 
27.53876938469235 2.094076742516716e-05 
27.55077538769385 2.219211627208722e-05 
27.56278139069535 2.351825557685841e-05 
27.57478739369685 2.492365620511713e-05 
27.58679339669835 2.641305632965844e-05 
27.59879939969985 2.799147741494396e-05 
27.61080540270135 2.966424115760128e-05 
27.62281140570285 3.143698744009866e-05 
27.63481740870435 3.331569335819928e-05 
27.64682341170585 3.530669338642566e-05 
27.65882941470735 3.741670074960667e-05 
27.67083541770885 3.965283007265272e-05 
27.68284142071035 4.202262138502043e-05 
27.69484742371186 4.453406556090264e-05 
27.70685342671336 4.719563128102789e-05 
27.71885942971486 5.001629360709133e-05 
27.73086543271636 5.300556426528516e-05 
27.74287143571786 5.61735237411678e-05 
27.75487743871936 5.953085529422792e-05 
27.76688344172086 6.308888100698235e-05 
27.77888944472236 6.685959999031782e-05 
27.79089544772386 7.085572887406783e-05 
27.80290145072536 7.50907447195342e-05 
27.81490745372686 7.95789304988417e-05 
27.82691345672836 8.433542329468335e-05 
27.83891945972987 8.937626538320161e-05 
27.85092546273136 9.47184583724876e-05 
27.86293146573287 0.0001003800205795009 
27.87493746873437 0.00010638004783915 
27.88694347173587 0.0001127387779508661 
27.89894947473737 0.0001194776589802864 
27.91095547773887 0.000126619421646688 
27.92296148074037 0.00013418815604061 
27.93496748374187 0.0001422093929307284 
27.94697348674337 0.0001507101899345518 
27.95897948974487 0.0001597192228439303 
27.97098549274637 0.0001692668824137875 
27.98299149574787 0.0001793853769409345 
27.99499749874937 0.0001901088409793853 
28.00700350175088 0.000201473450559324 
28.01900950475238 0.000213517545298838 
28.03101550775388 0.0002262817578208216 
28.04302151075538 0.0002398091509121274 
28.05502751375688 0.0002541453628881985 
28.06703351675838 0.0002693387616541365 
28.07903951975988 0.0002854406079825339 
28.09104552276138 0.000302505228559541 
28.10305152576288 0.0003205901993836346 
28.11505752876438 0.0003397565401365316 
28.12706353176588 0.0003600689201827598 
28.13906953476738 0.000381595876893683 
28.15107553776889 0.000404410047033418 
28.16308154077038 0.0004285884119882077 
28.17508754377189 0.0004542125576675911 
28.18709354677339 0.0004813689499552736 
28.19909954977489 0.0005101492266401465 
28.21110555277639 0.0005406505068135803 
28.22311155577789 0.0005729757187781318 
28.23511755877939 0.000607233947575354 
28.24712356178089 0.0006435408033066824 
28.25912956478239 0.0006820188114916346 
28.27113556778389 0.0007227978267820172 
28.28314157078539 0.0007660154714297554 
28.29514757378689 0.0008118175999896038 
28.30715357678839 0.0008603587918266446 
28.31915957978989 0.0009118028730924343 
28.3311655827914 0.0009663234699332403 
28.34317158579289 0.001024104594799344 
28.3551775887944 0.001085341267836246 
28.3671835917959 0.00115024017545716 
28.3791895947974 0.001219020368321822 
28.3911955977989 0.001291914001079823 
28.4032016008004 0.001369167116377793 
28.4152076038019 0.001451040475779363 
28.4272136068034 0.001537810440405377 
28.4392196098049 0.001629769904269837 
28.4512256128064 0.001727229283465167 
28.4632316158079 0.001830517564539124 
28.47523761880941 0.00193998341560574 
28.4872436218109 0.002055996363944676 
28.49924962481241 0.002178948044068103 
28.51125562781391 0.002309253520472387 
28.52326163081541 0.002447352689544251 
28.53526763381691 0.002593711765358645 
28.54727363681841 0.002748824854389082 
28.55927963981991 0.002913215624451712 
28.57128564282141 0.003087439073522931 
28.58329164582291 0.003272083404407859 
28.59529764882441 0.003467772011594844 
28.60730365182591 0.003675165587010302 
28.61930965482741 0.003894964351790143 
28.63131565782891 0.004127910421609946 
28.64332166083042 0.004374790313567524 
28.65532766383192 0.004636437603090014 
28.66733366683342 0.004913735739844697 
28.67933966983492 0.005207621032170301 
28.69134567283642 0.005519085810115149 
28.70335167583792 0.005849181777772293 
28.71535767883942 0.006199023566241684 
28.72736368184092 0.006569792499227615 
28.73936968484242 0.006962740583998533 
28.75137568784392 0.007379194741198101 
28.76338169084542 0.007820561287803921 
28.77538769384692 0.008288330688386041 
28.78739369684843 0.008784082590724464 
28.79939969984992 0.009309491162806206 
28.81140570285143 0.009866330749241228 
28.82341170585293 0.01045648186621665 
28.83541770885443 0.01108193755525296 
28.84742371185593 0.01174481011723913 
28.85942971485743 0.01244733824950924 
28.87143571785893 0.01319189461008571 
28.88344172086043 0.01398099383465868 
28.89544772386193 0.01481730103340153 
28.90745372686343 0.01570364079634522 
28.91945972986493 0.01664300673775313 
28.93146573286643 0.01763857161176101 
28.94347173586793 0.01869369803347769 
28.95547773886943 0.01981194984178986 
28.96748374187094 0.02099710414228336 
28.97948974487243 0.02225316407099389 
28.99149574787394 0.02358437232213638 
29.00350175087544 0.02499522548554653 
29.01550775387694 0.02649048924230502 
29.02751375687844 0.02807521446991763 
29.03951975987994 0.02975475431149934 
29.05152576288144 0.03153478226667068 
29.06353176588294 0.03342131136532946 
29.07553776888444 0.03542071448912265 
29.08754377188594 0.03753974590932437 
29.09954977488744 0.03978556411393917 
29.11155577788895 0.04216575600120982 
29.12356178089044 0.04468836252132905 
29.13556778389195 0.04736190585305267 
29.14757378689345 0.0501954182071017 
29.15957978989495 0.05319847235374292 
29.17158579289645 0.05638121397776779 
29.18359179589795 0.05975439597026994 
29.19559779889945 0.06332941477317142 
29.20760380190095 0.06711834889939007 
29.21960980490245 0.07113399975889825 
29.23161580790395 0.0753899349287219 
29.24362181090545 0.07990053401319404 
29.25562781390695 0.08468103724953784 
29.26763381690845 0.08974759702313824 
29.27963981990996 0.09511733246670334 
29.29164582291146 0.1008083873279463 
29.30365182591296 0.106839991301473 
29.31565782891446 0.113232525032278 
29.32766383191596 0.1200075890106703 
29.33966983491746 0.1271880765916098 
29.35167583791896 0.1347982513853893 
29.36368184092046 0.1428638292813796 
29.37568784392196 0.1514120653822252 
29.38769384692346 0.1604718461424929 
29.39969984992496 0.1700737870233716 
29.41170585292646 0.1802503359936861 
29.42371185592796 0.1910358832272603 
29.43571785892946 0.2024668773676238 
29.44772386193096 0.2145819487532746 
29.45972986493247 0.2274220400202487 
29.47173586793397 0.2410305445237113 
29.48374187093547 0.2554534530467255 
29.49574787393697 0.270739509292391 
29.50775387693847 0.2869403746852611 
29.51975987993997 0.3041108030394292 
29.53176588294147 0.3223088256840606 
29.54377188594297 0.341595947672519 
29.55577788894447 0.3620373557387306 
29.56778389194597 0.3837021387041697 
29.57978989494747 0.4066635210809703 
29.59179589794897 0.4309991106613082 
29.60380190095048 0.4567911609305182 
29.61580790395197 0.4841268491915531 
29.62781390695348 0.5130985713415535 
29.63981990995498 0.5438042542976241 
29.65182591295648 0.5763476871286303 
29.66383191595798 0.6108388720131057 
29.67583791895948 0.6473943962104464 
29.68784392196098 0.6861378263036528 
29.69984992496248 0.7272001260472374 
29.71185592796398 0.7707200992337717 
29.72386193096548 0.8168448590772022 
29.73586793396698 0.8657303257007721 
29.74787393696849 0.9175417534124799 
29.75987993996998 0.9724542895517854 
29.77188594297149 1.0306535667981 
29.78389194597299 1.09233633094481 
29.79589794897449 1.157711106262574 
29.80790395197599 1.226998900702846 
29.81990995497749 1.300433953327335 
29.83191595797899 1.378264526492042 
29.84392196098049 1.460753745465887 
29.85592796398199 1.548180488324503 
29.86793396698349 1.640840329129841 
29.87993996998499 1.739046537586566 
29.89194597298649 1.843131138557301 
29.90395197598799 1.953446035021364 
29.9159579789895 2.070364198276269 
29.927963981991 2.194280929408867 
29.9399699849925 2.325615196304097 
29.951975987994 2.464811050715007 
29.9639819909955 2.612339130188554 
29.975987993997 2.768698249928898 
29.9879939969985 2.934417089984215 
30 3.110055983465644 
