6 0
6.012006003001501 2.692930436901871e-66
6.024012006003002 7.217411185729221e-66
6.036018009004502 1.654037656045342e-65
6.048024012006003 3.65997240370312e-65
6.060030015007504 7.984770332065113e-65
6.072036018009005 1.724702086516168e-64
6.084042021010506 3.691728916596684e-64
6.096048024012006 7.832805372230751e-64
6.108054027013507 1.647494456937813e-63
6.120060030015008 3.435452699750612e-63
6.132066033016509 7.102785780668375e-63
6.144072036018009 1.45609178190962e-62
6.156078039019509 2.96001772767288e-62
6.16808404202101 5.967266176433778e-62
6.180090045022511 1.193058790980311e-61
6.192096048024012 2.365828192125999e-61
6.204102051025512 4.653383561257665e-61
6.216108054027013 9.079207352669624e-61
6.228114057028514 1.757313990758037e-60
6.240120060030015 3.374440894550243e-60
6.252126063031516 6.428856769502941e-60
6.264132066033016 1.21527155976222e-59
6.276138069034517 2.279546865338005e-59
6.288144072036018 4.243136643168132e-59
6.300150075037519 7.8381984097405e-59
6.31215607803902 1.437021990610443e-58
6.32416208104052 2.614902059066906e-58
6.336168084042021 4.723010977292671e-58
6.348174087043522 8.467991211706272e-58
6.360180090045023 1.507182678452423e-57
6.372186093046524 2.663184855600758e-57
6.384192096048024 4.672101371455085e-57
6.396198099049525 8.138119533692952e-57
6.408204102051026 1.407543425404212e-56
6.420210105052527 2.417409755174807e-56
6.432216108054027 4.123006293313233e-56
6.444222111055527 6.983566049018552e-56
6.456228114057028 1.174800175072508e-55
6.468234117058529 1.962899168674058e-55
6.48024012006003 3.25763679037519e-55
6.49224612306153 5.370332717830944e-55
6.504252126063031 8.794608230787701e-55
6.516258129064532 1.430774581533861e-54
6.528264132066033 2.312531826590242e-54
6.540270135067534 3.713540000411639e-54
6.552276138069034 5.925079894417576e-54
6.564282141070535 9.393503331369512e-54
6.576288144072036 1.479822230139668e-53
6.588294147073537 2.316653561584886e-53
6.600300150075038 3.604151052440375e-53
6.612306153076538 5.57257218602552e-53
6.624312156078039 8.56326652564459e-53
6.63631815907954 1.307898979742721e-52
6.648324162081041 1.985544351593413e-52
6.660330165082541 2.996229217299199e-52
6.672336168084042 4.494482091740382e-52
6.684342171085543 6.702121628773397e-52
6.696348174087044 9.93554206726456e-52
6.708354177088545 1.46431915385763e-51
6.720360180090045 2.145669673984409e-51
6.732366183091546 3.126012257455501e-51
6.744372186093047 4.528315256705643e-51
6.756378189094547 6.522558542420691e-51
6.768384192096048 9.342251972257284e-51
6.780390195097548 1.330620000121137e-50
6.792396198099049 1.884697820519322e-50
6.80440220110055 2.654792983880308e-50
6.816408204102051 3.719089171319587e-50
6.828414207103552 5.181732231690232e-50
6.840420210105052 7.180603290326982e-50
6.852426213106553 9.897131309042048e-50
6.864432216108054 1.356858913777312e-49
6.876438219109555 1.85033867891584e-49
6.888444222111056 2.50999485384442e-49
6.900450225112556 3.386983411702948e-49
6.912456228114057 4.546583544958383e-49
6.924462231115558 6.071584478323079e-49
6.936468234117059 8.066334224256118e-49
6.948474237118559 1.066153841898046e-48
6.96048024012006 1.401989804032376e-48
6.972486243121561 1.834267189587761e-48
6.984492246123062 2.387724226539848e-48
6.996498249124563 3.092574888624263e-48
7.008504252126063 3.985483642901255e-48
7.020510255127563 5.110653256434481e-48
7.032516258129064 6.521023656200297e-48
7.044522261130565 8.279575111093194e-48
7.056528264132066 1.046072319430099e-47
7.068534267133566 1.315178604341703e-47
7.080540270135067 1.645449636279214e-47
7.092546273136568 2.04865214595791e-47
7.104552276138069 2.538294449062751e-47
7.11655827913957 3.129764921514086e-47
7.12856428214107 3.84045391795021e-47
7.140570285142571 4.689851077882832e-47
7.152576288144072 5.699608851611524e-47
7.164582291145573 6.893562057801546e-47
7.176588294147074 8.297692422710168e-47
7.188594297148574 9.940026420244818e-47
7.200600300150075 1.185045441228787e-46
7.212606303151576 1.406045916209697e-46
7.224612306153077 1.660274234294717e-46
7.236618309154577 1.951073876810291e-46
7.248624312156078 2.28180097957364e-46
7.260630315157579 2.655750977081663e-46
7.27263631815908 3.076072248978901e-46
7.284642321160581 3.545666852765469e-46
7.296648324162081 4.067078883027468e-46
7.308654327163582 4.642371519637986e-46
7.320660330165083 5.272994406273184e-46
7.332666333166584 5.959643622959651e-46
7.344672336168085 6.702117164924471e-46
7.356678339169584 7.499169493191306e-46
7.368684342171085 8.348369355258202e-46
7.380690345172586 9.245965657747742e-46
7.392696348174087 1.018676667705087e-45
7.404702351175588 1.116403828570603e-45
7.416708354177088 1.21694271194124e-45
7.428714357178589 1.319291468111536e-45
7.44072036018009 1.422280824575857e-45
7.452726363181591 1.524577406848201e-45
7.464732366183092 1.624691779235442e-45
7.476738369184592 1.720991608909231e-45
7.488744372186093 1.811720244700939e-45
7.500750375187594 1.895020865375804e-45
7.512756378189095 1.968966192806249e-45
7.524762381190595 2.031593586736638e-45
7.536768384192096 2.080945144004356e-45
7.548774387193597 2.115112221765359e-45
7.560780390195098 2.132283597876739e-45
7.572786393196599 2.130796279435607e-45
7.584792396198099 2.109187780515648e-45
7.596798399199599 2.066248520572106e-45
7.6088044022011 2.001072854108727e-45
7.620810405202601 1.913107137917911e-45
7.632816408204102 1.802193181852427e-45
7.644822411205602 1.668605418809777e-45
7.656828414207103 1.513080174355485e-45
7.668834417208604 1.336835519285372e-45
7.680840420210105 1.141580350661511e-45
7.692846423211606 9.295115675261901e-46
7.704852426213106 7.032984833524616e-46
7.716858429214607 4.660539428099621e-46
7.728864432216108 2.212919778185172e-46
7.740870435217609 -2.712776280454915e-47
7.75287643821911 -2.750681562503095e-46
7.76488244122061 -5.181942408460677e-46
7.776888444222111 -7.520628440120727e-46
7.788894447223612 -9.722203069510148e-46
7.800900450225113 -1.174306050611893e-45
7.812906453226613 -1.354159419915587e-45
7.824912456228114 -1.507927000839394e-45
7.836918459229615 -1.632167439404883e-45
7.848924462231116 -1.723950712412921e-45
7.860930465232617 -1.780948813760857e-45
7.872936468234117 -1.801514931195757e-45
7.884942471235618 -1.784748396986453e-45
7.896948474237119 -1.730542999349252e-45
7.90895447723862 -1.639616633234568e-45
7.920960480240121 -1.51352073967492e-45
7.932966483241621 -1.354628519569821e-45
7.944972486243121 -1.166101495141666e-45
7.956978489244622 -9.518346127040002e-46
7.968984492246123 -7.163807145704394e-46
7.980990495247624 -4.64855835612409e-46
7.992996498249124 -2.028273806410074e-46
8.005002501250626 6.381220769463413e-47
8.017008504252125 3.289831933355433e-46
8.029014507253628 5.865642020859061e-46
8.041020510255127 8.305419796418829e-46
8.053026513256629 1.055161246952868e-45
8.065032516258128 1.255070567509931e-45
8.077038519259631 1.425460182820147e-45
8.08904452226113 1.562187935964013e-45
8.101050525262632 1.66188968505828e-45
8.113056528264131 1.722071001091453e-45
8.125062531265632 1.741177436696314e-45
8.137068534267133 1.718641229490604e-45
8.149074537268634 1.654902948294028e-45
8.161080540270135 1.551407283313532e-45
8.173086543271635 1.410572901196639e-45
8.185092546273136 1.23573701074622e-45
8.197098549274637 1.031075993055538e-45
8.209104552276138 8.01504119416049e-46
8.221110555277638 5.525529914915903e-46
8.233116558279139 2.902348727736044e-46
8.24512256128064 2.089352262936632e-47
8.257128564282141 -2.4895351829022e-46
8.269134567283642 -5.127770191463092e-46
8.281140570285142 -7.641982507168889e-46
8.293146573286643 -9.971470200566931e-46
8.305152576288144 -1.20601142785233e-45
8.317158579289645 -1.385775480304682e-45
8.329164582291146 -1.53214104484162e-45
8.341170585292646 -1.641631090076814e-45
8.353176588294147 -1.711671680766976e-45
8.365182591295648 -1.74065079157186e-45
8.377188594297149 -1.727952641186717e-45
8.389194597298649 -1.673966911945778e-45
8.40120060030015 -1.580072890021991e-45
8.413206603301651 -1.448599218886576e-45
8.425212606303152 -1.282760585578691e-45
8.437218609304653 -1.086573238779472e-45
8.449224612306153 -8.647517547023781e-46
8.461230615307654 -6.225899086462293e-46
8.473236618309155 -3.65828866438018e-46
8.485242621310656 -1.00516173408358e-46
8.497248624312157 1.671408156765657e-46
8.509254627313657 4.309233559346831e-46
8.521260630315158 6.847479031236893e-46
8.533266633316659 9.228073245810407e-46
8.54527263631816 1.13970339399387e-45
8.55727863931966 1.330567528415438e-45
8.569284642321161 1.491167090241082e-45
8.58129064532266 1.617994998826641e-45
8.593296648324163 1.708340863096067e-45
8.605302651325662 1.760342344169354e-45
8.617308654327164 1.773015971772102e-45
8.629314657328663 1.746267156093731e-45
8.641320660330166 1.680879644462612e-45
8.653326663331665 1.578485157141033e-45
8.665332666333168 1.441514387278233e-45
8.677338669334667 1.273130956554735e-45
8.689344672336169 1.077150271852012e-45
8.701350675337668 8.579455226576136e-46
8.713356678339169 6.203432889850657e-46
8.72536268134067 3.695113923250363e-46
8.737368684342171 1.108417163685049e-46
8.749374687343671 -1.501692494298334e-46
8.761380690345172 -4.080394296659812e-46
8.773386693346673 -6.574171334871549e-46
8.785392696348174 -8.931915208200016e-46
8.797398699349674 -1.110595317447713e-45
8.809404702351175 -1.30529778326707e-45
8.821410705352676 -1.473486224495904e-45
8.833416708354177 -1.611934653925547e-45
8.845422711355678 -1.718058534961787e-45
8.857428714357178 -1.789954886626558e-45
8.869434717358679 -1.826427369577869e-45
8.88144072036018 -1.826996309637783e-45
8.893446723361681 -1.791893937973793e-45
8.905452726363182 -1.722045429351271e-45
8.917458729364682 -1.619036596013556e-45
8.929464732366183 -1.485069339904271e-45
8.941470735367684 -1.322906176291113e-45
8.953476738369185 -1.135805314535023e-45
8.965482741370685 -9.274479149693843e-46
8.977488744372186 -7.018592337794481e-46
8.989494747373687 -4.633254205458257e-46
9.001500750375188 -2.163077467450982e-46
9.013506753376689 3.464398018234575e-47
9.025512756378189 2.849771210528757e-46
9.03751875937969 5.302194214071926e-46
9.049524762381191 7.660582522873412e-46
9.061530765382692 9.884145294714282e-46
9.073536768384193 1.193510127098568e-45
9.085542771385693 1.377927778660002e-45
9.097548774387194 1.538662646156987e-45
9.109554777388695 1.673164932404181e-45
9.121560780390196 1.779373107713333e-45
9.133566783391696 1.855737516480306e-45
9.145572786393197 1.901234317778347e-45
9.157578789394698 1.915369893541668e-45
9.169584792396197 1.898176025336644e-45
9.1815907953977 1.850196293517657e-45
9.193596798399199 1.772464288682958e-45
9.205602801400701 1.666474343173075e-45
9.2176088044022 1.534145588757309e-45
9.229614807403703 1.377780224962041e-45
9.241620810405202 1.200016940465813e-45
9.253626813406704 1.003780467806161e-45
9.265632816408203 7.922282698565111e-46
9.277638819409706 5.686953560385056e-46
9.289644822411205 3.366382082205893e-46
9.301650825412706 9.957876215506514e-47
9.313656828414207 -1.389506582356476e-46
9.325662831415707 -3.7546061760193e-46
9.337668834417208 -6.065552927516161e-46
9.349674837418709 -8.28979959599839e-46
9.36168084042021 -1.039664647507216e-45
9.37368684342171 -1.235763457349852e-45
9.385692846423211 -1.414689134887559e-45
9.397698849424712 -1.574142587296258e-45
9.409704852426213 -1.712137126387997e-45
9.421710855427714 -1.827017315479828e-45
9.433716858429214 -1.917472386663771e-45
9.445722861430715 -1.98254428012052e-45
9.457728864432216 -2.021630436027118e-45
9.469734867433717 -2.03448154164039e-45
9.481740870435218 -2.021194500580624e-45
9.493746873436718 -1.982200947665166e-45
9.505752876438219 -1.918251680497178e-45
9.51775887943972 -1.830397418216771e-45
9.529764882441221 -1.719966328345276e-45
9.541770885442721 -1.588538784618504e-45
9.553776888444222 -1.437919832363968e-45
9.565782891445723 -1.270109843698175e-45
9.577788894447224 -1.087273843073349e-45
9.589794897448725 -8.917099750405086e-46
9.601800900450225 -6.858175711412021e-46
9.613806903451726 -4.720652522654863e-46
9.625812906453227 -2.529594773287286e-46
9.637818909454728 -3.101391945848811e-47
9.649824912456229 1.91279982217905e-46
9.661830915457729 4.114809828976479e-46
9.67383691845923 6.272242300392617e-46
9.685842921460731 8.362454634927117e-46
9.697848924462232 1.036403022119244e-45
9.709854927463732 1.225697500934003e-45
9.721860930465233 1.402288941995872e-45
9.733866933466732 1.564511480403525e-45
9.745872936468235 1.710885403377783e-45
9.757878939469734 1.840126615121158e-45
9.769884942471236 1.951153532609247e-45
9.781890945472735 2.043091467407794e-45
9.793896948474238 2.115274575804227e-45
9.805902951475737 2.167245483832961e-45
9.81790895447724 2.198752715051585e-45
9.829914957478739 2.209746067133053e-45
9.841920960480241 2.200370098471011e-45
9.85392696348174 2.170955898083334e-45
9.865932966483243 2.122011321218076e-45
9.877938969484742 2.054209879325044e-45
9.889944972486242 1.968378476592122e-45
9.901950975487743 1.865484186224084e-45
9.913956978489244 1.746620258244574e-45
9.925962981490745 1.612991547032399e-45
9.937968984492246 1.465899541272843e-45
9.949974987493746 1.306727171733585e-45
9.961980990495247 1.136923563489099e-45
9.973986993496748 9.579888891415455e-46
9.985992996498249 7.714594684441163e-46
9.99799899949975 5.788932477422863e-46
10.01000500250125 3.818557800195625e-46
10.02201100550275 1.819068132679386e-46
10.03401700850425 -1.941241841192381e-47
10.04602301150575 -2.205911199637579e-46
10.05802901450725 -4.201600090641504e-46
10.07003501750875 -6.167014836918748e-46
10.08204102051026 -8.088588416200077e-46
10.09404702351176 -9.953445220865089e-46
10.10605302651326 -1.1749473515302e-45
10.11805902951476 -1.346538786244397e-45
10.13006503251626 -1.50907815502933e-45
10.14207103551776 -1.661616914364629e-45
10.15407703851926 -1.803301937232647e-45
10.16608304152076 -1.933377864476135e-45
10.17808904452226 -2.051188554454655e-45
10.19009504752376 -2.156177672769685e-45
10.20210105052526 -2.247888468965777e-45
10.21410705352676 -2.325962791400185e-45
10.22611305652826 -2.390139394931069e-45
10.23811905952977 -2.4402515987351e-45
10.25012506253126 -2.476224353468322e-45
10.26213106553277 -2.498070778170766e-45
10.27413706853427 -2.505888227833039e-45
10.28614307153577 -2.499853952441906e-45
10.29814907453727 -2.480220407653706e-45
10.31015507753877 -2.447310276063762e-45
10.32216108054027 -2.401511256400489e-45
10.33416708354177 -2.343270675929183e-45
10.34617308654327 -2.273089978957483e-45
10.35817908954477 -2.191519141643736e-45
10.37018509254627 -2.099151060372463e-45
10.38219109554777 -1.996615957827793e-45
10.39419709854927 -1.884575847611522e-45
10.40620310155078 -1.763719094862585e-45
10.41820910455228 -1.634755106879516e-45
10.43021510755378 -1.498409184265772e-45
10.44222111055528 -1.355417559644008e-45
10.45422711355678 -1.206522647551598e-45
10.46623311655828 -1.052468525763719e-45
10.47823911955978 -8.939966650184496e-46
10.49024512256128 -7.318419209611987e-46
10.50225112556278 -5.667287991031391e-46
10.51425712856428 -3.993680007156595e-46
10.52626313156578 -2.304532548731555e-46
10.53826913456728 -6.065843931978916e-47
10.55027513756878 1.093650095200861e-46
10.56228114057028 2.789903992381653e-46
10.57428714357179 4.47617800676652e-46
10.58629314657329 6.146757893239576e-46
10.59829914957479 7.796229160972719e-46
10.61030515257629 9.419489161540847e-46
10.62231115557779 1.101175665608926e-45
10.63431715857929 1.256857897089053e-45
10.64632316158079 1.408583685949868e-45
10.65832916458229 1.555974719695045e-45
10.67033516758379 1.69868636371567e-45
10.68234117058529 1.836407536886123e-45
10.69434717358679 1.96886041084117e-45
10.70635317658829 2.095799946918536e-45
10.7183591795898 2.217013284793423e-45
10.7303651825913 2.332318996766889e-45
10.7423711855928 2.441566221507681e-45
10.7543771885943 2.544633690797442e-45
10.7663831915958 2.641428662501937e-45
10.7783891945973 2.731885772594864e-45
10.7903951975988 2.815965818606039e-45
10.8024012006003 2.89365448635986e-45
10.8144072036018 2.9649610313227e-45
10.8264132066033 3.029916925295837e-45
10.8384192096048 3.088574478582079e-45
10.8504252126063 3.141005447126167e-45
10.8624312156078 3.187299633487453e-45
10.87443721860931 3.227563489854867e-45
10.8864432216108 3.261918730663636e-45
10.89844922461231 3.2905009617262e-45
10.91045522761381 3.313458332150103e-45
10.92246123061531 3.330950214687913e-45
10.93446723361681 3.343145919551644e-45
10.94647323661831 3.35022344612983e-45
10.95847923961981 3.352368276471894e-45
10.97048524262131 3.349772213854426e-45
10.98249124562281 3.342632269218339e-45
10.99449724862431 3.331149597767287e-45
11.00650325162581 3.315528487546345e-45
11.01850925462731 3.295975401376871e-45
11.03051525762881 3.272698073109621e-45
11.04252126063032 3.24590465877313e-45
11.05452726363182 3.215802942838533e-45
11.06653326663332 3.182599599495395e-45
11.07853926963482 3.146499508534451e-45
11.09054527263632 3.107705125163175e-45
11.10255127563782 3.066415902836821e-45
11.11455727863932 3.022827767970697e-45
11.12656328164082 2.977132645208387e-45
11.13856928464232 2.929518031753651e-45
11.15057528764382 2.880166619129962e-45
11.16258129064532 2.829255960610142e-45
11.17458729364682 2.776958182457782e-45
11.18659329664832 2.723439737040937e-45
11.19859929964982 2.668861195815828e-45
11.21060530265133 2.61337708013245e-45
11.22261130565283 2.557135727783963e-45
11.23461730865433 2.500279193206306e-45
11.24662331165583 2.442943179232305e-45
11.25862931465733 2.385256998314389e-45
11.27063531765883 2.327343561150866e-45
11.28264132066033 2.269319390681243e-45
11.29464732366183 2.21129465945553e-45
11.30665332666333 2.153373248429174e-45
11.31865932966483 2.095652825289071e-45
11.33066533266633 2.038224940475321e-45
11.34267133566783 1.98117513912758e-45
11.35467733866933 1.924583087253096e-45
11.36668334167084 1.868522710484871e-45
11.37868934467234 1.813062343872315e-45
11.39069534767384 1.758264891222552e-45
11.40270135067534 1.70418799258755e-45
11.41470735367684 1.650884198569846e-45
11.42671335667834 1.598401150197517e-45
11.43871935967984 1.546781763196538e-45
11.45072536268134 1.49606441556542e-45
11.46273136568284 1.44628313743274e-45
11.47473736868434 1.397467802252423e-45
11.48674337168584 1.349644318464181e-45
11.49874937468734 1.302834820817106e-45
11.51075537768885 1.25705786062281e-45
11.52276138069034 1.212328594270598e-45
11.53476738369185 1.168658969400662e-45
11.54677338669335 1.12605790819233e-45
11.55877938969485 1.084531487282504e-45
11.57078539269635 1.044083113885023e-45
11.58279139569785 1.004713697734248e-45
11.59479739869935 9.664218185260124e-46
11.60680340170085 9.292038885760862e-46
11.61880940470235 8.930543104603934e-46
11.63081540770385 8.579656294426489e-46
11.64282141070535 8.239286805336406e-46
11.65482741370685 7.909327300623101e-46
11.66683341670835 7.589656116720601e-46
11.67883941970986 7.280138566864251e-46
11.69084542271136 6.980628188164744e-46
11.70285142571286 6.690967932081732e-46
11.71485742871436 6.410991298514441e-46
11.72686343171586 6.140523413940326e-46
11.73886943471736 5.879382054224795e-46
11.75087543771886 5.627378612897491e-46
11.76288144072036 5.384319015843615e-46
11.77488744372186 5.150004583493945e-46
11.78689344672336 4.924232841715417e-46
11.79889944972486 4.706798282706169e-46
11.81090545272636 4.497493077286167e-46
11.82291145572786 4.29610774004766e-46
11.83491745872936 4.102431748889811e-46
11.84692346173087 3.916254120509812e-46
11.85892946473237 3.737363943459691e-46
11.87093546773387 3.565550870404327e-46
11.88294147073537 3.400605571233319e-46
11.89494747373687 3.24232014868767e-46
11.90695347673837 3.090488518162645e-46
11.91895947973987 2.944906753341526e-46
11.93096548274137 2.805373399301879e-46
11.94297148574287 2.671689754717028e-46
11.95497748874437 2.543660124751446e-46
11.96698349174587 2.421092046220237e-46
11.97898949474737 2.303796486550355e-46
11.99099549774887 2.191588018045247e-46
12.00300150075038 2.084284968915686e-46
12.01500750375187 1.981709552498188e-46
12.02701350675338 1.883687976038892e-46
12.03901950975488 1.790050530375631e-46
12.05102551275638 1.700631661804449e-46
12.06303151575788 1.615270027369392e-46
12.07503751875938 1.533808534766233e-46
12.08704352176088 1.456094368002269e-46
12.09904952476238 1.3819789999057e-46
12.11105552776388 1.311318192529455e-46
12.12306153076538 1.243971986446058e-46
12.13506753376688 1.179804679882309e-46
12.14707353676839 1.118684798595346e-46
12.15907953976988 1.060485057345243e-46
12.17108554277139 1.005082313773829e-46
12.18309154577289 9.523575154548673e-47
12.19509754877439 9.021956408374178e-47
12.20710355177589 8.544856347619684e-47
12.21910955477739 8.09120339188012e-47
12.23111555777889 7.659964197321032e-47
12.24312156078039 7.250142885771552e-47
12.25512756378189 6.86078024276851e-47
12.26713356678339 6.49095288943532e-47
12.27913956978489 6.139772432738605e-47
12.29114557278639 5.80638459833905e-47
12.30315157578789 5.489968349940496e-47
12.31515757878939 5.189734998743258e-47
12.3271635817909 4.904927306323414e-47
12.3391695847924 4.634818583989421e-47
12.3511755877939 4.378711791410708e-47
12.3631815907954 4.135938637069463e-47
12.3751875937969 3.905858682856342e-47
12.3871935967984 3.687858454913278e-47
12.3991995997999 3.481350562621122e-47
12.4112056028014 3.285772827436507e-47
12.4232116058029 3.10058742310059e-47
12.4352176088044 2.925280028571757e-47
12.4472236118059 2.759358994874619e-47
12.4592296148074 2.602354526908256e-47
12.4712356178089 2.453817881117174e-47
12.48324162081041 2.31332057979862e-47
12.49524762381191 2.180453642699102e-47
12.50725362681341 2.054826836440905e-47
12.51925962981491 1.936067942215574e-47
12.53126563281641 1.823822042085498e-47
12.54327163581791 1.717750824146254e-47
12.55527763881941 1.617531906721072e-47
12.56728364182091 1.522858181684106e-47
12.57928964482241 1.433437176940926e-47
12.59129564782391 1.348990438032243e-47
12.60330165082541 1.269252928770154e-47
12.61530765382691 1.193972450764689e-47
12.62731365682841 1.122909081651857e-47
12.63931965982992 1.055834631792422e-47
12.65132566283141 9.925321191729609e-48
12.66333166583292 9.327952622070677e-48
12.67533766883442 8.764279901045767e-48
12.68734367183592 8.232439704501527e-48
12.69934967483742 7.730661536091894e-48
12.71135567783892 7.257263335585003e-48
12.72336168084042 6.810647247214943e-48
12.73536768384192 6.38929554372164e-48
12.74737368684342 5.991766701590889e-48
12.75937968984492 5.616691622895292e-48
12.77138569284642 5.262769999043633e-48
12.78339169584793 4.928766811669207e-48
12.79539769884942 4.613508965824962e-48
12.80740370185093 4.315882050603089e-48
12.81940970485243 4.034827222257508e-48
12.83141570785393 3.769338204877663e-48
12.84342171085543 3.518458403639889e-48
12.85542771385693 3.281278125646659e-48
12.86743371685843 3.056931903352979e-48
12.87943971985993 2.844595915571726e-48
12.89144572286143 2.643485501044375e-48
12.90345172586293 2.452852759559262e-48
12.91545772886443 2.27198423559491e-48
12.92746373186593 2.100198679459845e-48
12.93946973486743 1.936844880891624e-48
12.95147573786893 1.781299570065308e-48
12.96348174087044 1.63296538094414e-48
12.97548774387194 1.491268871881781e-48
12.98749374687344 1.355658598354768e-48
12.99949974987494 1.22560323266495e-48
13.01150575287644 1.100589725403303e-48
13.02351175587794 9.801215034075632e-49
13.03551775887944 8.637166988754372e-49
13.04752376188094 7.50906404211466e-49
13.05952976488244 6.412329470877567e-49
13.07153576788394 5.342481800854191e-49
13.08354177088544 4.295117791533397e-49
13.09554777388694 3.265895449724686e-49
13.10755377688844 2.250517011456263e-49
13.11955977988995 1.244711829434036e-49
13.13156578289145 2.442191012438391e-50
13.14357178589295 -7.552296288907609e-50
13.15557778889445 -1.757928264617569e-49
13.16758379189595 -2.76821432097376e-49
13.17958979489745 -3.790487532879918e-49
13.19159579789895 -4.829228988130485e-49
13.20360180090045 -5.889020868306397e-49
13.21560780390195 -6.974566885318976e-49
13.22761380690345 -8.090713505983044e-49
13.23961980990495 -9.242472062141428e-49
13.25162581290645 -1.043504184945432e-48
13.26363181590795 -1.167383432406009e-48
13.27563781890946 -1.296449851294542e-48
13.28764382191095 -1.431294776107269e-48
13.29964982491246 -1.572538794614338e-48
13.31165582791396 -1.720834730037487e-48
13.32366183091546 -1.876870798788337e-48
13.33566783391696 -2.041373959625253e-48
13.34767383691846 -2.215113471168191e-48
13.35967983991996 -2.398904675881613e-48
13.37168584292146 -2.593613029901983e-48
13.38369184592296 -2.800158399455888e-48
13.39569784892446 -3.019519646095323e-48
13.40770385192596 -3.252739524576453e-48
13.41970985492746 -3.500929918936468e-48
13.43171585792896 -3.765277444189704e-48
13.44372186093047 -4.047049443079656e-48
13.45572786393197 -4.347600409499255e-48
13.46773386693347 -4.668378872540225e-48
13.47973986993497 -5.010934777666682e-48
13.49174587293647 -5.376927404242835e-48
13.50375187593797 -5.768133861595155e-48
13.51575787893947 -6.186458208972355e-48
13.52776388194097 -6.63394124820014e-48
13.53976988494247 -7.112771041531175e-48
13.55177588794397 -7.625294211185408e-48
13.56378189094547 -8.17402808138396e-48
13.57578789394697 -8.761673728326228e-48
13.58779389694847 -9.391130008570581e-48
13.59979989994997 -1.00655086416827e-47
13.61180590295148 -1.078815042884303e-47
13.62381190595298 -1.156264269538881e-47
13.63581790895448 -1.239283805204286e-47
13.64782391195598 -1.328287457688902e-47
13.65982991495748 -1.423719752803457e-47
13.67183591795898 -1.526058270539827e-47
13.68384192096048 -1.635816158922681e-47
13.69584792396198 -1.753544839282567e-47
13.70785392696348 -1.879836917764803e-47
13.71985992996498 -2.015329319037929e-47
13.73186593296648 -2.160706659405061e-47
13.74387193596798 -2.316704877858308e-47
13.75587793896949 -2.484115145058221e-47
13.76788394197099 -2.663788071775223e-47
13.77988994497248 -2.856638240007159e-47
13.79189594797399 -3.063649081796005e-47
13.80390195097549 -3.28587813271793e-47
13.81590795397699 -3.524462689125463e-47
13.82791395697849 -3.780625900490593e-47
13.83991995997999 -4.055683330646424e-47
13.85192596298149 -4.351050024366453e-47
13.86393196598299 -4.668248118570145e-47
13.87593796898449 -5.00891504051747e-47
13.88794397198599 -5.374812338671372e-47
13.89994997498749 -5.767835195484968e-47
13.911955977989 -6.190022675230195e-47
13.92396198099049 -6.643568764149234e-47
13.935967983992 -7.13083426470336e-47
13.9479739869935 -7.654359610541965e-47
13.959979989995 -8.216878674045735e-47
13.9719859929965 -8.821333643942528e-47
13.983991995998 -9.470891056585401e-47
13.9959979989995 -1.016895907105493e-46
14.008004002001 -1.091920608534069e-46
14.0200100050025 -1.172558079851102e-46
14.032016008004 -1.259233383204045e-46
14.0440220110055 -1.352404103237911e-46
14.056028014007 -1.452562858646955e-46
14.0680340170085 -1.560240009230056e-46
14.08004002001 -1.676006573779536e-46
14.09204602301151 -1.800477375342843e-46
14.10405202601301 -1.934314431702253e-46
14.11605802901451 -2.078230610327139e-46
14.12806403201601 -2.232993568574751e-46
14.14007003501751 -2.399430001557652e-46
14.15207603801901 -2.578430221868854e-46
14.16408204102051 -2.770953097269412e-46
14.17608804402201 -2.978031374509376e-46
14.18809404702351 -3.200777419683432e-46
14.20010005002501 -3.440389407930675e-46
14.21210605302651 -3.698157997887777e-46
14.22411205602801 -3.975473529111887e-46
14.23611805902951 -4.273833783720231e-46
14.24812406203102 -4.594852356765877e-46
14.26013006503252 -4.940267683402393e-46
14.27213606803402 -5.311952774705529e-46
14.28414207103552 -5.711925718139839e-46
14.29614807403702 -6.142361003106939e-46
14.30815407703852 -6.605601736816268e-46
14.32016008004002 -7.10417282090713e-46
14.33216608304152 -7.64079516485347e-46
14.34417208604302 -8.218401018233511e-46
14.35617808904452 -8.840150510480795e-46
14.36818409204602 -9.509449493790744e-46
14.38019009504752 -1.022996879247898e-45
14.39219609804903 -1.100566497032023e-45
14.40420210105053 -1.184080273628859e-45
14.41620810405203 -1.273997911872406e-45
14.42821410705353 -1.370814954832448e-45
14.44022011005503 -1.475065600156755e-45
14.45222611305653 -1.587325736827222e-45
14.46423211605803 -1.708216222008378e-45
14.47623811905953 -1.838406417079229e-45
14.48824412206103 -1.978618003465205e-45
14.50025012506253 -2.129629100535397e-45
14.51225612806403 -2.292278709611059e-45
14.52426213106553 -2.467471510055224e-45
14.53626813406703 -2.656183035491814e-45
14.54827413706853 -2.859465260448251e-45
14.56028014007003 -3.078452630141795e-45
14.57228614307154 -3.314368568751325e-45
14.58429214607304 -3.568532504348598e-45
14.59629814907454 -3.842367451723476e-45
14.60830415207604 -4.137408197644444e-45
14.62031015507754 -4.455310136668894e-45
14.63231615807904 -4.797858809478817e-45
14.64432216108054 -5.166980199889767e-45
14.65632816408204 -5.564751851189661e-45
14.66833416708354 -5.993414867336219e-45
14.68034017008504 -6.455386869807133e-45
14.69234617308654 -6.953275986587162e-45
14.70435217608804 -7.489895955925844e-45
14.71635817908954 -8.06828243414531e-45
14.72836418209105 -8.691710603960401e-45
14.74037018509255 -9.363714187536059e-45
14.75237618809405 -1.008810597689715e-44
14.76438219109555 -1.086900000337415e-44
14.77638819409705 -1.171083547756954e-44
14.78839419709855 -1.261840264192401e-44
14.80040020010005 -1.359687068941253e-44
14.81240620310155 -1.465181791427836e-44
14.82441220610305 -1.578926427409233e-44
14.83641820910455 -1.701570655688776e-44
14.84842421210605 -1.833815636275544e-44
14.86043021510755 -1.976418112618336e-44
14.87243621810905 -2.130194842369597e-44
14.88444222111056 -2.296027383109813e-44
14.89644822411206 -2.474867261598066e-44
14.90845422711356 -2.667741557422761e-44
14.92046023011506 -2.875758934422063e-44
14.93246623311656 -3.100116155941594e-44
14.94447223611806 -3.342105122913889e-44
14.95647823911956 -3.603120476897864e-44
14.96848424212106 -3.884667813626305e-44
14.98049024512256 -4.188372556296141e-44
14.99249624812406 -4.51598954182246e-44
15.00450225112556 -4.86941337758731e-44
15.01650825412706 -5.250689630874763e-44
15.02851425712857 -5.662026918222964e-44
15.04052026013007 -6.105809967372919e-44
15.05252626313157 -6.584613730386053e-44
15.06453226613307 -7.10121863287406e-44
15.07653826913457 -7.65862705117473e-44
15.08854427213607 -8.260081116758235e-44
15.10055027513757 -8.909081955205802e-44
15.11255627813907 -9.609410475816358e-44
15.12456228114057 -1.036514983731997e-43
15.13656828414207 -1.118070972536793e-43
15.14857428714357 -1.206085258849088e-43
15.16058029014507 -1.301072199113613e-43
15.17258629314657 -1.403587325528686e-43
15.18459229614807 -1.514230657610883e-43
15.19659829914957 -1.633650281215018e-43
15.20860430215108 -1.762546216693029e-43
15.22061030515258 -1.901674599639469e-43
15.23261630815408 -2.051852199579445e-43
15.24462231115558 -2.213961304018682e-43
15.25662831415708 -2.388954997507818e-43
15.26863431715858 -2.577862867787767e-43
15.28064032016008 -2.781797173694949e-43
15.29264632316158 -3.001959512330616e-43
15.30465232616308 -3.239648026054794e-43
15.31665832916458 -3.496265193171542e-43
15.32866433216608 -3.77332624974864e-43
15.34067033516758 -4.072468293883789e-43
15.35267633816908 -4.395460127914782e-43
15.36468234117059 -4.744212898598901e-43
15.37668834417209 -5.120791600185145e-43
15.38869434717359 -5.527427510602064e-43
15.40070035017509 -5.966531636717059e-43
15.41270635317659 -6.440709250825441e-43
15.42471235617809 -6.952775607237929e-43
15.43671835917959 -7.505772935095412e-43
15.44872436218109 -8.102988811394643e-43
15.46073036518259 -8.747976026707147e-43
15.47273636818409 -9.444574065268765e-43
15.48474237118559 -1.01969323310662e-42
15.49674837418709 -1.100953526231164e-42
15.50875437718859 -1.188722948834415e-42
15.5207603801901 -1.283525319559931e-42
15.5327663831916 -1.385926788292577e-42
15.5447723861931 -1.4965392701283e-42
15.5567783891946 -1.616024158882209e-42
15.5687843921961 -1.745096342962866e-42
15.5807903951976 -1.88452854831038e-42
15.5927963981991 -2.035156035119049e-42
15.6048024012006 -2.19788167725467e-42
15.6168084042021 -2.373681455645821e-42
15.6288144072036 -2.563610399492339e-42
15.6408204102051 -2.768809011908791e-42
15.6528264132066 -2.9905102196234e-42
15.6648324162081 -3.23004688960239e-42
15.6768384192096 -3.488859958986443e-42
15.6888444222111 -3.768507228531901e-42
15.70085042521261 -4.070672873868297e-42
15.71285642821411 -4.397177733341773e-42
15.72486243121561 -4.749990436038533e-42
15.73686843421711 -5.131239438804328e-42
15.74887443721861 -5.543226046727581e-42
15.76088044022011 -5.988438497670623e-42
15.77288644322161 -6.469567198054143e-42
15.78489244622311 -6.989521204265815e-42
15.79689844922461 -7.551446051820176e-42
15.80890445222611 -8.158743042791962e-42
15.82091045522761 -8.815090111132032e-42
15.83291645822911 -9.524464395310734e-42
15.84492246123061 -1.029116665838019e-41
15.85692846423212 -1.111984770707115e-41
15.86893446723362 -1.201553697401457e-41
15.88094047023512 -1.298367344068146e-41
15.89294647323662 -1.403013909325146e-41
15.90495247623812 -1.516129511944347e-41
15.91695847923962 -1.638402107147051e-41
15.92896448224112 -1.770575723882235e-41
15.94097048524262 -1.913455049465239e-41
15.95297648824412 -2.067910390127423e-41
15.96498249124562 -2.234883038379698e-41
15.97698849424712 -2.415391080639398e-41
15.98899449724862 -2.610535681326895e-41
16.00100050025013 -2.821507882622957e-41
16.01300650325162 -3.049595962309103e-41
16.02501250625313 -3.296193395611352e-41
16.03701850925463 -3.562807470755086e-41
16.04902451225613 -3.851068612039084e-41
16.06103051525763 -4.162740468676011e-41
16.07303651825913 -4.499730832453011e-41
16.08504252126063 -4.864103452469774e-41
16.09704852426213 -5.258090820845588e-41
16.10905452726363 -5.684108009387027e-41
16.12106053026513 -6.14476764381272e-41
16.13306653326664 -6.642896109282982e-41
16.14507253626813 -7.181551088725108e-41
16.15707853926963 -7.764040543829112e-41
16.16908454227114 -8.3939432576666e-41
16.18109054527264 -9.075131067714935e-41
16.19309654827414 -9.811792928712243e-41
16.20510255127564 -1.060846095629358e-40
16.21710855427714 -1.147003861483782e-40
16.22911455727864 -1.240183122646798e-40
16.24112056028014 -1.340957899278019e-40
16.25312656328164 -1.449949273672141e-40
16.26513256628314 -1.567829258919447e-40
16.27713856928464 -1.695324986354872e-40
16.28914457228614 -1.833223238123544e-40
16.30115057528764 -1.982375353369529e-40
16.31315657828915 -2.143702538914048e-40
16.32516258129064 -2.318201617844591e-40
16.33716858429214 -2.506951252203483e-40
16.34917458729365 -2.71111867896107e-40
16.36118059029515 -2.931967001703968e-40
16.37318659329665 -3.170863083983294e-40
16.38519259629815 -3.429286094073984e-40
16.39719859929965 -3.708836755018345e-40
16.40920460230115 -4.011247358291157e-40
16.42121060530265 -4.338392604258502e-40
16.43321660830415 -4.692301337838639e-40
16.44522261130565 -5.07516925344434e-40
16.45722861430716 -5.489372649428047e-40
16.46923461730865 -5.937483318903358e-40
16.48124062031015 -6.422284671021095e-40
16.49324662331166 -6.946789184581496e-40
16.50525262631316 -7.514257304315738e-40
16.51725862931466 -8.128217899324038e-40
16.52926463231616 -8.792490413072428e-40
16.54127063531766 -9.511208845089168e-40
16.55327663831916 -1.028884771613358e-39
16.56528264132066 -1.113025018120883e-39
16.57728864432216 -1.204065846843651e-39
16.58929464732366 -1.302574683659239e-39
16.60130065032516 -1.409165726011304e-39
16.61330665332666 -1.52450380677258e-39
16.62531265632816 -1.649308577963959e-39
16.63731865932967 -1.784359040858242e-39
16.64932466233117 -1.930498451201272e-39
16.66133066533267 -2.088639630670755e-39
16.67333666833417 -2.259770718279338e-39
16.68534267133567 -2.444961398230149e-39
16.69734867433717 -2.645369643767744e-39
16.70935467733867 -2.862249019854998e-39
16.72136068034017 -3.096956591067623e-39
16.73336668334167 -3.350961484955907e-39
16.74537268634317 -3.625854165302356e-39
16.75737868934467 -3.923356474231194e-39
16.76938469234617 -4.245332507030106e-39
16.78139069534767 -4.59380038885759e-39
16.79339669834918 -4.970945028265122e-39
16.80540270135068 -5.379131928698644e-39
16.81740870435218 -5.820922145899064e-39
16.82941470735368 -6.299088486439596e-39
16.84142071035518 -6.816633050565966e-39
16.85342671335668 -7.376806231094771e-39
16.86543271635818 -7.983127289430686e-39
16.87743871935968 -8.639406639844513e-39
16.88944472236118 -9.349769984076357e-39
16.90145072536268 -1.011868445016122e-38
16.91345672836418 -1.095098690219466e-38
16.92546273136568 -1.18519146016458e-38
16.93746873436718 -1.282713841587383e-38
16.94947473736868 -1.388279878580825e-38
16.96148074037018 -1.50255446824182e-38
16.97348674337169 -1.626257580073578e-38
16.98549274637319 -1.760168826093443e-38
16.99749874937469 -1.905132410843223e-38
17.00950475237619 -2.062062492933286e-38
17.02151075537769 -2.231948992389369e-38
17.03351675837919 -2.415863880928888e-38
17.04552276138069 -2.61496799539008e-38
17.05752876438219 -2.830518417892473e-38
17.06953476738369 -3.063876469942566e-38
17.08154077038519 -3.316516371637703e-38
17.09354677338669 -3.590034621389313e-38
17.10555277638819 -3.886160156211442e-38
17.1175587793897 -4.206765357631831e-38
17.1295647823912 -4.553877973712722e-38
17.14157078539269 -4.929694033552522e-38
17.1535767883942 -5.336591837015042e-38
17.1655827913957 -5.777147109341675e-38
17.1775887943972 -6.254149417788053e-38
17.1895947973987 -6.770619955538788e-38
17.2016008004002 -7.329830806944331e-38
17.2136068034017 -7.935325817649395e-38
17.2256128064032 -8.590943203504598e-38
17.2376188094047 -9.300840043338339e-38
17.2496248124062 -1.006951881278709e-37
17.26163081540771 -1.090185612951732e-37
17.27363681840921 -1.180313389440624e-37
17.2856428214107 -1.27790730286737e-37
17.29764882441221 -1.383587002367296e-37
17.30965482741371 -1.498023653816294e-37
17.32166083041521 -1.62194422975149e-37
17.33366683341671 -1.756136157058049e-37
17.34567283641821 -1.901452352300232e-37
17.35767883941971 -2.058816677073291e-37
17.36968484242121 -2.229229848460415e-37
17.38169084542271 -2.413775842613268e-37
17.39369684842421 -2.613628832654712e-37
17.40570285142572 -2.83006070554869e-37
17.41770885442721 -3.06444920631722e-37
17.42971485742871 -3.318286762032314e-37
17.44172086043022 -3.593190042397543e-37
17.45372686343172 -3.890910318488395e-37
17.46573286643321 -4.2133446863733e-37
17.47773886943472 -4.562548227921729e-37
17.48974487243622 -4.940747187158136e-37
17.50175087543772 -5.35035324708022e-37
17.51375687843922 -5.793978998969306e-37
17.52576288144072 -6.274454703925951e-37
17.53776888444222 -6.794846454714997e-37
17.54977488744372 -7.358475855055477e-37
17.56178089044522 -7.968941343300835e-37
17.57378689344672 -8.630141298087411e-37
17.58579289644823 -9.34629907505316e-37
17.59779889944972 -1.012199013621905e-36
17.60980490245122 -1.096217144716335e-36
17.62181090545273 -1.187221333179252e-36
17.63381690845423 -1.285793399041618e-36
17.64582291145573 -1.392563690407199e-36
17.65782891445723 -1.508215136673041e-36
17.66983491745873 -1.6334876407261e-36
17.68184092046023 -1.769182838499274e-36
17.69384692346173 -1.916169256649401e-36
17.70585292646323 -2.075387901698665e-36
17.71785892946473 -2.247858316776272e-36
17.72986493246623 -2.434685145127199e-36
17.74187093546773 -2.637065242839111e-36
17.75387693846923 -2.856295386798557e-36
17.76588294147074 -3.093780627746334e-36
17.77788894447224 -3.351043342484742e-36
17.78989494747374 -3.629733043823415e-36
17.80190095047524 -3.931637011765086e-36
17.81390695347674 -4.258691814760025e-36
17.82591295647824 -4.612995795632624e-36
17.83791895947974 -4.996822603043414e-36
17.84992496248124 -5.412635856135186e-36
17.86193096548274 -5.863105037367484e-36
17.87393696848424 -6.351122716516967e-36
17.88594297148574 -6.879823217464397e-36
17.89794897448724 -7.452602848758252e-36
17.90995497748874 -8.073141829101567e-36
17.92196098049025 -8.745428049918545e-36
17.93396698349175 -9.473782829092596e-36
17.94597298649325 -1.026288882290568e-35
17.95797898949475 -1.111782027723434e-35
17.96998499249625 -1.204407581426215e-35
17.98199099549775 -1.304761396745086e-35
17.99399699849925 -1.413489169538021e-35
18.00600300150075 -1.531290612443673e-35
18.01800900450225 -1.658923979133012e-35
18.03001500750375 -1.797210967918006e-35
18.04202101050525 -1.947042036559445e-35
18.05402701350675 -2.109382162791344e-35
18.06603301650825 -2.285277087979684e-35
18.07803901950975 -2.475860084477488e-35
18.09004502251126 -2.682359290646946e-35
18.10205102551276 -2.906105661214686e-35
18.11405702851426 -3.148541584632561e-35
18.12606303151576 -3.411230223459612e-35
18.13806903451726 -3.695865638489524e-35
18.15007503751876 -4.004283762452757e-35
18.16208104052026 -4.338474294656857e-35
18.17408704352176 -4.700593593928541e-35
18.18609304652326 -5.092978653726075e-35
18.19809904952476 -5.518162250342876e-35
18.21010505252626 -5.978889362769172e-35
18.22211105552776 -6.478134971068026e-35
18.23411705852926 -7.019123349109233e-35
18.24612306153077 -7.605348977248294e-35
18.25812906453227 -8.240599211101639e-35
18.27013506753377 -8.928978854022618e-35
18.28214107053527 -9.674936793300328e-35
18.29414707353677 -1.048329487356652e-34
18.30615307653827 -1.135927919549264e-34
18.31815907953977 -1.230855404368486e-34
18.33016508254127 -1.333725866484396e-34
18.34217108554277 -1.445204713586031e-34
18.35417708854427 -1.566013158168512e-34
18.36618309154577 -1.696932902468877e-34
18.37818909454727 -1.838811217092848e-34
18.39019509754878 -1.992566446445711e-34
18.40220110055028 -2.159193976867969e-34
18.41420710355177 -2.339772706398784e-34
18.42621310655328 -2.535472058367196e-34
18.43821910955478 -2.747559584564235e-34
18.45022511255628 -2.977409207601498e-34
18.46223111555778 -3.226510156238935e-34
18.47423711855928 -3.496476651993735e-34
18.48624312156078 -3.789058410253035e-34
18.49824912456228 -4.10615202443799e-34
18.51025512756378 -4.449813307540253e-34
18.52226113056528 -4.822270671612212e-34
18.53426713356679 -5.225939632580193e-34
18.54627313656828 -5.663438535110125e-34
18.55827913956978 -6.137605600235777e-34
18.57028514257129 -6.651517407113255e-34
18.58229114557279 -7.20850892964861e-34
18.59429714857428 -7.8121952589198e-34
18.60630315157579 -8.466495153346518e-34
18.61830915457729 -9.175656570524071e-34
18.63031515757879 -9.944284347609046e-34
18.64232116058029 -1.07773702112099e-33
18.65432716358179 -1.168032531298759e-33
18.66633316658329 -1.26590155037095e-33
18.67833916958479 -1.371979957643327e-33
18.69034517258629 -1.48695707289433e-33
18.70235117558779 -1.611580151664921e-33
18.7143571785893 -1.746659259002108e-33
18.72636318159079 -1.893072553543107e-33
18.73836918459229 -2.051772016515763e-33
18.7503751875938 -2.223789663146417e-33
18.7623811905953 -2.410244277127921e-33
18.7743871935968 -2.612348712228905e-33
18.7863931965983 -2.831417808843045e-33
18.7983991995998 -3.068876977308523e-33
18.8104052026013 -3.326271504199557e-33
18.8224112056028 -3.605276642532546e-33
18.8344172086043 -3.907708551970221e-33
18.8464232116058 -4.235536160681914e-33
18.85842921460731 -4.590894026563514e-33
18.8704352176088 -4.976096282076346e-33
18.8824412206103 -5.393651754073449e-33
18.89444722361181 -5.846280357691162e-33
18.90645322661331 -6.336930871744259e-33
18.91845922961481 -6.868800212129199e-33
18.93046523261631 -7.445354329571906e-33
18.94247123561781 -8.070350868718604e-33
18.95447723861931 -8.747863737130792e-33
18.96648324162081 -9.482309745284459e-33
18.97848924462231 -1.027847749227171e-32
18.99049524762381 -1.114155868664949e-32
19.00250125062531 -1.20771821078724e-32
19.01450725362681 -1.309145043108934e-32
19.02651325662831 -1.419098015689202e-32
19.03851925962982 -1.53829449080002e-32
19.05052526263132 -1.667512237698836e-32
19.06253126563282 -1.80759452331477e-32
19.07453726863432 -1.959455632259301e-32
19.08654327163582 -2.124086852393739e-32
19.09854927463732 -2.302562965245638e-32
19.11055527763882 -2.49604928388456e-32
19.12256128064032 -2.705809284466431e-32
19.13456728364182 -2.933212881558535e-32
19.14657328664332 -3.179745401589997e-32
19.15857928964482 -3.447017313362973e-32
19.17058529264632 -3.736774779538283e-32
19.18259129564782 -4.050911098408401e-32
19.19459729864932 -4.39147911112638e-32
19.20660330165082 -4.760704655909862e-32
19.21860930465233 -5.161001157626809e-32
19.23061530765383 -5.594985448639234e-32
19.24262131065533 -6.065494924882532e-32
19.25462731365683 -6.575606149944004e-32
19.26663331665833 -7.128655029433324e-32
19.27863931965983 -7.728258688272263e-32
19.29064532266133 -8.378339194739675e-32
19.30265132566283 -9.083149287264059e-32
19.31465732866433 -9.847300273140417e-32
19.32666333166583 -1.067579228264745e-31
19.33866933466733 -1.157404707754981e-31
19.35067533766883 -1.254794362979034e-31
19.36268134067033 -1.360385670442035e-31
19.37468734367184 -1.47486987006016e-31
19.38669334667334 -1.598996502597347e-31
19.39869934967484 -1.733578330295344e-31
19.41070535267634 -1.879496673078262e-31
19.42271135567784 -2.03770719545072e-31
19.43471735867934 -2.20924618217821e-31
19.44672336168084 -2.395237344059065e-31
19.45872936468234 -2.596899198590689e-31
19.47073536768384 -2.81555307412152e-31
19.48274137068534 -3.052631790189607e-31
19.49474737368684 -3.309689071205811e-31
19.50675337668834 -3.588409755473916e-31
19.51875937968985 -3.890620866783326e-31
19.53076538269135 -4.218303621497105e-31
19.54277138569284 -4.573606450226535e-31
19.55477738869435 -4.958859119873787e-31
19.56678339169585 -5.376588049081004e-31
19.57878939469735 -5.829532917994988e-31
19.59079539769885 -6.32066468179379e-31
19.60280140070035 -6.853205106681207e-31
19.61480740370185 -7.430647957098797e-31
19.62681340670335 -8.056781973798713e-31
19.63881940970485 -8.735715794236725e-31
19.65082541270635 -9.471904979560986e-31
19.66283141570786 -1.027018132637358e-30
19.67483741870936 -1.113578465652001e-30
19.68684342171085 -1.207439729451699e-30
19.69884942471236 -1.309218145996829e-30
19.71085542771386 -1.419581982156058e-30
19.72286143071536 -1.539255948010215e-30
19.73486743371686 -1.669025967070605e-30
19.74687343671836 -1.80974434987748e-30
19.75887943971986 -1.96233540510791e-30
19.77088544272136 -2.12780152521138e-30
19.78289144572286 -2.307229786725234e-30
19.79489744872436 -2.501799108821244e-30
19.80690345172586 -2.712788017321738e-30
19.81890945472736 -2.941583065423081e-30
19.83091545772886 -3.189687966702497e-30
19.84292146073037 -3.458733500689863e-30
19.85492746373187 -3.750488256390392e-30
19.86693346673336 -4.066870284680768e-30
19.87893946973487 -4.409959736507037e-30
19.89094547273637 -4.782012570327049e-30
19.90295147573787 -5.18547541930673e-30
19.91495747873937 -5.623001716444584e-30
19.92696348174087 -6.097469184113437e-30
19.93896948474237 -6.611998803527573e-30
19.95097548774387 -7.169975389426709e-30
19.96298149074537 -7.775069905880639e-30
19.97498749374687 -8.43126367063001e-30
19.98699349674838 -9.142874607865844e-30
19.99899949974987 -9.914585722895799e-30
20.01100550275137 -1.075147598683855e-29
20.02301150575288 -1.165905383542622e-29
20.03501750875438 -1.264329350328438e-29
20.04702351175588 -1.371067443381383e-29
20.05902951475738 -1.486822402514307e-29
20.07103551775888 -1.612356399468935e-29
20.08304152076038 -1.748496066880555e-29
20.09504752376188 -1.896137952995962e-29
20.10705352676338 -2.05625443820631e-29
20.11905952976488 -2.229900152512412e-29
20.13106553276639 -2.418218936354906e-29
20.14307153576788 -2.622451390837676e-29
20.15507753876938 -2.843943067273683e-29
20.16708354177089 -3.084153350213939e-29
20.17908954477239 -3.344665092710631e-29
20.19109554777389 -3.627195067544963e-29
20.20310155077539 -3.933605303551977e-29
20.21510755377689 -4.265915382034453e-29
20.22711355677839 -4.626315774614608e-29
20.23911955977989 -5.017182310768097e-29
20.25112556278139 -5.44109187076524e-29
20.26313156578289 -5.90083940785935e-29
20.27513756878439 -6.399456412365059e-29
20.28714357178589 -6.940230939819257e-29
20.29914957478739 -7.52672933577684e-29
20.3111555777889 -8.162819801031708e-29
20.3231615807904 -8.85269795324497e-29
20.3351675837919 -9.600914554187823e-29
20.3471735867934 -1.041240558615393e-28
20.3591795897949 -1.129252487666059e-28
20.3711855927964 -1.224707948744266e-28
20.3831915957979 -1.328236810206016e-28
20.3951975987994 -1.440522266631155e-28
20.4072036018009 -1.56230535572012e-28
20.4192096048024 -1.694389857959521e-28
20.4312156078039 -1.837647611506917e-28
20.4432216108054 -1.993024277497343e-28
20.4552276138069 -2.161545593959864e-28
20.4672336168084 -2.344324159771446e-28
20.4792396198099 -2.542566793589315e-28
20.49124562281141 -2.757582516515029e-28
20.50325162581291 -2.990791211378926e-28
20.51525762881441 -3.243733016020103e-28
20.52726363181591 -3.518078512804196e-28
20.53926963481741 -3.815639781901384e-28
20.55127563781891 -4.13838239157537e-28
20.56328164082041 -4.488438404948479e-28
20.57528764382191 -4.868120489449834e-28
20.58729364682341 -5.279937222467618e-28
20.59929964982491 -5.726609694661189e-28
20.61130565282641 -6.211089520997119e-28
20.62331165582791 -6.736578378912082e-28
20.63531765882941 -7.306549203137171e-28
20.64732366183092 -7.924769177709855e-28
20.65932966483242 -8.595324677624337e-28
20.67133566783392 -9.322648325508093e-28
20.68334167083542 -1.011154834274732e-27
20.69534767383692 -1.09672403897108e-27
20.70735367683842 -1.18953821062406e-27
20.71935967983992 -1.290211058150006e-27
20.73136568284142 -1.39940830017123e-27
20.74337168584292 -1.517852074541676e-27
20.75537768884442 -1.646325721875575e-27
20.76738369184592 -1.785678974813133e-27
20.77938969484742 -1.936833587450843e-27
20.79139569784893 -2.100789442286349e-27
20.80340170085043 -2.278631175198231e-27
20.81540770385192 -2.471535362420751e-27
20.82741370685343 -2.680778317205341e-27
20.83941970985493 -2.907744547909273e-27
20.85142571285643 -3.153935933644411e-27
20.86343171585793 -3.420981678384399e-27
20.87543771885943 -3.710649109598868e-27
20.88744372186093 -4.024855393092485e-27
20.89944972486243 -4.365680241812343e-27
20.91145572786393 -4.735379702989735e-27
20.92346173086543 -5.136401115145654e-27
20.93546773386693 -5.571399334261073e-27
20.94747373686843 -6.043254336844897e-27
20.95947973986993 -6.555090316780546e-27
20.97148574287144 -7.110296402757145e-27
20.98349174587294 -7.712549133859522e-27
20.99549774887443 -8.365836842574014e-27
21.00750375187594 -9.074486107142449e-27
21.01950975487744 -9.843190448948651e-27
21.03151575787894 -1.067704146554225e-26
21.04352176088044 -1.158156260609231e-26
21.05552776388194 -1.256274581362659e-26
21.06753376688344 -1.362709127746728e-26
21.07953976988494 -1.478165055994851e-26
21.09154577288644 -1.603407338393132e-26
21.10355177588794 -1.739265839196859e-26
21.11555777888945 -1.886640821437647e-26
21.12756378189095 -2.046508921211679e-26
21.13956978489244 -2.21992962914768e-26
21.15157578789395 -2.408052322125579e-26
21.16358179089545 -2.612123891975675e-26
21.17558779389695 -2.833497021857891e-26
21.18759379689845 -3.073639165327854e-26
21.19959979989995 -3.334142287769637e-26
21.21160580290145 -3.616733434945307e-26
21.22361180590295 -3.923286198912553e-26
21.23561780890445 -4.255833157530376e-26
21.24762381190595 -4.616579370248718e-26
21.25962981490746 -5.007917019904268e-26
21.27163581790895 -5.432441297868145e-26
21.28364182091045 -5.89296763816262e-26
21.29564782391196 -6.392550415138492e-26
21.30765382691346 -6.934503229041981e-26
21.31965982991496 -7.522420914364952e-26
21.33166583291646 -8.160203417335172e-26
21.34367183591796 -8.852081701340656e-26
21.35567783891946 -9.602645852576634e-26
21.36768384192096 -1.041687557284538e-25
21.37968984492246 -1.130017326232537e-25
21.39169584792396 -1.2258399912363e-25
21.40370185092547 -1.329791404704227e-25
21.41570785392696 -1.442561397257983e-25
21.42771385692846 -1.564898361560976e-25
21.43971985992997 -1.697614225531167e-25
21.45172586293147 -1.841589848025542e-25
21.46373186593297 -1.997780872895971e-25
21.47573786893447 -2.167224080367612e-25
21.48774387193597 -2.351044278002011e-25
21.49974987493747 -2.550461777099419e-25
21.51175587793897 -2.766800504292805e-25
21.52376188094047 -3.001496802315331e-25
21.53576788394197 -3.256108978512026e-25
21.54777388694347 -3.532327664645546e-25
21.55977988994497 -3.831987056948487e-25
21.57178589294647 -4.157077111236669e-25
21.58379189594798 -4.509756774258259e-25
21.59579789894947 -4.892368339354983e-25
21.60780390195097 -5.307453021999883e-25
21.61980990495248 -5.757767858901157e-25
21.63181590795398 -6.246304043177672e-25
21.64382191095548 -6.776306817677534e-25
21.65582791395698 -7.351297058890539e-25
21.66783391695848 -7.975094695167362e-25
21.67983991995998 -8.65184411517843e-25
21.69184592296148 -9.386041735804668e-25
21.70385192596298 -1.018256591303945e-24
21.71585792896448 -1.104670939509184e-24
21.72786393196598 -1.198421453381994e-24
21.73986993496748 -1.300131148900226e-24
21.75187593796898 -1.410475967989827e-24
21.76388194097049 -1.530189276018794e-24
21.77588794397199 -1.660066741586018e-24
21.78789394697349 -1.800971631109747e-24
21.79989994997499 -1.953840553484777e-24
21.81190595297649 -2.119689693077189e-24
21.82391195597799 -2.299621572580144e-24
21.83591795897949 -2.494832390786015e-24
21.84792396198099 -2.706619984162208e-24
21.85992996498249 -2.936392465276234e-24
21.87193596798399 -3.185677595627462e-24
21.88394197098549 -3.45613295533882e-24
21.89594797398699 -3.749556977473979e-24
21.90795397698849 -4.067900920509903e-24
21.91995997999 -4.413281858749336e-24
21.9319659829915 -4.787996777244765e-24
21.943971985993 -5.194537865169769e-24
21.9559779889945 -5.635609109564679e-24
21.967983991996 -6.114144300054429e-24
21.9799899949975 -6.633326564545291e-24
21.991995997999 -7.196609566116498e-24
22.0040020010005 -7.807740502401009e-24
22.016008004002 -8.470785060770415e-24
22.0280140070035 -9.190154495682811e-24
22.040020010005 -9.970635008706197e-24
22.0520260130065 -1.081741962708826e-23
22.064032016008 -1.173614279340862e-23
22.07603801900951 -1.273291789693311e-23
22.088044022011 -1.381437799691218e-23
22.10005002501251 -1.498772000935805e-23
22.11205602801401 -1.626075265193964e-23
22.12406203101551 -1.764194846670552e-23
22.13606803401701 -1.914050026754982e-23
22.14807403701851 -2.076638238885624e-23
22.16008004002001 -2.253041714378815e-23
22.17208604302151 -2.444434693545184e-23
22.18409204602301 -2.652091250187788e-23
22.19609804902451 -2.877393781669367e-23
22.20810405202601 -3.121842221177226e-23
22.22011005502752 -3.387064033633439e-23
22.23211605802901 -3.674825061927593e-23
22.24412206103052 -3.987041295823787e-23
22.25612806403202 -4.325791642051297e-23
22.26813406703352 -4.693331780770083e-23
22.28014007003502 -5.092109200852952e-23
22.29214607303652 -5.524779514293985e-23
22.30415207603802 -5.994224158590476e-23
22.31615807903952 -6.503569605210078e-23
22.32816408204102 -7.056208202307938e-23
22.34017008504252 -7.655820790767675e-23
22.35217608804402 -8.306401244477718e-23
22.36418209104552 -9.01228309860011e-23
22.37618809404702 -9.778168443528079e-23
22.38819409704853 -1.060915927735464e-22
22.40020010005003 -1.151079152608832e-22
22.41220610305152 -1.248907195866333e-22
22.42421210605303 -1.355051824311937e-22
22.43621810905453 -1.470220241129968e-22
22.44822411205603 -1.595179802217535e-22
22.46023011505753 -1.730763133860064e-22
22.47223611805903 -1.877873685910482e-22
22.48424212106053 -2.037491757540731e-22
22.49624812406203 -2.210681035790205e-22
22.50825412706353 -2.398595690560234e-22
22.52026013006503 -2.602488073419938e-22
22.53226613306653 -2.823717071621407e-22
22.54427213606803 -3.063757173098232e-22
22.55627813906953 -3.324208302970052e-22
22.56828414207104 -3.606806497228917e-22
22.58029014507254 -3.913435484875184e-22
22.59229614807404 -4.246139255838779e-22
22.60430215107554 -4.607135698606574e-22
22.61630815407704 -4.99883139862239e-22
22.62831415707854 -5.423837696280335e-22
22.64032016008004 -5.884988111746936e-22
22.65232616308154 -6.385357252978817e-22
22.66433216608304 -6.928281333211734e-22
22.67633816908454 -7.517380434949767e-22
22.68834417208604 -8.156582669152307e-22
22.70035017508754 -8.850150390979171e-22
22.71235617808905 -9.602708647195438e-22
22.72436218109054 -1.041927604524917e-21
22.73636818409205 -1.130529825021705e-21
22.74837418709355 -1.226668433337288e-21
22.76038019009505 -1.330984621518983e-21
22.77238619309655 -1.444174146626633e-21
22.78439219609805 -1.566991975210563e-21
22.79639819909955 -1.700257323203158e-21
22.80840420210105 -1.84485912489488e-21
22.82041020510255 -2.001761967533359e-21
22.83241620810405 -2.172012531196162e-21
22.84442221110555 -2.35674657696504e-21
22.85642821410705 -2.557196530094248e-21
22.86843421710855 -2.774699708842575e-21
22.88044022011006 -3.010707253954589e-21
22.89244622311156 -3.266793818460065e-21
22.90445222611306 -3.544668082543152e-21
22.91645822911456 -3.846184163748251e-21
22.92846423211606 -4.173353998775089e-21
22.94047023511756 -4.52836077961073e-21
22.95247623811906 -4.913573533795052e-21
22.96448224112056 -5.331562946265442e-21
22.97648824412206 -5.785118528527453e-21
22.98849424712356 -6.277267249906436e-21
23.00050025012506 -6.811293755410822e-21
23.01250625312656 -7.390762305346515e-21
23.02451225612806 -8.019540583334277e-21
23.03651825912956 -8.701825531875662e-21
23.04852426213106 -9.442171388170922e-21
23.06053026513257 -1.024552010760568e-20
23.07253626813407 -1.111723437829006e-20
23.08454227113557 -1.206313344736156e-20
23.09654827413707 -1.308953199856678e-20
23.10855427713857 -1.420328234104362e-20
23.12056028014007 -1.541182019137063e-20
23.13256628314157 -1.672321435498249e-20
23.14457228614307 -1.814622063913072e-20
23.15657828914457 -1.969034035787154e-20
23.16858429214607 -2.136588382027707e-20
23.18059029514757 -2.318403922639804e-20
23.19259629814907 -2.515694743167887e-20
23.20460230115058 -2.729778307978071e-20
23.21660830415207 -2.962084264636869e-20
23.22861430715358 -3.214163998265078e-20
23.24062031015508 -3.487700999762607e-20
23.25262631315658 -3.784522117244775e-20
23.26463231615808 -4.106609765939248e-20
23.27663831915958 -4.456115178205078e-20
23.28864432216108 -4.835372782294117e-20
23.30065032516258 -5.246915806026924e-20
23.31265632816408 -5.693493209750787e-20
23.32466233116558 -6.178088061841559e-20
23.33666833416708 -6.703937479663031e-20
23.34867433716859 -7.274554269372324e-20
23.36068034017008 -7.893750409327437e-20
23.37268634317159 -8.565662534189369e-20
23.38469234617309 -9.294779590199428e-20
23.39669834917459 -1.00859728466413e-19
23.40870435217609 -1.094452846426515e-19
23.42071035517759 -1.187618283856244e-19
23.43271635817909 -1.288716095435053e-19
23.44472236118059 -1.398421800827897e-19
23.45672836418209 -1.517468457774065e-19
23.46873436718359 -1.646651563840608e-19
23.48074037018509 -1.786834375835778e-19
23.49274637318659 -1.938953682475636e-19
23.50475237618809 -2.104026068930681e-19
23.5167583791896 -2.28315471517177e-19
23.5287643821911 -2.477536773607581e-19
23.5407703851926 -2.688471375383496e-19
23.5527763881941 -2.917368318919987e-19
23.5647823911956 -3.165757498835515e-19
23.5767883941971 -3.435299138355204e-19
23.5887943971986 -3.727794893685409e-19
23.6008004002001 -4.045199904671631e-19
23.6128064032016 -4.389635872392278e-19
23.6248124062031 -4.763405251215927e-19
23.6368184092046 -5.169006650310962e-19
23.6488244122061 -5.609151547693961e-19
23.6608304152076 -6.086782428690902e-19
23.6728364182091 -6.605092470222324e-19
23.6848424212106 -7.16754690267369e-19
23.69684842421211 -7.777906192344881e-19
23.70885442721361 -8.440251199662962e-19
23.72086043021511 -9.15901048157219e-19
23.73286643321661 -9.938989920872853e-19
23.74487243621811 -1.078540488086254e-18
23.75687843921961 -1.170391510054386e-18
23.76888444222111 -1.270066256401533e-18
23.78089044522261 -1.378231259757894e-18
23.79289644822411 -1.495609846971417e-18
23.80490245122561 -1.622986979252651e-18
23.81690845422711 -1.761214504873773e-18
23.82891445722861 -1.911216859591531e-18
23.84092046023012 -2.07399725296245e-18
23.85292646323161 -2.250644381972927e-18
23.86493246623312 -2.442339716938698e-18
23.87693846923462 -2.650365408461121e-18
23.88894447223612 -2.876112868387581e-18
23.90095047523762 -3.121092082237898e-18
23.91295647823912 -3.3869417154582e-18
23.92496248124062 -3.675440081181142e-18
23.93696848424212 -3.988517042942187e-18
23.94897448724362 -4.328266932064696e-18
23.96098049024512 -4.696962566223682e-18
23.97298649324662 -5.097070463074876e-18
23.98499249624813 -5.531267350841626e-18
23.99699849924962 -6.002458086440858e-18
24.00900450225113 -6.513795101158954e-18
24.02101050525263 -7.068699504122317e-18
24.03301650825413 -7.670883984914044e-18
24.04502251125563 -8.324377668742111e-18
24.05702851425713 -9.033553090646411e-18
24.06903451725863 -9.803155469429735e-18
24.08104052026013 -1.063833447740643e-17
24.09304652326163 -1.154467871878531e-17
24.10505252626313 -1.252825314765253e-17
24.11705852926463 -1.359563967621723e-17
24.12906453226613 -1.475398124536001e-17
24.14107053526763 -1.601102965272452e-17
24.15307653826913 -1.737519745877205e-17
24.16508254127064 -1.885561431854576e-17
24.17708854427213 -2.046218811654922e-17
24.18909454727364 -2.220567131433143e-17
24.20110055027514 -2.40977329553036e-17
24.21310655327664 -2.615103680922573e-17
24.22511255627814 -2.837932617994804e-17
24.23711855927964 -3.079751594464841e-17
24.24912456228114 -3.342179244127323e-17
24.26113056528264 -3.626972187348877e-17
24.27313656828414 -3.936036795953722e-17
24.28514257128564 -4.271441961334782e-17
24.29714857428714 -4.635432951349576e-17
24.30915457728864 -5.030446448857844e-17
24.32116058029014 -5.459126872678251e-17
24.33316658329165 -5.924344090337433e-17
24.34517258629315 -6.429212641313899e-17
24.35717858929465 -6.977112599604426e-17
24.36918459229615 -7.571712215429468e-17
24.38119059529765 -8.216992487820372e-17
24.39319659829915 -8.917273832775e-17
24.40520260130065 -9.677245025716297e-17
24.41720860430215 -1.050199461223485e-16
24.42921460730365 -1.13970449976436e-16
24.44122061030515 -1.236838944383168e-16
24.45322661330665 -1.342253222139551e-16
24.46523261630815 -1.456653218617879e-16
24.47723861930966 -1.580805007231203e-16
24.48924462231115 -1.715539981875922e-16
24.50125062531266 -1.861760427342267e-16
24.51325662831416 -2.020445564820742e-16
24.52526263131566 -2.192658113030118e-16
24.53726863431716 -2.379551408949807e-16
24.54927463731866 -2.582377135891676e-16
24.56128064032016 -2.802493710718681e-16
24.57328664332166 -3.041375386437519e-16
24.58529264632316 -3.300622131189404e-16
24.59729864932466 -3.581970349869296e-16
24.60930465232616 -3.887304520254258e-16
24.62131065532767 -4.21866982165422e-16
24.63331665832916 -4.578285840754134e-16
24.64532266133067 -4.968561446540244e-16
24.65732866433217 -5.392110934043229e-16
24.66933466733367 -5.851771545140011e-16
24.68134067033517 -6.350622483891078e-16
24.69334667333667 -6.892005553913321e-16
24.70535267633817 -7.479547556166675e-16
24.71735867933967 -8.117184597339515e-16
24.72936468234117 -8.809188471831777e-16
24.74137068534267 -9.560195294242353e-16
24.75337668834417 -1.037523657436146e-15
24.76538269134567 -1.125977294305111e-15
24.77738869434717 -1.221973075517695e-15
24.78939469734867 -1.326154181505229e-15
24.80140070035018 -1.439218649079941e-15
24.81340670335167 -1.561924050676474e-15
24.82541270635318 -1.69509257277959e-15
24.83741870935468 -1.83961652759653e-15
24.84942471235618 -1.996464334938672e-15
24.86143071535768 -2.166687014431337e-15
24.87343671835918 -2.351425231593924e-15
24.88544272136068 -2.551916945048088e-15
24.89744872436218 -2.769505706144255e-15
24.90945472736368 -3.005649666673493e-15
24.92146073036518 -3.261931355082038e-15
24.93346673336668 -3.540068286761384e-15
24.94547273636818 -3.841924479582524e-15
24.95747873936968 -4.169522951916106e-15
24.96948474237119 -4.525059286971783e-15
24.98149074537269 -4.910916354444087e-15
24.99349674837419 -5.329680288216801e-15
25.00550275137569 -5.784157827305072e-15
25.01750875437719 -6.2773951363611e-15
25.02951475737869 -6.812698231996367e-15
25.04152076038019 -7.39365515194787e-15
25.05352676338169 -8.024160015809802e-15
25.06553276638319 -8.708439138744261e-15
25.07753876938469 -9.451079373359946e-15
25.08954477238619 -1.025705886989887e-14
25.10155077538769 -1.113178046109841e-14
25.1135567783892 -1.208110789570815e-14
25.12556278139069 -1.311140516375648e-14
25.1375687843922 -1.422957917740912e-14
25.1495747873937 -1.544312609377919e-14
25.1615807903952 -1.67601815904889e-14
25.1735867933967 -1.818957543130844e-14
25.1855927963982 -1.974089068798788e-14
25.1975987993997 -2.142452801564541e-14
25.2096048024012 -2.325177541298994e-14
25.2216108054027 -2.523488393546561e-14
25.2336168084042 -2.738714986935723e-14
25.2456228114057 -2.972300391825765e-14
25.25762881440721 -3.225810800036082e-14
25.2696348174087 -3.500946030612514e-14
25.28164082041021 -3.799550932129183e-14
25.29364682341171 -4.123627758041665e-14
25.30565282641321 -4.475349598138251e-14
25.31765882941471 -4.857074956224539e-14
25.32966483241621 -5.271363571870125e-14
25.34167083541771 -5.720993592396484e-14
25.35367683841921 -6.208980210348221e-14
25.36568284142071 -6.738595891526673e-14
25.37768884442221 -7.313392329341351e-14
25.38969484742371 -7.937224272822607e-14
25.40170085042521 -8.614275388216085e-14
25.41370685342671 -9.349086327730248e-14
25.42571285642821 -1.014658519382453e-13
25.43771885942972 -1.101212060350654e-13
25.44972486243121 -1.195149757456052e-13
25.46173086543272 -1.297101647457328e-13
25.47373686843422 -1.40775152941845e-13
25.48574287143572 -1.527841552830506e-13
25.49774887443722 -1.658177197326819e-13
25.50975487743872 -1.799632677416793e-13
25.52176088044022 -1.953156808517291e-13
25.53376688344172 -2.119779373657329e-13
25.54577288644322 -2.30061803359324e-13
25.55777888944472 -2.496885826719822e-13
25.56978489244622 -2.709899309122787e-13
25.58179089544772 -2.941087389415752e-13
25.59379689844922 -3.192000917669813e-13
25.60580290145073 -3.464323092806864e-13
25.61780890445223 -3.759880758323181e-13
25.62981490745373 -4.080656662174345e-13
25.64182091045523 -4.428802763126342e-13
25.65382691345673 -4.806654672904238e-13
25.66583291645823 -5.216747331096202e-13
25.67783891945973 -5.661832018048266e-13
25.68984492246123 -6.144894819969474e-13
25.70185092546273 -6.669176670218513e-13
25.71385692846423 -7.238195101326877e-13
25.72586293146573 -7.855767853801262e-13
25.73786893446723 -8.526038500216447e-13
25.74987493746874 -9.253504256642932e-13
25.76188094047023 -1.004304616814233e-12
25.77388694347174 -1.089996187100611e-12
25.78589294647324 -1.183000115171758e-12
25.79789894947474 -1.283940454139817e-12
25.80990495247624 -1.393494520488476e-12
25.82191095547774 -1.512397440571022e-12
25.83391695847924 -1.64144708522746e-12
25.84592296148074 -1.781509425656006e-12
25.85792896448224 -1.933524346503398e-12
25.86993496748374 -2.098511955209161e-12
25.88194097048524 -2.277579429971907e-12
25.89394697348675 -2.471928452323228e-12
25.90595297648824 -2.682863274221159e-12
25.91795897948974 -2.911799473836866e-12
25.92996498249125 -3.160273458833813e-12
25.94197098549274 -3.429952780959232e-12
25.95397698849425 -3.722647331217002e-12
25.96598299149575 -4.04032149080567e-12
25.97798899449725 -4.385107319425056e-12
25.98999499749875 -4.759318869522703e-12
26.00200100050025 -5.165467722614415e-12
26.01400700350175 -5.606279852021777e-12
26.02601300650325 -6.084713925279296e-12
26.03801900950475 -6.603981169134374e-12
26.05002501250625 -7.167566930559654e-12
26.06203101550775 -7.779254078590067e-12
26.07403701850926 -8.443148404162509e-12
26.08604302151075 -9.163706188557739e-12
26.09804902451226 -9.945764125611862e-12
26.11005502751376 -1.079457179867666e-11
26.12206103051526 -1.171582693047019e-11
26.13406703351676 -1.271571364258703e-11
26.14607303651826 -1.38009439816559e-11
26.15807903951976 -1.497880299107807e-11
26.17008504252126 -1.625719763109914e-11
26.18209104552276 -1.76447098758207e-11
26.19409704852426 -1.915065434381967e-11
26.20610305152576 -2.078514084950166e-11
26.21810905452726 -2.255914229537386e-11
26.23011505752876 -2.448456836130554e-11
26.24212106053027 -2.65743454857919e-11
26.25412706353177 -2.884250367651005e-11
26.26613306653327 -3.130427073334022e-11
26.27813906953477 -3.397617451682745e-11
26.29014507253627 -3.687615394911521e-11
26.30215107553777 -4.002367949305535e-11
26.31415707853927 -4.343988391888176e-11
26.32616308154077 -4.714770423695881e-11
26.33816908454227 -5.117203575014118e-11
26.35017508754377 -5.553989926071658e-11
26.36218109054527 -6.028062255529147e-11
26.37418709354677 -6.542603738691935e-11
26.38619309654828 -7.101069327790291e-11
26.39819909954977 -7.707208957972856e-11
26.41020510255128 -8.365092734927201e-11
26.42221110555278 -9.079138273357137e-11
26.43421710855428 -9.854140369999653e-11
26.44622311155578 -1.069530321055194e-10
26.45822911455728 -1.160827532690654e-10
26.47023511755878 -1.259918753957446e-10
26.48224112056028 -1.367469414023674e-10
26.49424712356178 -1.484201759113879e-10
26.50625312656328 -1.610899704167544e-10
26.51825912956478 -1.748414098816729e-10
26.53026513256628 -1.897668443067222e-10
26.54227113556778 -2.059665091089755e-10
26.55427713856928 -2.235491984808183e-10
26.56628314157079 -2.426329962531981e-10
26.57828914457228 -2.633460691745084e-10
26.59029514757379 -2.858275279357817e-10
26.60230115057529 -3.102283617281665e-10
26.61430715357679 -3.367124526128658e-10
26.62631315657829 -3.654576765201136e-10
26.63831915957979 -3.966570982759999e-10
26.65032516258129 -4.305202686879127e-10
26.66233116558279 -4.672746324053056e-10
26.67433716858429 -5.071670560170414e-10
26.68634317158579 -5.504654866546876e-10
26.69834917458729 -5.974607522483124e-10
26.7103551775888 -6.4846851553342e-10
26.72236118059029 -7.038313949410859e-10
26.7343671835918 -7.639212666250594e-10
26.7463731865933 -8.291417630971114e-10
26.7583791895948 -8.999309852634351e-10
26.7703851925963 -9.767644460893136e-10
26.7823911955978 -1.06015826567622e-09
26.7943971985993 -1.15067263922545e-09
26.8064032016008 -1.248915601196707e-09
26.8184092046023 -1.355547110961052e-09
26.8304152076038 -1.471283487408734e-09
26.8424212106053 -1.596902222318086e-09
26.8544272136068 -1.733247204837783e-09
26.8664332166083 -1.881234392198338e-09
26.87843921960981 -2.041857964768369e-09
26.89044522261131 -2.216197006827098e-09
26.90245122561281 -2.405422757958644e-09
26.91445722861431 -2.61080648380961e-09
26.92646323161581 -2.833728019115172e-09
26.93846923461731 -3.075685040418273e-09
26.95047523761881 -3.338303130811957e-09
26.96248124062031 -3.623346704359477e-09
26.97448724362181 -3.932730863626192e-09
26.98649324662331 -4.268534270030438e-09
26.99849924962481 -4.633013113529687e-09
27.01050525262631 -5.028616275549026e-09
27.02251125562782 -5.458001787081276e-09
27.03451725862931 -5.924054692595571e-09
27.04652326163082 -6.42990643984273e-09
27.05852926463232 -6.978955925904651e-09
27.07053526763382 -7.574892340970403e-09
27.08254127063532 -8.221719963408386e-09
27.09454727363682 -8.923785072823261e-09
27.10655327663832 -9.685805162026662e-09
27.11855927963982 -1.051290064430735e-08
27.13056528264132 -1.141062926916402e-08
27.14257128564282 -1.23850234778745e-08
27.15457728864432 -1.344263095004201e-08
27.16658329164582 -1.45905586137142e-08
27.17858929464732 -1.583652041495945e-08
27.19059529764882 -1.71888891680629e-08
27.20260130065033 -1.865675283494281e-08
27.21460730365182 -2.024997561216969e-08
27.22661330665333 -2.197926423629759e-08
27.23861930965483 -2.385623995330539e-08
27.25062531265633 -2.589351663603256e-08
27.26263131565783 -2.810478557483458e-08
27.27463731865933 -3.050490751155575e-08
27.28664332166083 -3.311001253562449e-08
27.29864932466233 -3.593760851394358e-08
27.31065532766383 -3.900669878363407e-08
27.32266133066533 -4.233790989897966e-08
27.33466733366683 -4.595363029152882e-08
27.34667333666833 -4.987816077569934e-08
27.35867933966983 -5.413787791188787e-08
27.37068534267134 -5.876141132555046e-08
27.38269134567284 -6.377983617457223e-08
27.39469734867434 -6.922688205911445e-08
27.40670335167584 -7.513915977870248e-08
27.41870935467734 -8.155640746134103e-08
27.43071535767884 -8.852175771972048e-08
27.44272136068034 -9.608202763098924e-08
27.45472736368184 -1.042880334900582e-07
27.46673336668334 -1.131949324530116e-07
27.47873936968484 -1.228625933680438e-07
27.49074537268634 -1.333559992876354e-07
27.50275137568784 -1.44745684368752e-07
27.51475737868935 -1.571082080991275e-07
27.52676338169085 -1.705266700387237e-07
27.53876938469235 -1.850912685379539e-07
27.55077538769385 -2.008999071900238e-07
27.56278139069535 -2.180588530957901e-07
27.57478739369685 -2.366834513680121e-07
27.58679339669835 -2.568989006801315e-07
27.59879939969985 -2.788410950752832e-07
27.61080540270135 -3.026575376969085e-07
27.62281140570285 -3.285083325860774e-07
27.63481740870435 -3.565672612157075e-07
27.64682341170585 -3.870229510018103e-07
27.65882941470736 -4.200801436505469e-07
27.67083541770885 -4.559610718713861e-07
27.68284142071035 -4.949069537155518e-07
27.69484742371186 -5.371796145901307e-07
27.70685342671336 -5.830632478569961e-07
27.71885942971486 -6.328663258578817e-07
27.73086543271636 -6.869236742187696e-07
27.74287143571786 -7.455987233850557e-07
27.75487743871936 -8.092859525311028e-07
27.76688344172086 -8.784135422818223e-07
27.77888944472236 -9.534462540885254e-07
27.79089544772386 -1.034888555625924e-06
27.80290145072536 -1.123288013232084e-06
27.81490745372686 -1.219238974209479e-06
27.82691345672836 -1.323386563755146e-06
27.83891945972987 -1.43643102340444e-06
27.85092546273136 -1.559132420170199e-06
27.86293146573287 -1.692315758052855e-06
27.87493746873437 -1.836876526303747e-06
27.88694347173587 -1.993786721762024e-06
27.89894947473737 -2.164101385774676e-06
27.91095547773887 -2.348965699670947e-06
27.92296148074037 -2.549622686519943e-06
27.93496748374187 -2.767421570978878e-06
27.94697348674337 -3.003826853466651e-06
27.95897948974487 -3.260428159703001e-06
27.97098549274637 -3.538950931869734e-06
27.98299149574787 -3.841268033312534e-06
27.99499749874937 -4.169412344847816e-06
28.00700350175088 -4.525590437410158e-06
28.01900950475238 -4.912197413017201e-06
28.03101550775388 -5.331833013888898e-06
28.04302151075538 -5.787319108089968e-06
28.05502751375688 -6.281718669325313e-06
28.06703351675838 -6.818356378570661e-06
28.07903951975988 -7.400840986132255e-06
28.09104552276138 -8.033089584573513e-06
28.10305152576288 -8.719353955802923e-06
28.11505752876438 -9.464249169572514e-06
28.12706353176588 -1.027278462578398e-05
28.13906953476738 -1.115039774944191e-05
28.15107553776889 -1.210299056494093e-05
28.16308154077038 -1.313696939574685e-05
28.17508754377189 -1.425928795656005e-05
28.18709354677339 -1.547749412787537e-05
28.19909954977489 -1.679978072762953e-05
28.21110555277639 -1.823504062152092e-05
28.22311155577789 -1.979292654277968e-05
28.23511755877939 -2.148391602385351e-05
28.24712356178089 -2.331938187687057e-05
28.25912956478239 -2.531166869707678e-05
28.27113556778389 -2.747417590397115e-05
28.28314157078539 -2.982144787885336e-05
28.29514757378689 -3.236927180524796e-05
28.30715357678839 -3.513478387050063e-05
28.31915957978989 -3.81365845431034e-05
28.3311655827914 -4.139486370137539e-05
28.34317158579289 -4.493153645541472e-05
28.3551775887944 -4.877039057619285e-05
28.3671835917959 -5.293724652376718e-05
28.3791895947974 -5.746013115136841e-05
28.3911955977989 -6.236946625414644e-05
28.4032016008004 -6.769827323125056e-05
28.4152076038019 -7.34823952383502e-05
28.4272136068034 -7.976073832540068e-05
28.4392196098049 -8.657553318221605e-05
28.4512256128064 -9.397261925308836e-05
28.4632316158079 -0.0001020017531322235
28.47523761880941 -0.0001107169433151606
28.4872436218109 -0.0001201768135587035
28.49924962481241 -0.000130444997294417
28.51125562781391 -0.0001415905657497153
28.52326163081541 -0.0001536884926574137
28.53526763381691 -0.0001668201586808388
28.54727363681841 -0.0001810738989488708
28.55927963981991 -0.0001965455973854082
28.57128564282141 -0.0002133393318326652
28.58329164582291 -0.0002315680743095443
28.59529764882441 -0.0002513544511173833
28.60730365182591 -0.0002728315679081401
28.61930965482741 -0.0002961439052672807
28.63131565782891 -0.0003214482908381955
28.64332166083042 -0.0003489149545301032
28.65532766383192 -0.0003787286739105589
28.66733366683342 -0.0004110900174906429
28.67933966983492 -0.0004462166942697393
28.69134567283642 -0.0004843450186219698
28.70335167583792 -0.0005257315003826252
28.71535767883942 -0.0005706545708355797
28.72736368184092 -0.0006194164562173271
28.73936968484242 -0.0006723452113461348
28.75137568784392 -0.0007297969270625176
28.76338169084542 -0.0007921581263370713
28.77538769384692 -0.0008598483651715382
28.78739369684843 -0.0009333230557973518
28.79939969984992 -0.001013076531172106
28.81140570285143 -0.001099645371398484
28.82341170585293 -0.001193612014453116
28.83541770885443 -0.001295608675526425
28.84742371185593 -0.001406321601351745
28.85942971485743 -0.001526495688156717
28.87143571785893 -0.001656939494317476
28.88344172086043 -0.001798530681452851
28.89544772386193 -0.001952221920579585
28.90745372686343 -0.002119047303079929
28.91945972986493 -0.002300129299630822
28.93146573286643 -0.002496686313932297
28.94347173586793 -0.002710040882076333
28.95547773886943 -0.00294162857274334
28.96748374187094 -0.003193007648130805
28.97948974487243 -0.00346586955063932
28.99149574787394 -0.003762050285899602
29.00350175087544 -0.004083542778757615
29.01550775387694 -0.004432510285384278
29.02751375687844 -0.00481130095178536
29.03951975987994 -0.005222463616704112
29.05152576288144 -0.005668764965285713
29.06353176588294 -0.006153208148965311
29.07553776888444 -0.006679052996911326
29.08754377188594 -0.007249837955069395
29.09954977488744 -0.007869403900481848
29.11155577788895 -0.008541919991181309
29.12356178089044 -0.00927191172565992
29.13556778389195 -0.01006429140078988
29.14757378689345 -0.0109243911732168
29.15957978989495 -0.01185799894677362
29.17158579289645 -0.01287139732748677
29.18359179589795 -0.01397140590839753
29.19559779889945 -0.01516542716883685
29.20760380190095 -0.01646149629712495
29.21960980490245 -0.01786833527207896
29.23161580790395 -0.0193954115673826
29.24362181090545 -0.02105300187399319
29.25562781390695 -0.02285226126954324
29.26763381690845 -0.02480529830036395
29.27963981990996 -0.02692525648156264
29.29164582291146 -0.02922640276379391
29.30365182591296 -0.03172422356226601
29.31565782891446 -0.03443552899443481
29.32766383191596 -0.03737856602810169
29.33966983491746 -0.04057314130161944
29.35167583791896 -0.04404075444302702
29.36368184092046 -0.0478047427856172
29.37568784392196 -0.0518904384541676
29.38769384692346 -0.05632533887935089
29.39969984992496 -0.06113929188824606
29.41170585292646 -0.06636469661700747
29.42371185592796 -0.07203672159827267
29.43571785892946 -0.0781935414915219
29.44772386193096 -0.08487659405011917
29.45972986493247 -0.09213085905501329
29.47173586793397 -0.1000051610929726
29.48374187093547 -0.1085524982177687
29.49574787393697 -0.1178303987069892
29.50775387693847 -0.127901308316324
29.51975987993997 -0.1388330106385064
29.53176588294147 -0.1506990833969811
29.54377188594297 -0.1635793937463203
29.55577788894447 -0.1775606359140393
29.56778389194597 -0.192736914803553
29.57978989494747 -0.2092103794874706
29.59179589794897 -0.2270919108563466
29.60380190095048 -0.2465018680526413
29.61580790395197 -0.2675708987154548
29.62781390695348 -0.2904408184912511
29.63981990995498 -0.3152655657321752
29.65182591295648 -0.3422122378098229
29.66383191595798 -0.3714622160218683
29.67583791895948 -0.4032123866654798
29.68784392196098 -0.4376764664989827
29.69984992496248 -0.4750864415161198
29.71185592796398 -0.5156941287202409
29.72386193096548 -0.5597728714139769
29.73586793396698 -0.6076193794189788
29.74787393696849 -0.6595557266161989
29.75987993996998 -0.7159315192565215
29.77188594297149 -0.7771262496414562
29.78389194597299 -0.8435518510218184
29.79589794897449 -0.9156554709172723
29.80790395197599 -0.9939224815303817
29.81990995497749 -1.078879747525363
29.83191595797899 -1.171099173174765
29.84392196098049 -1.271201552758521
29.85592796398199 -1.379860750141865
29.86793396698349 -1.497808235675268
29.87993996998499 -1.62583801096571
29.89194597298649 -1.764811954680544
29.90395197598799 -1.915665625380374
29.9159579789895 -2.079414560455084
29.927963981991 -2.257161113577866
29.9399699849925 -2.450101876718568
29.951975987994 -2.659535736694141
29.9639819909955 -2.886872620507043
29.975987993997 -3.133642988360852
29.9879939969985 -3.401508138277403
30 -3.6922713917052
