6 0
6.012006003001501 1.554604637229236e-34
6.024012006003002 4.157221977262843e-34
6.036018009004502 9.498896169355861e-34
6.048024012006003 2.094965277352551e-33
6.060030015007504 4.554890343385168e-33
6.072036018009005 9.804333262240633e-33
6.084042021010506 2.091231002469334e-32
6.096048024012006 4.421192916034179e-32
6.108054027013507 9.26569560798897e-32
6.120060030015008 1.925093666050122e-31
6.132066033016509 3.965446346354426e-31
6.144072036018009 8.098954317194976e-31
6.156078039019509 1.640183444430116e-30
6.16808404202101 3.293913676953346e-30
6.180090045022511 6.560211068517329e-30
6.192096048024012 1.295801555846217e-29
6.204102051025512 2.538652856272782e-29
6.216108054027013 4.933340551535547e-29
6.228114057028514 9.509997766132856e-29
6.240120060030015 1.818652048731643e-28
6.252126063031516 3.450458390179422e-28
6.264132066033016 6.495159092031419e-28
6.276138069034517 1.213154740542342e-27
6.288144072036018 2.248450559684099e-27
6.300150075037519 4.135407278300779e-27
6.31215607803902 7.548277123146969e-27
6.32416208104052 1.367409272619153e-26
6.336168084042021 2.458649400001684e-26
6.348174087043522 4.388014708750171e-26
6.360180090045023 7.773894643048068e-26
6.372186093046524 1.367205418752129e-25
6.384192096048024 2.38714389739791e-25
6.396198099049525 4.138071776575171e-25
6.408204102051026 7.122240534977727e-25
6.420210105052527 1.217191120482202e-24
6.432216108054027 2.065610718854886e-24
6.444222111055527 3.481043951805875e-24
6.456228114057028 5.825931015133494e-24
6.468234117058529 9.68365182830922e-24
6.48024012006003 1.598651876938627e-23
6.49224612306153 2.621393211908928e-23
6.504252126063031 4.269689683507464e-23
6.516258129064532 6.908255335402759e-23
6.528264132066033 1.110376202395515e-22
6.540270135067534 1.773058585655956e-22
6.552276138069034 2.81286180308679e-22
6.564282141070535 4.433706897557629e-22
6.576288144072036 6.943835964733387e-22
6.588294147073537 1.080602931043775e-21
6.600300150075038 1.671040895885393e-21
6.612306153076538 2.567923059745455e-21
6.624312156078039 3.921663945865176e-21
6.63631815907954 5.952115321559628e-21
6.648324162081041 8.978499216174057e-21
6.660330165082541 1.346127419857025e-20
6.672336168084042 2.006027400570672e-20
6.684342171085543 2.971486600480074e-20
6.696348174087044 4.375367827263781e-20
6.708354177088545 6.404372504237012e-20
6.720360180090045 9.319161904026135e-20
6.732366183091546 1.348131040942201e-19
6.744372186093047 1.938914882406696e-19
6.756378189094547 2.772508257383087e-19
6.768384192096048 3.941760024658193e-19
6.780390195097548 5.572193281707935e-19
6.792396198099049 7.832419127816299e-19
6.80440220110055 1.094748046421129e-18
6.816408204102051 1.521582001350264e-18
6.828414207103552 2.103069038193653e-18
6.840420210105052 2.89069573453094e-18
6.852426213106553 3.951438735863098e-18
6.864432216108054 5.371865170507416e-18
6.876438219109555 7.263141592874657e-18
6.888444222111056 9.767100525019525e-18
6.900450225112556 1.306352330961122e-17
6.912456228114057 1.737880366052329e-17
6.924462231115558 2.299615632160534e-17
6.936468234117059 3.026752767708508e-17
6.948474237118559 3.962734782261905e-17
6.96048024012006 5.160823413819109e-17
6.972486243121561 6.685871233777968e-17
6.984492246123062 8.616295983523592e-17
6.996498249124563 1.104624957503443e-16
7.008504252126063 1.408796399848473e-16
7.020510255127563 1.787424390826613e-16
7.032516258129064 2.25610608373971e-16
7.044522261130565 2.833018685617412e-16
7.056528264132066 3.539178621395896e-16
7.068534267133566 4.398686240983796e-16
7.080540270135067 5.438943574132338e-16
7.092546273136568 6.690830339481755e-16
7.104552276138069 8.188821150498835e-16
7.11655827913957 9.971024747575611e-16
7.12856428214107 1.207912426006048e-15
7.140570285142571 1.455819612103021e-15
7.152576288144072 1.745638449406595e-15
7.164582291145573 2.082440810696771e-15
7.176588294147074 2.471487740892103e-15
7.188594297148574 2.918140215205632e-15
7.200600300150075 3.427747300874163e-15
7.212606303151576 4.005510580205889e-15
7.224612306153077 4.656324343800663e-15
7.236618309154577 5.384591871597487e-15
7.248624312156078 6.194019081864021e-15
7.260630315157579 7.087387932728842e-15
7.27263631815908 8.066313185554064e-15
7.284642321160581 9.130987454029711e-15
7.296648324162081 1.027992082543008e-14
7.308654327163582 1.150968270036486e-14
7.320660330165083 1.281465479434687e-14
7.332666333166584 1.418680541056224e-14
7.344672336168085 1.561549605514001e-14
7.356678339169584 1.708733214740811e-14
7.368684342171085 1.858606990303016e-14
7.380690345172586 2.009259136449863e-14
7.392696348174087 2.158495895995778e-14
7.404702351175588 2.303855983577547e-14
7.416708354177088 2.442634849827115e-14
7.428714357178589 2.571919400394047e-14
7.44072036018009 2.688633506751838e-14
7.452726363181591 2.789594305460651e-14
7.464732366183092 2.871578896013626e-14
7.476738369184592 2.931400624568295e-14
7.488744372186093 2.965993694722157e-14
7.500750375187594 2.972504392542959e-14
7.512756378189095 2.948386769173734e-14
7.524762381190595 2.89150021009703e-14
7.536768384192096 2.800205955893963e-14
7.548774387193597 2.673459345890209e-14
7.560780390195098 2.510894353136565e-14
7.572786393196599 2.312896884769394e-14
7.584792396198099 2.080663351193463e-14
7.596798399199599 1.816241172069027e-14
7.6088044022011 1.522548193557372e-14
7.620810405202601 1.203368440949993e-14
7.632816408204102 8.633222190773386e-15
7.644822411205602 5.078092887154119e-15
7.656828414207103 1.429246733479679e-15
7.668834417208604 -2.246524363834483e-15
7.680840420210105 -5.877952423689003e-15
7.692846423211606 -9.390889296895284e-15
7.704852426213106 -1.271009873236994e-14
7.716858429214607 -1.576120116110798e-14
7.728864432216108 -1.847271939306435e-14
7.740870435217609 -2.077816637876285e-14
7.75287643821911 -2.261811082727115e-14
7.76488244122061 -2.394215311272713e-14
7.776888444222111 -2.471074279863646e-14
7.788894447223612 -2.489677044193133e-14
7.800900450225113 -2.448687019785472e-14
7.812906453226613 -2.34823761262287e-14
7.824912456228114 -2.189988389126866e-14
7.836918459229615 -1.977138054023144e-14
7.848924462231116 -1.714391793256299e-14
7.860930465232617 -1.407881977189721e-14
7.872936468234117 -1.065042759257135e-14
7.884942471235618 -6.944406934149233e-15
7.896948474237119 -3.055650724281132e-15
7.90895447723862 9.141680135175477e-16
7.920960480240121 4.859328195330127e-15
7.932966483241621 8.672999550770626e-15
7.944972486243121 1.225030080771834e-14
7.956978489244622 1.549138281985268e-14
7.968984492246123 1.830443854888875e-14
7.980990495247624 2.060854144003836e-14
7.992996498249124 2.23362168068945e-14
8.005002501250626 2.343565734476562e-14
8.017008504252125 2.387250366309396e-14
8.029014507253628 2.363112348349864e-14
8.041020510255127 2.271533848793537e-14
8.053026513256629 2.114856521398027e-14
8.065032516258128 1.89733552885739e-14
8.077038519259631 1.62503400103069e-14
8.08904452226113 1.30566041373047e-14
8.101050525262632 9.483533003869412e-15
8.113056528264131 5.634195080130693e-15
8.125062531265632 1.620338151668805e-15
8.137068534267133 -2.440909155741042e-15
8.149074537268634 -6.43052824538045e-15
8.161080540270135 -1.023118441789208e-14
8.173086543271635 -1.373077087806372e-14
8.185092546273136 -1.682581035618832e-14
8.197098549274637 -1.942460595553055e-14
8.209104552276138 -2.145004063108632e-14
8.221110555277638 -2.284193588543651e-14
8.233116558279139 -2.355889444330971e-14
8.24512256128064 -2.357956834117123e-14
8.257128564282141 -2.290331245952176e-14
8.269134567283642 -2.155020338792464e-14
8.281140570285142 -1.956042396074832e-14
8.293146573286643 -1.699303413604431e-14
8.305152576288144 -1.392416842282702e-14
8.317158579289645 -1.04447181411403e-14
8.329164582291146 -6.657572831271577e-15
8.341170585292646 -2.674508598680229e-15
8.353176588294147 1.387178329275597e-15
8.365182591295648 5.408187360169707e-15
8.377188594297149 9.270769417278564e-15
8.389194597298649 1.286221359431009e-14
8.40120060030015 1.607815857762322e-14
8.413206603301651 1.882562950909477e-14
8.425212606303152 2.102571070218855e-14
8.437218609304653 2.261577705029497e-14
8.449224612306153 2.355122162615212e-14
8.461230615307654 2.380663334695075e-14
8.473236618309155 2.337639610979649e-14
8.485242621310656 2.227469890112887e-14
8.497248624312157 2.053496446230066e-14
8.509254627313657 1.82087215786331e-14
8.521260630315158 1.536396241306579e-14
8.533266633316659 1.208304104093965e-14
8.54527263631816 8.460182039227973e-15
8.55727863931966 4.598678298313443e-15
8.569284642321161 6.078649003242928e-16
8.58129064532266 -3.400039220234272e-15
8.593296648324163 -7.313128122118709e-15
8.605302651325662 -1.102295135723457e-14
8.617308654327164 -1.442751287796872e-14
8.629314657328663 -1.743404326512211e-14
8.641320660330166 -1.996147064077859e-14
8.653326663331665 -2.194252604795998e-14
8.665332666333168 -2.332543108912636e-14
8.677338669334667 -2.40751288098355e-14
8.689344672336169 -2.417403276265897e-14
8.701350675337668 -2.362228345329814e-14
8.713356678339169 -2.243751552649182e-14
8.72536268134067 -2.065415268429026e-14
8.737368684342171 -1.832226006541132e-14
8.749374687343671 -1.550599531531256e-14
8.761380690345172 -1.228170955567137e-14
8.773386693346673 -8.735757688626394e-15
8.785392696348174 -4.962083775640904e-15
8.797398699349674 -1.059651505990158e-15
8.809404702351175 2.870208028405711e-15
8.821410705352676 6.726458889581364e-15
8.833416708354177 1.041096265490416e-14
8.845422711355678 1.383095374516504e-14
8.857428714357178 1.690132624822284e-14
8.869434717358679 1.954667759824626e-14
8.88144072036018 2.170306252082407e-14
8.893446723361681 2.331941965551314e-14
8.905452726363182 2.435864293776576e-14
8.917458729364682 2.479827987445856e-14
8.929464732366183 2.463084899698011e-14
8.941470735367684 2.386377874965539e-14
8.953476738369185 2.251897961320486e-14
8.965482741370685 2.063207014114392e-14
8.977488744372186 1.825128559828109e-14
8.989494747373687 1.54361048647966e-14
9.001500750375188 1.225563707212015e-14
9.013506753376689 8.786813971056937e-15
9.025512756378189 5.112437239052896e-15
9.03751875937969 1.319131790464919e-15
9.049524762381191 -2.504743324664969e-15
9.061530765382692 -6.271175613882512e-15
9.073536768384193 -9.894522583853645e-15
9.085542771385693 -1.329343216695385e-14
9.097548774387194 -1.639261842810464e-14
9.109554777388695 -1.912445573827116e-14
9.121560780390196 -2.143036016695535e-14
9.133566783391696 -2.326193292013961e-14
9.145572786393197 -2.458184706232275e-14
9.157578789394698 -2.536446534208892e-14
9.169584792396197 -2.559618352574943e-14
9.1815907953977 -2.527550007723818e-14
9.193596798399199 -2.441281916111909e-14
9.205602801400701 -2.302999966045634e-14
9.2176088044022 -2.115966808074957e-14
9.229614807403703 -1.884431776228719e-14
9.241620810405202 -1.613522067296087e-14
9.253626813406704 -1.309118114925643e-14
9.265632816408203 -9.777163262356367e-15
9.277638819409706 -6.262824996756227e-15
9.289644822411205 -2.62099314701304e-15
9.301650825412706 1.073887211620466e-15
9.313656828414207 4.747295600707086e-15
9.325662831415707 8.326139737833525e-15
9.337668834417208 1.174019029021696e-14
9.349674837418709 1.492341980639301e-14
9.36168084042021 1.781522188933716e-14
9.37368684342171 2.036149007461044e-14
9.385692846423211 2.251553954698584e-14
9.397698849424712 2.423885867714575e-14
9.409704852426213 2.550168129647141e-14
9.421710855427714 2.628337456616929e-14
9.433716858429214 2.657264115546858e-14
9.445722861430715 2.636753814740485e-14
9.457728864432216 2.567531857237689e-14
9.469734867433717 2.451210467052698e-14
9.481740870435218 2.290240485457398e-14
9.493746873436718 2.087848884530689e-14
9.505752876438219 1.847963755271321e-14
9.51775887943972 1.575128595674293e-14
9.529764882441221 1.274407849271658e-14
9.541770885442721 9.512857266306579e-15
9.553776888444222 6.115603819416412e-15
9.565782891445723 2.612355156605752e-15
9.577788894447224 -9.358856555147439e-16
9.589794897448725 -4.468224757621695e-15
9.601800900450225 -7.924920154663268e-15
9.613806903451726 -1.124837464175854e-14
9.625812906453227 -1.438406348670721e-14
9.637818909454728 -1.72813831641421e-14
9.649824912456229 -1.989440940030006e-14
9.661830915457729 -2.218255486345952e-14
9.67383691845923 -2.411111897945727e-14
9.685842921460731 -2.565172452200506e-14
9.697848924462232 -2.678263778356048e-14
9.709854927463732 -2.748897123683581e-14
9.721860930465233 -2.776276961546279e-14
9.733866933466732 -2.760298224441462e-14
9.745872936468235 -2.701532620999543e-14
9.757878939469734 -2.60120465532513e-14
9.769884942471236 -2.461158108156254e-14
9.781890945472735 -2.283813860729447e-14
9.793896948474238 -2.072120043034551e-14
9.805902951475737 -1.829495567805693e-14
9.81790895447724 -1.559768169997896e-14
9.829914957478739 -1.267108108887819e-14
9.841920960480241 -9.559587069007901e-15
9.85392696348174 -6.309648966947832e-15
9.865932966483243 -2.969009270891045e-15
9.877938969484742 4.140165949533024e-16
9.889944972486242 3.791247187326643e-15
9.901950975487743 7.115318728484189e-15
9.913956978489244 1.034033642245728e-14
9.925962981490745 1.342248515393592e-14
9.937968984492246 1.632059228691812e-14
9.949974987493746 1.899663630635178e-14
9.961980990495247 2.141619611269488e-14
9.973986993496748 2.354883686799994e-14
9.985992996498249 2.536842938501847e-14
9.99799899949975 2.685340113122951e-14
10.01000500250125 2.798691797220216e-14
10.02201100550275 2.875699678931894e-14
10.03401700850425 2.915655006316787e-14
10.04602301150575 2.918336440504468e-14
10.05802901450725 2.884001583584514e-14
10.07003501750875 2.813372534676337e-14
10.08204102051026 2.707615892388216e-14
10.09404702351176 2.568317677488316e-14
10.10605302651326 2.39745369582363e-14
10.11805902951476 2.197355898242582e-14
10.13006503251626 1.970675321546271e-14
10.14207103551776 1.720342212499216e-14
10.15407703851926 1.449523945967728e-14
10.16608304152076 1.161581348732727e-14
10.17808904452226 8.600240329435619e-15
10.19009504752376 5.484653281200514e-15
10.20210105052526 2.305773787170259e-15
10.21410705352676 -8.995305376444913e-16
10.22611305652826 -4.094675785675147e-15
10.23811905952977 -7.243774858957037e-15
10.25012506253126 -1.031202954025822e-14
10.26213106553277 -1.326609772834128e-14
10.27413706853427 -1.60744325063394e-14
10.28614307153577 -1.870759020197083e-14
10.29814907453727 -2.113850509683726e-14
10.31015507753877 -2.334272894256489e-14
10.32216108054027 -2.529863393768458e-14
10.33416708354177 -2.698757830501972e-14
10.34617308654327 -2.839403407960225e-14
10.35817908954477 -2.950567716694665e-14
10.37018509254627 -3.031344015664784e-14
10.38219109554777 -3.081152877309525e-14
10.39419709854927 -3.099740321054957e-14
10.40620310155078 -3.087172593146306e-14
10.41820910455228 -3.043827780284704e-14
10.43021510755378 -2.970384470438898e-14
10.44222111055528 -2.867807696310522e-14
10.45422711355678 -2.737332415230869e-14
10.46623311655828 -2.580444793775967e-14
10.47823911955978 -2.398861576170095e-14
10.49024512256128 -2.194507822706172e-14
10.50225112556278 -1.969493308084369e-14
10.51425712856428 -1.726087869927061e-14
10.52626313156578 -1.4666959949652e-14
10.53826913456728 -1.193830924727284e-14
10.55027513756878 -9.100885542348726e-15
10.56228114057028 -6.18121386469998e-15
10.57428714357179 -3.206127924912925e-15
10.58629314657329 -2.025181230589958e-16
10.59829914957479 2.802912847756991e-15
10.61030515257629 5.783884792939293e-15
10.62231115557779 8.714763380866689e-15
10.63431715857929 1.157077045413472e-14
10.64632316158079 1.432817986303751e-14
10.65832916458229 1.696449760153525e-14
10.67033516758379 1.945862523162558e-14
10.68234117058529 2.179100578645602e-14
10.69434717358679 2.394375154369945e-14
10.70635317658829 2.590075325684509e-14
10.7183591795898 2.764777062149034e-14
10.7303651825913 2.91725039349972e-14
10.7423711855928 3.04646470797106e-14
10.7543771885943 3.1515922121233e-14
10.7663831915958 3.232009596308981e-14
10.7783891945973 3.287297963675697e-14
10.7903951975988 3.317241093089454e-14
10.8024012006003 3.321822117532019e-14
10.8144072036018 3.301218709353202e-14
10.8264132066033 3.255796872233299e-14
10.8384192096048 3.186103446837141e-14
10.8504252126063 3.092857442935191e-14
10.8624312156078 2.97694031525705e-14
10.87443721860931 2.839385303567869e-14
10.8864432216108 2.681365959465779e-14
10.89844922461231 2.504183983245722e-14
10.91045522761381 2.309256493924459e-14
10.92246123061531 2.098102854243126e-14
10.93446723361681 1.872331170230969e-14
10.94647323661831 1.633624581804996e-14
10.95847923961981 1.383727456975588e-14
10.97048524262131 1.124431597610228e-14
10.98249124562281 8.575625594591018e-15
10.99449724862431 5.849661833513343e-15
11.00650325162581 3.084954282108538e-15
11.01850925462731 2.999758989762511e-16
11.03051525762881 -2.486980170678161e-15
11.04252126063032 -5.257918450149114e-15
11.05452726363182 -7.995253033187061e-15
11.06653326663332 -1.068191298148077e-14
11.07853926963482 -1.33014407407192e-14
11.09054527263632 -1.583808317225673e-14
11.10255127563782 -1.827687487039792e-14
11.11455727863932 -2.060371350681087e-14
11.12656328164082 -2.28054270131003e-14
11.13856928464232 -2.486983247969422e-14
11.15057528764382 -2.678578671354504e-14
11.16258129064532 -2.85432284583888e-14
11.17458729364682 -3.013321233916232e-14
11.18659329664832 -3.154793464641226e-14
11.19859929964982 -3.278075112695145e-14
11.21060530265133 -3.382618699347965e-14
11.22261130565283 -3.467993940828033e-14
11.23461730865433 -3.533887273436757e-14
11.24662331165583 -3.580100688155632e-14
11.25862931465733 -3.606549910486704e-14
11.27063531765883 -3.613261963849227e-14
11.28264132066033 -3.600372157030911e-14
11.29464732366183 -3.568120537971452e-14
11.30665332666333 -3.516847857549655e-14
11.31865932966483 -3.44699108806832e-14
11.33066533266633 -3.359078541797417e-14
11.34267133566783 -3.253724635263992e-14
11.35467733866933 -3.131624344984856e-14
11.36668334167084 -2.993547400044707e-14
11.37868934467234 -2.840332256349098e-14
11.39069534767384 -2.672879896548853e-14
11.40270135067534 -2.492147498562592e-14
11.41470735367684 -2.299142014337874e-14
11.42671335667834 -2.094913699011796e-14
11.43871935967984 -1.880549628979925e-14
11.45072536268134 -1.65716724557992e-14
11.46273136568284 -1.425907959164318e-14
11.47473736868434 -1.187930846296211e-14
11.48674337168584 -9.444064706719021e-15
11.49874937468734 -6.965108561754629e-15
11.51075537768885 -4.454196382196876e-15
11.52276138069034 -1.923024172439519e-15
11.53476738369185 6.168266406165942e-16
11.54677338669335 3.153941005391094e-15
11.55877938969485 5.677119443747479e-15
11.57078539269635 8.175424502268462e-15
11.58279139569785 1.063822433177937e-14
11.59479739869935 1.305523329195262e-14
11.60680340170085 1.541654949895848e-14
11.61880940470235 1.771268925456244e-14
11.63081540770385 1.993461831472733e-14
11.64282141070535 2.207377997458824e-14
11.65482741370685 2.412211996456908e-14
11.66683341670835 2.60721081693521e-14
11.67883941970986 2.791675719735298e-14
11.69084542271136 2.964963784326315e-14
11.70285142571286 3.126489150007421e-14
11.71485742871436 3.275723958977953e-14
11.72686343171586 3.412199009364986e-14
11.73886943471736 3.53550412735997e-14
11.75087543771886 3.645288268570705e-14
11.76288144072036 3.741259359543132e-14
11.77488744372186 3.823183891151065e-14
11.78689344672336 3.890886276193406e-14
11.79889944972486 3.944247984080044e-14
11.81090545272636 3.983206465932866e-14
11.82291145572786 4.007753883780478e-14
11.83491745872936 4.017935657788088e-14
11.84692346173087 4.013848845641655e-14
11.85892946473237 3.995640368302047e-14
11.87093546773387 3.96350509636505e-14
11.88294147073537 3.917683811211171e-14
11.89494747373687 3.858461055010071e-14
11.90695347673837 3.786162883462635e-14
11.91895947973987 3.701154534924235e-14
11.93096548274137 3.603838029260201e-14
11.94297148574287 3.49464970944374e-14
11.95497748874437 3.374057738522205e-14
11.96698349174587 3.242559564154382e-14
11.97898949474737 3.100679362463814e-14
11.99099549774887 2.948965472465487e-14
12.00300150075038 2.787987831809892e-14
12.01500750375187 2.618335424053565e-14
12.02701350675338 2.440613747112643e-14
12.03901950975488 2.255442311989646e-14
12.05102551275638 2.063452180287174e-14
12.06303151575788 1.865283548438956e-14
12.07503751875938 1.661583386001897e-14
12.08704352176088 1.453003134765481e-14
12.09904952476238 1.240196474850101e-14
12.11105552776388 1.023817163385937e-14
12.12306153076538 8.045169507916607e-15
12.13506753376688 5.829435791095396e-15
12.14707353676839 3.597388663025267e-15
12.15907953976988 1.355368798816097e-15
12.17108554277139 -8.903779729044613e-16
12.18309154577289 -3.133717066781878e-15
12.19509754877439 -5.368640573819701e-15
12.20710355177589 -7.589281716906432e-15
12.21910955477739 -9.789928319413153e-15
12.23111555777889 -1.196503528176288e-14
12.24312156078039 -1.410923606492938e-14
12.25512756378189 -1.621735318365965e-14
12.26713356678339 -1.828440771582707e-14
12.27913956978489 -2.030562783770812e-14
12.29114557278639 -2.227645639813577e-14
12.30315157578789 -2.419255754741361e-14
12.31515757878939 -2.604982243958171e-14
12.3271635817909 -2.784437402910687e-14
12.3391695847924 -2.957257098533115e-14
12.3511755877939 -3.123101075005648e-14
12.3631815907954 -3.281653176547479e-14
12.3751875937969 -3.432621490127646e-14
12.3871935967984 -3.575738411119272e-14
12.3991995997999 -3.710760635045469e-14
12.4112056028014 -3.837469078668953e-14
12.4232116058029 -3.955668733763205e-14
12.4352176088044 -4.065188456971265e-14
12.4472236118059 -4.165880699210052e-14
12.4592296148074 -4.257621178113907e-14
12.4712356178089 -4.340308497031983e-14
12.48324162081041 -4.413863714100884e-14
12.49524762381191 -4.478229864907269e-14
12.50725362681341 -4.53337144223608e-14
12.51925962981491 -4.579273836369214e-14
12.53126563281641 -4.615942739357851e-14
12.54327163581791 -4.643403516639985e-14
12.55527763881941 -4.66170054931383e-14
12.56728364182091 -4.670896550308466e-14
12.57928964482241 -4.671071857616137e-14
12.59129564782391 -4.662323707666801e-14
12.60330165082541 -4.644765491835494e-14
12.61530765382691 -4.618525998977694e-14
12.62731365682841 -4.583748646787641e-14
12.63931965982992 -4.540590704670285e-14
12.65132566283141 -4.489222510709835e-14
12.66333166583292 -4.429826685207285e-14
12.67533766883442 -4.362597343146405e-14
12.68734367183592 -4.28773930783322e-14
12.69934967483742 -4.205467327838135e-14
12.71135567783892 -4.116005299253443e-14
12.72336168084042 -4.019585495162288e-14
12.73536768384192 -3.916447804098576e-14
12.74737368684342 -3.806838979161471e-14
12.75937968984492 -3.691011899333182e-14
12.77138569284642 -3.569224844435083e-14
12.78339169584793 -3.441740785045315e-14
12.79539769884942 -3.308826688590911e-14
12.80740370185093 -3.170752842719718e-14
12.81940970485243 -3.027792196951986e-14
12.83141570785393 -2.880219723508746e-14
12.84342171085543 -2.72831179811426e-14
12.85542771385693 -2.572345601472975e-14
12.86743371685843 -2.412598542027697e-14
12.87943971985993 -2.249347700515362e-14
12.89144572286143 -2.082869296749789e-14
12.90345172586293 -1.913438178977261e-14
12.91545772886443 -1.741327336070925e-14
12.92746373186593 -1.566807432753582e-14
12.93946973486743 -1.390146367965828e-14
12.95147573786893 -1.211608856427416e-14
12.96348174087044 -1.03145603337441e-14
12.97548774387194 -8.499450823929683e-15
12.98749374687344 -6.673288862125477e-15
12.99949974987494 -4.838557002668804e-15
13.01150575287644 -2.997688487801814e-15
13.02351175587794 -1.153064430886913e-15
13.03551775887944 6.92988781362602e-16
13.04752376188094 2.538201871380081e-15
13.05952976488244 4.380364842086756e-15
13.07153576788394 6.217328941532039e-15
13.08354177088544 8.047008425596744e-15
13.09554777388694 9.867382123801033e-15
13.10755377688844 1.167649481350733e-14
13.11955977988995 1.347245840802837e-14
13.13156578289145 1.52534529643431e-14
13.14357178589295 1.701772751628903e-14
13.15557778889445 1.876360073924045e-14
13.16758379189595 2.048946145239824e-14
13.17958979489745 2.219376896491057e-14
13.19159579789895 2.387505327211449e-14
13.20360180090045 2.553191510823931e-14
13.21560780390195 2.716302586194266e-14
13.22761380690345 2.876712736106206e-14
13.23961980990495 3.034303153295873e-14
13.25162581290645 3.188961994680798e-14
13.26363181590795 3.340584324415217e-14
13.27563781890946 3.489072046397983e-14
13.28764382191095 3.634333826852846e-14
13.29964982491246 3.776285007592973e-14
13.31165582791396 3.914847510572579e-14
13.32366183091546 4.049949734318486e-14
13.33566783391696 4.181526442823366e-14
13.34767383691846 4.309518647470508e-14
13.35967983991996 4.433873482547259e-14
13.37168584292146 4.554544074890844e-14
13.38369184592296 4.671489408196242e-14
13.39569784892446 4.784674182501151e-14
13.40770385192596 4.894068669348033e-14
13.41970985492746 4.99964856310768e-14
13.43171585792896 5.101394828932941e-14
13.44372186093047 5.199293547795047e-14
13.45572786393197 5.293335759038738e-14
13.46773386693347 5.383517300875731e-14
13.47973986993497 5.469838649219554e-14
13.49174587293647 5.552304755248051e-14
13.50375187593797 5.630924882063103e-14
13.51575787893947 5.705712440800536e-14
13.52776388194097 5.77668482652652e-14
13.53976988494247 5.843863254240287e-14
13.55177588794397 5.907272595286716e-14
13.56378189094547 5.966941214466098e-14
13.57578789394697 6.022900808112523e-14
13.58779389694847 6.075186243396603e-14
13.59979989994997 6.123835399092818e-14
13.61180590295148 6.168889008036652e-14
13.62381190595298 6.210390501481817e-14
13.63581790895448 6.248385855553427e-14
13.64782391195598 6.282923439978775e-14
13.65982991495748 6.314053869263649e-14
13.67183591795898 6.341829856468625e-14
13.68384192096048 6.366306069726867e-14
13.69584792396198 6.387538991632216e-14
13.70785392696348 6.405586781614225e-14
13.71985992996498 6.420509141404939e-14
13.73186593296648 6.432367183690829e-14
13.74387193596798 6.441223304032297e-14
13.75587793896949 6.447141056122662e-14
13.76788394197099 6.45018503044832e-14
13.77988994497248 6.450420736402106e-14
13.79189594797399 6.447914487892579e-14
13.80390195097549 6.442733292483062e-14
13.81590795397699 6.434944744085771e-14
13.82791395697849 6.42461691922836e-14
13.83991995997999 6.411818276902524e-14
13.85192596298149 6.396617561996973e-14
13.86393196598299 6.379083712310388e-14
13.87593796898449 6.359285769133283e-14
13.88794397198599 6.337292791381726e-14
13.89994997498749 6.313173773260113e-14
13.911955977989 6.286997565424728e-14
13.92396198099049 6.258832799614915e-14
13.935967983992 6.228747816713869e-14
13.9479739869935 6.196810598196841e-14
13.959979989995 6.163088700920395e-14
13.9719859929965 6.127649195202708e-14
13.983991995998 6.090558606141491e-14
13.9959979989995 6.051882858112949e-14
14.008004002001 6.011687222392394e-14
14.0200100050025 5.97003626783455e-14
14.032016008004 5.926993814549292e-14
14.0440220110055 5.882622890506497e-14
14.056028014007 5.836985691001902e-14
14.0680340170085 5.790143540914249e-14
14.08004002001 5.742156859682705e-14
14.09204602301151 5.693085128932316e-14
14.10405202601301 5.642986862674411e-14
14.11605802901451 5.59191958000803e-14
14.12806403201601 5.53993978024798e-14
14.14007003501751 5.487102920404625e-14
14.15207603801901 5.433463394940384e-14
14.16408204102051 5.379074517727765e-14
14.17608804402201 5.323988506133888e-14
14.18809404702351 5.26825646715663e-14
14.20010005002501 5.211928385537846e-14
14.21210605302651 5.155053113779649e-14
14.22411205602801 5.097678363990217e-14
14.23611805902951 5.03985070148634e-14
14.24812406203102 4.981615540080644e-14
14.26013006503252 4.923017138982353e-14
14.27213606803402 4.864098601241328e-14
14.28414207103552 4.804901873666218e-14
14.29614807403702 4.745467748148594e-14
14.30815407703852 4.685835864326141e-14
14.32016008004002 4.626044713519166e-14
14.33216608304152 4.566131643875989e-14
14.34417208604302 4.506132866664055e-14
14.35617808904452 4.446083463644996e-14
14.36818409204602 4.386017395473254e-14
14.38019009504752 4.3259675110593e-14
14.39219609804903 4.265965557839943e-14
14.40420210105053 4.206042192899683e-14
14.41620810405203 4.146226994888577e-14
14.42821410705353 4.086548476683574e-14
14.44022011005503 4.027034098741802e-14
14.45222611305653 3.967710283095804e-14
14.46423211605803 3.908602427942289e-14
14.47623811905953 3.849734922777419e-14
14.48824412206103 3.791131164033261e-14
14.50025012506253 3.732813571171491e-14
14.51225612806403 3.674803603191993e-14
14.52426213106553 3.617121775515481e-14
14.53626813406703 3.559787677200764e-14
14.54827413706853 3.502819988458762e-14
14.56028014007003 3.446236498426827e-14
14.57228614307154 3.390054123168394e-14
14.58429214607304 3.334288923864364e-14
14.59629814907454 3.278956125164079e-14
14.60830415207604 3.224070133665077e-14
14.62031015507754 3.169644556492227e-14
14.63231615807904 3.115692219948111e-14
14.64432216108054 3.062225188207878e-14
14.65632816408204 3.009254782033068e-14
14.66833416708354 2.956791597480097e-14
14.68034017008504 2.904845524580424e-14
14.69234617308654 2.853425765970502e-14
14.70435217608804 2.80254085545087e-14
14.71635817908954 2.752198676454813e-14
14.72836418209105 2.702406480408182e-14
14.74037018509255 2.653170904962982e-14
14.75237618809405 2.604497992088435e-14
14.76438219109555 2.556393206004197e-14
14.77638819409705 2.508861450941431e-14
14.78839419709855 2.461907088718352e-14
14.80040020010005 2.415533956117825e-14
14.81240620310155 2.369745382055456e-14
14.82441220610305 2.324544204527498e-14
14.83641820910455 2.279932787328727e-14
14.84842421210605 2.23591303653124e-14
14.86043021510755 2.192486416715902e-14
14.87243621810905 2.149653966948935e-14
14.88444222111056 2.107416316496818e-14
14.89644822411206 2.065773700273414e-14
14.90845422711356 2.024725974013836e-14
14.92046023011506 1.984272629170273e-14
14.93246623311656 1.944412807525513e-14
14.94447223611806 1.905145315520599e-14
14.95647823911956 1.86646863829348e-14
14.96848424212106 1.828380953426174e-14
14.98049024512256 1.790880144398358e-14
14.99249624812406 1.753963813745874e-14
15.00450225112556 1.717629295923032e-14
15.01650825412706 1.681873669868063e-14
15.02851425712857 1.646693771271477e-14
15.04052026013007 1.612086204547483e-14
15.05252626313157 1.578047354508977e-14
15.06453226613307 1.544573397746985e-14
15.07653826913457 1.511660313715751e-14
15.08854427213607 1.479303895524992e-14
15.10055027513757 1.447499760441126e-14
15.11255627813907 1.416243360099547e-14
15.12456228114057 1.385529990430294e-14
15.13656828414207 1.355354801299689e-14
15.14857428714357 1.325712805870743e-14
15.16058029014507 1.296598889685348e-14
15.17258629314657 1.26800781947145e-14
15.18459229614807 1.239934251678589e-14
15.19659829914957 1.212372740745351e-14
15.20860430215108 1.185317747102425e-14
15.22061030515258 1.158763644915101e-14
15.23261630815408 1.132704729569159e-14
15.24462231115558 1.107135224904231e-14
15.25662831415708 1.0820492901988e-14
15.26863431715858 1.057441026911096e-14
15.28064032016008 1.033304485180238e-14
15.29264632316158 1.009633670092021e-14
15.30465232616308 9.864225477138339e-15
15.31665832916458 9.63665050903216e-15
15.32866433216608 9.413550848946242e-15
15.34067033516758 9.194865326690076e-15
15.35267633816908 8.980532601108075e-15
15.36468234117059 8.770491209570306e-15
15.37668834417209 8.56467961543044e-15
15.38869434717359 8.363036253497539e-15
15.40070035017509 8.165499573568181e-15
15.41270635317659 7.972008082065463e-15
15.42471235617809 7.782500381831174e-15
15.43671835917959 7.596915210117325e-15
15.44872436218109 7.415191474822959e-15
15.46073036518259 7.237268289021848e-15
15.47273636818409 7.063085003826415e-15
15.48474237118559 6.892581239632819e-15
15.49674837418709 6.725696915791694e-15
15.50875437718859 6.562372278748704e-15
15.5207603801901 6.402547928698437e-15
15.5327663831916 6.246164844794844e-15
15.5447723861931 6.093164408960724e-15
15.5567783891946 5.943488428338293e-15
15.5687843921961 5.797079156422293e-15
15.5807903951976 5.653879312916451e-15
15.5927963981991 5.513832102353478e-15
15.6048024012006 5.37688123151823e-15
15.6168084042021 5.242970925712874e-15
15.6288144072036 5.112045943902355e-15
15.6408204102051 4.98405159277768e-15
15.6528264132066 4.858933739773919e-15
15.6648324162081 4.736638825079074e-15
15.6768384192096 4.617113872669274e-15
15.6888444222111 4.50030650040503e-15
15.70085042521261 4.38616492922259e-15
15.71285642821411 4.274637991453665e-15
15.72486243121561 4.165675138306135e-15
15.73686843421711 4.059226446537542e-15
15.74887443721861 3.955242624352513e-15
15.76088044022011 3.853675016554492e-15
15.77288644322161 3.75447560898145e-15
15.78489244622311 3.657597032254513e-15
15.79689844922461 3.562992564867735e-15
15.80890445222611 3.470616135646521e-15
15.82091045522761 3.380422325601483e-15
15.83291645822911 3.292366369203848e-15
15.84492246123061 3.206404155107784e-15
15.85692846423212 3.122492226344353e-15
15.86893446723362 3.0405877800111e-15
15.88094047023512 2.960648666480615e-15
15.89294647323662 2.882633388150733e-15
15.90495247623812 2.806501097758374e-15
15.91695847923962 2.732211596278368e-15
15.92896448224112 2.659725330427977e-15
15.94097048524262 2.58900338979718e-15
15.95297648824412 2.52000750362418e-15
15.96498249124562 2.45270003723495e-15
15.97698849424712 2.387043988165056e-15
15.98899449724862 2.323002981981393e-15
16.00100050025013 2.260541267820881e-15
16.01300650325162 2.19962371366259e-15
16.02501250625313 2.140215801349243e-15
16.03701850925463 2.08228362137342e-15
16.04902451225613 2.025793867443321e-15
16.06103051525763 1.970713830842369e-15
16.07303651825913 1.917011394596442e-15
16.08504252126063 1.864655027461994e-15
16.09704852426213 1.813613777747851e-15
16.10905452726363 1.763857266982968e-15
16.12106053026513 1.71535568344197e-15
16.13306653326664 1.668079775539829e-15
16.14507253626813 1.622000845106571e-15
16.15707853926963 1.577090740552501e-15
16.16908454227114 1.533321849933943e-15
16.18109054527264 1.490667093929142e-15
16.19309654827414 1.449099918733499e-15
16.20510255127564 1.408594288882976e-15
16.21710855427714 1.369124680014057e-15
16.22911455727864 1.330666071568327e-15
16.24112056028014 1.293193939449327e-15
16.25312656328164 1.256684248639002e-15
16.26513256628314 1.221113445780703e-15
16.27713856928464 1.186458451735373e-15
16.28914457228614 1.152696654117214e-15
16.30115057528764 1.119805899814798e-15
16.31315657828915 1.087764487503316e-15
16.32516258129064 1.056551160153293e-15
16.33716858429214 1.026145097540869e-15
16.34917458729365 9.965259087644221e-16
16.36118059029515 9.676736247720381e-16
16.37318659329665 9.395686909040774e-16
16.38519259629815 9.121919594548231e-16
16.39719859929965 8.855246822569315e-16
16.40920460230115 8.59548503292184e-16
16.42121060530265 8.342454513317803e-16
16.43321660830415 8.095979326092022e-16
16.44522261130565 7.855887235284407e-16
16.45722861430716 7.622009634101716e-16
16.46923461730865 7.394181472782562e-16
16.48124062031015 7.172241186887342e-16
16.49324662331166 6.956030626032935e-16
16.50525262631316 6.745394983089974e-16
16.51725862931466 6.540182723858758e-16
16.52926463231616 6.340245517238082e-16
16.54127063531766 6.145438165899471e-16
16.55327663831916 5.955618537477746e-16
16.56528264132066 5.77064749628715e-16
16.57728864432216 5.590388835570716e-16
16.58929464732366 5.414709210289068e-16
16.60130065032516 5.243478070453365e-16
16.61330665332666 5.076567595005641e-16
16.62531265632816 4.913852626248474e-16
16.63731865932967 4.755210604824524e-16
16.64932466233117 4.600521505245202e-16
16.66133066533267 4.449667771966475e-16
16.67333666833417 4.302534256008586e-16
16.68534267133567 4.159008152115242e-16
16.69734867433717 4.018978936446741e-16
16.70935467733867 3.882338304800271e-16
16.72136068034017 3.748980111349648e-16
16.73336668334167 3.618800307895569e-16
16.74537268634317 3.491696883616488e-16
16.75737868934467 3.367569805309177e-16
16.76938469234617 3.246320958107037e-16
16.78139069534767 3.127854086663254e-16
16.79339669834918 3.012074736784945e-16
16.80540270135068 2.898890197503487e-16
16.81740870435218 2.788209443565305e-16
16.82941470735368 2.679943078326508e-16
16.84142071035518 2.574003277033845e-16
16.85342671335668 2.470303730473581e-16
16.86543271635818 2.368759588969039e-16
16.87743871935968 2.269287406706649e-16
16.88944472236118 2.171805086369563e-16
16.90145072536268 2.076231824056955e-16
16.91345672836418 1.982488054466382e-16
16.92546273136568 1.890495396315639e-16
16.93746873436718 1.800176597979794e-16
16.94947473736868 1.711455483318175e-16
16.96148074037018 1.624256897665288e-16
16.97348674337169 1.538506653958776e-16
16.98549274637319 1.454131478976683e-16
16.99749874937469 1.371058959655433e-16
17.00950475237619 1.289217489459076e-16
17.02151075537769 1.208536214769461e-16
17.03351675837919 1.128944981266131e-16
17.04552276138069 1.050374280263824e-16
17.05752876438219 9.727551949745686e-17
17.06953476738369 8.96019346660411e-17
17.08154077038519 8.200988406418947e-17
17.09354677338669 7.449262121264307e-17
17.10555277638819 6.704343718197215e-17
17.1175587793897 5.965565512823962e-17
17.1295647823912 5.232262479929835e-17
17.14157078539269 4.503771700772937e-17
17.1535767883942 3.779431806632028e-17
17.1655827913957 3.05858241818718e-17
17.1775887943972 2.340563580300621e-17
17.1895947973987 1.624715191753435e-17
17.2016008004002 9.103764294816764e-18
17.2136068034017 1.968851668430127e-18
17.2256128064032 -5.164226145677904e-18
17.2376188094047 -1.23021342004949e-17
17.2496248124062 -1.945156844379655e-17
17.26163081540771 -2.661926182377305e-17
17.27363681840921 -3.381199047980083e-17
17.2856428214107 -4.103658002388254e-17
17.29764882441221 -4.829991191843262e-17
17.30965482741371 -5.560892995624745e-17
17.32166083041521 -6.297064684866421e-17
17.33366683341671 -7.039215092808556e-17
17.34567283641821 -7.788061297122401e-17
17.35767883941971 -8.544329314960492e-17
17.36968484242121 -9.308754811405688e-17
17.38169084542271 -1.008208382201164e-16
17.39369684842421 -1.08650734901477e-16
17.40570285142572 -1.16584928198826e-16
17.41770885442721 -1.2463123445163e-16
17.42971485742871 -1.327976041606582e-16
17.44172086043022 -1.410921300292679e-16
17.45372686343172 -1.495230551917193e-16
17.46573286643321 -1.580987816370411e-16
17.47773886943472 -1.668278788372285e-16
17.48974487243622 -1.75719092588828e-16
17.50175087543772 -1.847813540772422e-16
17.51375687843922 -1.940237891733825e-16
17.52576288144072 -2.034557279725965e-16
17.53776888444222 -2.13086714586111e-16
17.54977488744372 -2.229265171955571e-16
17.56178089044522 -2.329851383814767e-16
17.57378689344672 -2.432728257370626e-16
17.58579289644823 -2.538000827787404e-16
17.59779889944972 -2.645776801655804e-16
17.60980490245122 -2.756166672399087e-16
17.62181090545273 -2.869283839018959e-16
17.63381690845423 -2.985244728313124e-16
17.64582291145573 -3.104168920700745e-16
17.65782891445723 -3.226179279796521e-16
17.66983491745873 -3.351402085878702e-16
17.68184092046023 -3.479967173401235e-16
17.69384692346173 -3.612008072705112e-16
17.70585292646323 -3.747662156089261e-16
17.71785892946473 -3.887070788406579e-16
17.72986493246623 -4.030379482356305e-16
17.74187093546773 -4.177738058649656e-16
17.75387693846923 -4.32930081123157e-16
17.76588294147074 -4.485226677747642e-16
17.77788894447224 -4.645679415451622e-16
17.78989494747374 -4.810827782755568e-16
17.80190095047524 -4.980845726631533e-16
17.81390695347674 -5.155912576080815e-16
17.82591295647824 -5.336213241894125e-16
17.83791895947974 -5.521938422933705e-16
17.84992496248124 -5.71328481917628e-16
17.86193096548274 -5.910455351763979e-16
17.87393696848424 -6.113659390318755e-16
17.88594297148574 -6.323112987784752e-16
17.89794897448724 -6.539039123072031e-16
17.90995497748874 -6.761667951784629e-16
17.92196098049025 -6.99123706532561e-16
17.93396698349175 -7.227991758681932e-16
17.94597298649325 -7.472185307202466e-16
17.95797898949475 -7.724079252693316e-16
17.96998499249625 -7.983943699165873e-16
17.98199099549775 -8.252057618584734e-16
17.99399699849925 -8.528709166974643e-16
18.00600300150075 -8.814196011258141e-16
18.01800900450225 -9.108825667208628e-16
18.03001500750375 -9.412915848916885e-16
18.04202101050525 -9.726794830183078e-16
18.05402701350675 -1.00508018182607e-15
18.06603301650825 -1.038528734039371e-15
18.07803901950975 -1.073061364360379e-15
18.09004502251126 -1.108715510820045e-15
18.10205102551276 -1.145529867550349e-15
18.11405702851426 -1.183544429028438e-15
18.12606303151576 -1.222800535845098e-15
18.13806903451726 -1.263340922051851e-15
18.15007503751876 -1.305209764142874e-15
18.16208104052026 -1.348452731729899e-15
18.17408704352176 -1.393117039970355e-15
18.18609304652326 -1.43925150381106e-15
18.19809904952476 -1.486906594112044e-15
18.21010505252626 -1.536134495717314e-15
18.22211105552776 -1.586989167541756e-15
18.23411705852926 -1.639526404745795e-15
18.24612306153077 -1.693803903071992e-15
18.25812906453227 -1.749881325420352e-15
18.27013506753377 -1.807820370741854e-15
18.28214107053527 -1.867684845332524e-15
18.29414707353677 -1.92954073661327e-15
18.30615307653827 -1.993456289483754e-15
18.31815907953977 -2.059502085341665e-15
18.33016508254127 -2.127751123862022e-15
18.34217108554277 -2.198278907634482e-15
18.35417708854427 -2.271163529760109e-15
18.36618309154577 -2.346485764512662e-15
18.37818909454727 -2.424329161173182e-15
18.39019509754878 -2.504780141150525e-15
18.40220110055028 -2.587928098504515e-15
18.41420710355177 -2.673865503992482e-15
18.42621310655328 -2.762688012764311e-15
18.43821910955478 -2.854494575835522e-15
18.45022511255628 -2.949387555472539e-15
18.46223111555778 -3.047472844629089e-15
18.47423711855928 -3.148859990577565e-15
18.48624312156078 -3.253662322884389e-15
18.49824912456228 -3.361997085883632e-15
18.51025512756378 -3.473985575808727e-15
18.52226113056528 -3.589753282747729e-15
18.53426713356679 -3.709430037593543e-15
18.54627313656828 -3.833150164166592e-15
18.55827913956978 -3.961052636693767e-15
18.57028514257129 -4.093281242834043e-15
18.58229114557279 -4.229984752447948e-15
18.59429714857428 -4.371317092315072e-15
18.60630315157579 -4.517437527011153e-15
18.61830915457729 -4.668510846163771e-15
18.63031515757879 -4.824707558313538e-15
18.64232116058029 -4.986204091615761e-15
18.65432716358179 -5.153183001625953e-15
18.66633316658329 -5.325833186421264e-15
18.67833916958479 -5.504350109318911e-15
18.69034517258629 -5.688936029462011e-15
18.70235117558779 -5.879800240552935e-15
18.7143571785893 -6.077159318024215e-15
18.72636318159079 -6.281237374947544e-15
18.73836918459229 -6.492266326992065e-15
18.7503751875938 -6.710486166754287e-15
18.7623811905953 -6.93614524779356e-15
18.7743871935968 -7.169500578718943e-15
18.7863931965983 -7.410818127685695e-15
18.7983991995998 -7.660373137672442e-15
18.8104052026013 -7.918450452923372e-15
18.8224112056028 -8.185344856953599e-15
18.8344172086043 -8.461361422530026e-15
18.8464232116058 -8.746815874054913e-15
18.85842921460731 -9.04203496279459e-15
18.8704352176088 -9.347356855411659e-15
18.8824412206103 -9.663131536275418e-15
18.89444722361181 -9.989721224042347e-15
18.90645322661331 -1.032750080301603e-14
18.91845922961481 -1.067685826981423e-14
18.93046523261631 -1.103819519588976e-14
18.94247123561781 -1.141192720647138e-14
18.95447723861931 -1.179848447651127e-14
18.96648324162081 -1.219831224424681e-14
18.97848924462231 -1.261187134300592e-14
18.99049524762381 -1.30396387519082e-14
19.00250125062531 -1.348210816613715e-14
19.01450725362681 -1.393979058748335e-14
19.02651325662831 -1.441321493588336e-14
19.03851925962982 -1.490292868270517e-14
19.05052526263132 -1.540949850655835e-14
19.06253126563282 -1.59335109724344e-14
19.07453726863432 -1.647557323501241e-14
19.08654327163582 -1.703631376699461e-14
19.09854927463732 -1.761638311336796e-14
19.11055527763882 -1.821645467251971e-14
19.12256128064032 -1.883722550516864e-14
19.13456728364182 -1.947941717210799e-14
19.14657328664332 -2.014377660179198e-14
19.15857928964482 -2.083107698883529e-14
19.17058529264632 -2.154211872453267e-14
19.18259129564782 -2.227773036054646e-14
19.19459729864932 -2.303876960695061e-14
19.20660330165082 -2.382612436586274e-14
19.21860930465233 -2.464071380194024e-14
19.23061530765383 -2.548348945106217e-14
19.24262131065533 -2.635543636856643e-14
19.25462731365683 -2.725757431846119e-14
19.26663331665833 -2.819095900508022e-14
19.27863931965983 -2.915668334870526e-14
19.29064532266133 -3.015587880673313e-14
19.30265132566283 -3.118971674202233e-14
19.31465732866433 -3.225940984011258e-14
19.32666333166583 -3.33662135770722e-14
19.33866933466733 -3.451142773979108e-14
19.35067533766883 -3.569639800060288e-14
19.36268134067033 -3.692251754818797e-14
19.37468734367184 -3.819122877677886e-14
19.38669334667334 -3.9504025035763e-14
19.39869934967484 -4.08624524418535e-14
19.41070535267634 -4.226811175607636e-14
19.42271135567784 -4.372266032790426e-14
19.43471735867934 -4.522781410895089e-14
19.44672336168084 -4.678534973872719e-14
19.45872936468234 -4.839710670505095e-14
19.47073536768384 -5.006498958179488e-14
19.48274137068534 -5.179097034675536e-14
19.49474737368684 -5.357709078252454e-14
19.50675337668834 -5.542546496335258e-14
19.51875937968985 -5.733828183109469e-14
19.53076538269135 -5.931780786344966e-14
19.54277138569284 -6.136638983781247e-14
19.55477738869435 -6.348645769418314e-14
19.56678339169585 -6.568052750069945e-14
19.57878939469735 -6.795120452548927e-14
19.59079539769885 -7.030118641867219e-14
19.60280140070035 -7.273326650847883e-14
19.61480740370185 -7.525033721559943e-14
19.62681340670335 -7.785539359002243e-14
19.63881940970485 -8.055153697477762e-14
19.65082541270635 -8.334197880115842e-14
19.66283141570786 -8.623004452016297e-14
19.67483741870936 -8.921917767506598e-14
19.68684342171085 -9.231294412021058e-14
19.69884942471236 -9.551503639129357e-14
19.71085542771386 -9.882927823260917e-14
19.72286143071536 -1.022596292869132e-13
19.73486743371686 -1.058101899537753e-13
19.74687343671836 -1.094852064225002e-13
19.75887943971986 -1.132890758859166e-13
19.77088544272136 -1.172263519415643e-13
19.78289144572286 -1.213017501870437e-13
19.79489744872436 -1.255201540165378e-13
19.80690345172586 -1.298866206257721e-13
19.81890945472736 -1.344063872329393e-13
19.83091545772886 -1.390848775233904e-13
19.84292146073037 -1.439277083261747e-13
19.85492746373187 -1.489406965308065e-13
19.86693346673336 -1.541298662529376e-13
19.87893946973487 -1.595014562579326e-13
19.89094547273637 -1.650619276516669e-13
19.90295147573787 -1.708179718482086e-13
19.91495747873937 -1.767765188243928e-13
19.92696348174087 -1.829447456716642e-13
19.93896948474237 -1.893300854559357e-13
19.95097548774387 -1.959402363966044e-13
19.96298149074537 -2.027831713762688e-13
19.97498749374687 -2.098671477931118e-13
19.98699349674838 -2.172007177683462e-13
19.99899949974987 -2.247927387215722e-13
20.01100550275137 -2.326523843273601e-13
20.02301150575288 -2.407891558668582e-13
20.03501750875438 -2.492128939887244e-13
20.04702351175588 -2.579337908942012e-13
20.05902951475738 -2.669624029616901e-13
20.07103551775888 -2.763096638267432e-13
20.08304152076038 -2.859868979339644e-13
20.09504752376188 -2.96005834577912e-13
20.10705352676338 -3.063786224507217e-13
20.11905952976488 -3.171178447148029e-13
20.13106553276639 -3.282365346196393e-13
20.14307153576788 -3.397481916824079e-13
20.15507753876938 -3.516667984528532e-13
20.16708354177089 -3.640068378835935e-13
20.17908954477239 -3.767833113278086e-13
20.19109554777389 -3.900117571870529e-13
20.20310155077539 -4.037082702327725e-13
20.21510755377689 -4.178895216259516e-13
20.22711355677839 -4.325727796602158e-13
20.23911955977989 -4.477759312546282e-13
20.25112556278139 -4.635175042233806e-13
20.26313156578289 -4.798166903505624e-13
20.27513756878439 -4.966933692992239e-13
20.28714357178589 -5.14168133385009e-13
20.29914957478739 -5.322623132457357e-13
20.3111555777889 -5.509980044394477e-13
20.3231615807904 -5.703980950046411e-13
20.3351675837919 -5.904862940176018e-13
20.3471735867934 -6.112871611830567e-13
20.3591795897949 -6.328261374956662e-13
20.3711855927964 -6.551295770112479e-13
20.3831915957979 -6.782247797680416e-13
20.3951975987994 -7.021400258997927e-13
20.4072036018009 -7.269046109839529e-13
20.4192096048024 -7.525488826698795e-13
20.4312156078039 -7.791042786335434e-13
20.4432216108054 -8.066033659069589e-13
20.4552276138069 -8.35079881632298e-13
20.4672336168084 -8.645687752924845e-13
20.4792396198099 -8.951062524719381e-13
20.49124562281141 -9.267298202031069e-13
20.50325162581291 -9.594783339564529e-13
20.51525762881441 -9.933920463336549e-13
20.52726363181591 -1.028512657525978e-12
20.53926963481741 -1.064883367602011e-12
20.55127563781891 -1.102548930691337e-12
20.56328164082041 -1.141555711133086e-12
20.57528764382191 -1.181951741660902e-12
20.58729364682341 -1.223786783698389e-12
20.59929964982491 -1.267112389841882e-12
20.61130565282641 -1.311981968610122e-12
20.62331165582791 -1.358450851543382e-12
20.63531765882941 -1.406576362737548e-12
20.64732366183092 -1.45641789090184e-12
20.65932966483242 -1.508036964032024e-12
20.67133566783392 -1.561497326794412e-12
20.68334167083542 -1.616865020719325e-12
20.69534767383692 -1.674208467306384e-12
20.70735367683842 -1.73359855414769e-12
20.71935967983992 -1.79510872417883e-12
20.73136568284142 -1.858815068171674e-12
20.74337168584292 -1.924796420587096e-12
20.75537768884442 -1.993134458910047e-12
20.76738369184592 -2.063913806593904e-12
20.77938969484742 -2.137222139745652e-12
20.79139569784893 -2.213150297688246e-12
20.80340170085043 -2.291792397541529e-12
20.81540770385192 -2.373245952968189e-12
20.82741370685343 -2.457611997236649e-12
20.83941970985493 -2.544995210758302e-12
20.85142571285643 -2.635504053262284e-12
20.86343171585793 -2.729250900776922e-12
20.87543771885943 -2.826352187593193e-12
20.88744372186093 -2.926928553391954e-12
20.89944972486243 -3.031104995723324e-12
20.91145572786393 -3.139011028033515e-12
20.92346173086543 -3.250780843441545e-12
20.93546773386693 -3.366553484475669e-12
20.94747373686843 -3.486473018987048e-12
20.95947973986993 -3.610688722466144e-12
20.97148574287144 -3.739355266995546e-12
20.98349174587294 -3.872632917081544e-12
20.99549774887443 -4.010687732615587e-12
21.00750375187594 -4.15369177922597e-12
21.01950975487744 -4.301823346289642e-12
21.03151575787894 -4.455267172883884e-12
21.04352176088044 -4.614214681967877e-12
21.05552776388194 -4.778864223094771e-12
21.06753376688344 -4.949421323965878e-12
21.07953976988494 -5.126098951150069e-12
21.09154577288644 -5.309117780303229e-12
21.10355177588794 -5.498706476234924e-12
21.11555777888945 -5.695101983182148e-12
21.12756378189095 -5.898549825663193e-12
21.13956978489244 -6.109304420298359e-12
21.15157578789395 -6.327629398998411e-12
21.16358179089545 -6.553797943936318e-12
21.17558779389695 -6.788093134733142e-12
21.18759379689845 -7.030808308304614e-12
21.19959979989995 -7.282247431831417e-12
21.21160580290145 -7.542725489333088e-12
21.22361180590295 -7.812568882343078e-12
21.23561780890445 -8.092115845200735e-12
21.24762381190595 -8.381716875494931e-12
21.25962981490746 -8.681735180213582e-12
21.27163581790895 -8.992547138173706e-12
21.28364182091045 -9.314542779327719e-12
21.29564782391196 -9.648126281563481e-12
21.30765382691346 -9.9937164856383e-12
21.31965982991496 -1.035174742891059e-11
21.33166583291646 -1.072266889855716e-11
21.34367183591796 -1.110694700498946e-11
21.35567783891946 -1.150506477620814e-11
21.36768384192096 -1.19175227738626e-11
21.37968984492246 -1.23448397318101e-11
21.39169584792396 -1.27875532179984e-11
21.40370185092547 -1.324622032052599e-11
21.41570785392696 -1.37214183587653e-11
21.42771385692846 -1.421374562046699e-11
21.43971985992997 -1.47238221257968e-11
21.45172586293147 -1.525229041929169e-11
21.46373186593297 -1.579981639075793e-11
21.47573786893447 -1.636709012617164e-11
21.48774387193597 -1.695482678968109e-11
21.49974987493747 -1.756376753785018e-11
21.51175587793897 -1.819468046732504e-11
21.52376188094047 -1.884836159714826e-11
21.53576788394197 -1.952563588699096e-11
21.54777388694347 -2.022735829261907e-11
21.55977988994497 -2.09544148599589e-11
21.57178589294647 -2.170772385917691e-11
21.58379189594798 -2.248823696024092e-11
21.59579789894947 -2.329694045148354e-11
21.60780390195097 -2.413485650274485e-11
21.61980990495248 -2.500304447472906e-11
21.63181590795398 -2.59026022762699e-11
21.64382191095548 -2.683466777126228e-11
21.65582791395698 -2.78004202370816e-11
21.66783391695848 -2.880108187637964e-11
21.67983991995998 -2.983791938421519e-11
21.69184592296148 -3.091224557254958e-11
21.70385192596298 -3.20254210542118e-11
21.71585792896448 -3.317885598851555e-11
21.72786393196598 -3.437401189079056e-11
21.73986993496748 -3.561240350817377e-11
21.75187593796898 -3.689560076409244e-11
21.76388194097049 -3.82252307739603e-11
21.77588794397199 -3.960297993470095e-11
21.78789394697349 -4.103059609080874e-11
21.79989994997499 -4.250989077975696e-11
21.81190595297649 -4.404274155966672e-11
21.82391195597799 -4.563109442225699e-11
21.83591795897949 -4.727696629420742e-11
21.84792396198099 -4.898244763018062e-11
21.85992996498249 -5.074970510087053e-11
21.87193596798399 -5.258098437956686e-11
21.88394197098549 -5.447861303085425e-11
21.89594797398699 -5.644500350519803e-11
21.90795397698849 -5.848265624330658e-11
21.91995997999 -6.059416289430333e-11
21.9319659829915 -6.278220965188986e-11
21.943971985993 -6.504958071283603e-11
21.9559779889945 -6.739916186229167e-11
21.967983991996 -6.983394419058109e-11
21.9799899949975 -7.235702794631233e-11
21.991995997999 -7.497162653081141e-11
22.0040020010005 -7.76810706390763e-11
22.016008004002 -8.048881255263669e-11
22.0280140070035 -8.339843058990397e-11
22.040020010005 -8.64136337198013e-11
22.0520260130065 -8.953826634467726e-11
22.064032016008 -9.277631325872788e-11
22.07603801900951 -9.61319047883802e-11
22.088044022011 -9.960932212132955e-11
22.10005002501251 -1.032130028311683e-10
22.11205602801401 -1.069475466048001e-10
22.12406203101551 -1.108177211800983e-10
22.13606803401701 -1.148284685015423e-10
22.14807403701851 -1.189849111018506e-10
22.16008004002001 -1.232923587179245e-10
22.17208604302151 -1.277563151497238e-10
22.18409204602301 -1.323824853710124e-10
22.19609804902451 -1.371767829012413e-10
22.20810405202601 -1.421453374481801e-10
22.22011005502752 -1.472945028312591e-10
22.23211605802901 -1.526308651959541e-10
22.24412206103052 -1.581612515299259e-10
22.25612806403202 -1.638927384920214e-10
22.26813406703352 -1.698326615656538e-10
22.28014007003502 -1.759886245485009e-10
22.29214607303652 -1.823685093909062e-10
22.30415207603802 -1.889804863958192e-10
22.31615807903952 -1.958330247935873e-10
22.32816408204102 -2.029349037054022e-10
22.34017008504252 -2.102952235097128e-10
22.35217608804402 -2.179234176264446e-10
22.36418209104552 -2.258292647344135e-10
22.37618809404702 -2.340229014378875e-10
22.38819409704853 -2.425148353988427e-10
22.40020010005003 -2.51315958952065e-10
22.41220610305152 -2.604375632208874e-10
22.42421210605303 -2.698913527520043e-10
22.43621810905453 -2.796894606884879e-10
22.44822411205603 -2.898444645008372e-10
22.46023011505753 -3.003694022966203e-10
22.47223611805903 -3.112777897300322e-10
22.48424212106053 -3.225836375334741e-10
22.49624812406203 -3.343014696940797e-10
22.50825412706353 -3.464463422989581e-10
22.52026013006503 -3.590338630737998e-10
22.53226613306653 -3.720802116404056e-10
22.54427213606803 -3.856021605196377e-10
22.55627813906953 -3.996170969072727e-10
22.56828414207104 -4.141430452512536e-10
22.58029014507254 -4.291986906598832e-10
22.59229614807404 -4.448034031716003e-10
22.60430215107554 -4.609772629181068e-10
22.61630815407704 -4.777410862137871e-10
22.62831415707854 -4.951164526055807e-10
22.64032016008004 -5.131257329187296e-10
22.65232616308154 -5.317921183351268e-10
22.66433216608304 -5.511396505423562e-10
22.67633816908454 -5.711932529929146e-10
22.68834417208604 -5.919787633145694e-10
22.70035017508754 -6.135229669143164e-10
22.71235617808905 -6.358536318199739e-10
22.72436218109054 -6.589995448050715e-10
22.73636818409205 -6.829905488443874e-10
22.74837418709355 -7.078575819492268e-10
22.76038019009505 -7.336327174333592e-10
22.77238619309655 -7.603492056624071e-10
22.78439219609805 -7.880415173414319e-10
22.79639819909955 -8.167453883974889e-10
22.80840420210105 -8.46497866516013e-10
22.82041020510255 -8.773373593920877e-10
22.83241620810405 -9.093036847598914e-10
22.84442221110555 -9.424381222659622e-10
22.85642821410705 -9.76783467254352e-10
22.86843421710855 -1.012384086534249e-09
22.88044022011006 -1.049285976203269e-09
22.89244622311156 -1.087536821602304e-09
22.90445222611306 -1.127186059480652e-09
22.91645822911456 -1.168284942453028e-09
22.92846423211606 -1.210886605833102e-09
22.94047023511756 -1.255046136931328e-09
22.95247623811906 -1.300820646908072e-09
22.96448224112056 -1.348269345276421e-09
22.97648824412206 -1.397453617152539e-09
22.98849424712356 -1.448437103355062e-09
23.00050025012506 -1.501285783458772e-09
23.01250625312656 -1.556068061911685e-09
23.02451225612806 -1.612854857328734e-09
23.03651825912956 -1.671719695079398e-09
23.04852426213106 -1.732738803290994e-09
23.06053026513257 -1.795991212393819e-09
23.07253626813407 -1.861558858339043e-09
23.08454227113557 -1.929526689625042e-09
23.09654827413707 -1.999982778272947e-09
23.10855427713857 -2.073018434897325e-09
23.12056028014007 -2.148728328023374e-09
23.13256628314157 -2.227210607807555e-09
23.14457228614307 -2.308567034324456e-09
23.15657828914457 -2.392903110588644e-09
23.16858429214607 -2.48032822048656e-09
23.18059029514757 -2.570955771799961e-09
23.19259629814907 -2.664903344509147e-09
23.20460230115058 -2.762292844571174e-09
23.21660830415207 -2.863250663375473e-09
23.22861430715358 -2.967907843086818e-09
23.24062031015508 -3.076400248093319e-09
23.25262631315658 -3.1888687427852e-09
23.26463231615808 -3.305459375898492e-09
23.27663831915958 -3.426323571666408e-09
23.28864432216108 -3.551618328030191e-09
23.30065032516258 -3.681506422170522e-09
23.31265632816408 -3.816156623630272e-09
23.32466233116558 -3.955743915309387e-09
23.33666833416708 -4.100449722623105e-09
23.34867433716859 -4.250462151125501e-09
23.36068034017008 -4.405976232911512e-09
23.37268634317159 -4.567194182122243e-09
23.38469234617309 -4.734325659890321e-09
23.39669834917459 -4.907588049074611e-09
23.40870435217609 -5.087206739146485e-09
23.42071035517759 -5.273415421603323e-09
23.43271635817909 -5.466456396298755e-09
23.44472236118059 -5.666580889093684e-09
23.45672836418209 -5.874049381247022e-09
23.46873436718359 -6.089131950980637e-09
23.48074037018509 -6.312108627669097e-09
23.49274637318659 -6.543269759121506e-09
23.50475237618809 -6.782916392440027e-09
23.5167583791896 -7.031360668957651e-09
23.5287643821911 -7.288926233776421e-09
23.5407703851926 -7.555948660446606e-09
23.5527763881941 -7.832775891347369e-09
23.5647823911956 -8.11976869435027e-09
23.5767883941971 -8.41730113636845e-09
23.5887943971986 -8.725761074416723e-09
23.6008004002001 -9.045550664830988e-09
23.6128064032016 -9.377086891319391e-09
23.6248124062031 -9.720802112542599e-09
23.6368184092046 -1.007714462994641e-08
23.6488244122061 -1.044657927659676e-08
23.6608304152076 -1.082958802779493e-08
23.6728364182091 -1.122667063427974e-08
23.6848424212106 -1.163834527885321e-08
23.69684842421211 -1.206514925729744e-08
23.70885442721361 -1.250763968448248e-08
23.72086043021511 -1.296639422659832e-08
23.73286643321661 -1.344201186047885e-08
23.74487243621811 -1.393511366102155e-08
23.75687843921961 -1.44463436177436e-08
23.76888444222111 -1.497636948155421e-08
23.78089044522261 -1.552588364286253e-08
23.79289644822411 -1.609560404218235e-08
23.80490245122561 -1.668627511443777e-08
23.81690845422711 -1.729866876821857e-08
23.82891445722861 -1.793358540128066e-08
23.84092046023012 -1.859185495363463e-08
23.85292646323161 -1.927433799961563e-08
23.86493246623312 -1.998192688037927e-08
23.87693846923462 -2.071554687832192e-08
23.88894447223612 -2.147615743497932e-08
23.90095047523762 -2.226475341401525e-08
23.91295647823912 -2.308236641097166e-08
23.92496248124062 -2.393006611151356e-08
23.93696848424212 -2.480896169996683e-08
23.94897448724362 -2.572020332001304e-08
23.96098049024512 -2.666498358947535e-08
23.97298649324662 -2.764453917120082e-08
23.98499249624813 -2.866015240211909e-08
23.99699849924962 -2.971315298263462e-08
24.00900450225113 -3.080491972858963e-08
24.02101050525263 -3.193688238811811e-08
24.03301650825413 -3.311052352579715e-08
24.04502251125563 -3.432738047659151e-08
24.05702851425713 -3.558904737217962e-08
24.06903451725863 -3.689717724234574e-08
24.08104052026013 -3.825348419422217e-08
24.09304652326163 -3.965974567226928e-08
24.10505252626313 -4.111780480198809e-08
24.11705852926463 -4.262957282047107e-08
24.12906453226613 -4.419703159701286e-08
24.14107053526763 -4.58222362471216e-08
24.15307653826913 -4.750731784339588e-08
24.16508254127064 -4.925448622686091e-08
24.17708854427213 -5.106603292249119e-08
24.18909454727364 -5.294433416278516e-08
24.20110055027514 -5.489185402340089e-08
24.21310655327664 -5.691114767501093e-08
24.22511255627814 -5.900486475568875e-08
24.23711855927964 -6.117575286829946e-08
24.24912456228114 -6.342666120753361e-08
24.26113056528264 -6.576054432139521e-08
24.27313656828414 -6.818046601213384e-08
24.28514257128564 -7.068960338179601e-08
24.29714857428714 -7.329125102776328e-08
24.30915457728864 -7.598882539384433e-08
24.32116058029014 -7.878586928269403e-08
24.33316658329165 -8.168605653554888e-08
24.34517258629315 -8.469319688548832e-08
24.35717858929465 -8.781124099066451e-08
24.36918459229615 -9.104428565418093e-08
24.38119059529765 -9.439657923754898e-08
24.39319659829915 -9.787252727490978e-08
24.40520260130065 -1.014766982954741e-07
24.41720860430215 -1.052138298619118e-07
24.42921460730365 -1.090888348327085e-07
24.44122061030515 -1.131068078568059e-07
24.45322661330665 -1.172730321091505e-07
24.46523261630815 -1.215929862760966e-07
24.47723861930966 -1.260723517999418e-07
24.48924462231115 -1.307170203922183e-07
24.50125062531266 -1.355331018257209e-07
24.51325662831416 -1.405269320156224e-07
24.52526263131566 -1.457050814004154e-07
24.53726863431716 -1.510743636338136e-07
24.54927463731866 -1.566418445991647e-07
24.56128064032016 -1.624148517583523e-07
24.57328664332166 -1.684009838476129e-07
24.58529264632316 -1.746081209331536e-07
24.59729864932466 -1.810444348399358e-07
24.60930465232616 -1.877183999674893e-07
24.62131065532767 -1.946388045071325e-07
24.63331665832916 -2.018147620755132e-07
24.64532266133067 -2.092557237799371e-07
24.65732866433217 -2.169714907315251e-07
24.66933466733367 -2.249722270228404e-07
24.68134067033517 -2.332684731872418e-07
24.69334667333667 -2.418711601578631e-07
24.70535267633817 -2.507916237447852e-07
24.71735867933967 -2.60041619649655e-07
24.72936468234117 -2.696333390377243e-07
24.74137068534267 -2.795794246880235e-07
24.75337668834417 -2.898929877431552e-07
24.76538269134567 -3.00587625080993e-07
24.77738869434717 -3.116774373313982e-07
24.78939469734867 -3.231770475619291e-07
24.80140070035018 -3.351016206574064e-07
24.81340670335167 -3.474668834191274e-07
24.82541270635318 -3.602891454104754e-07
24.83741870935468 -3.735853205766728e-07
24.84942471235618 -3.873729496674527e-07
24.86143071535768 -4.016702234924976e-07
24.87343671835918 -4.164960070406037e-07
24.88544272136068 -4.318698644946803e-07
24.89744872436218 -4.478120851758913e-07
24.90945472736368 -4.643437104514809e-07
24.92146073036518 -4.814865616421146e-07
24.93346673336668 -4.992632689658988e-07
24.94547273636818 -5.176973015576239e-07
24.95747873936968 -5.368129986032133e-07
24.96948474237119 -5.566356016308443e-07
24.98149074537269 -5.771912880017557e-07
24.99349674837419 -5.985072056453522e-07
25.00550275137569 -6.206115090848798e-07
25.01750875437719 -6.435333968016657e-07
25.02951475737869 -6.673031499877092e-07
25.04152076038019 -6.91952172738251e-07
25.05352676338169 -7.175130337378834e-07
25.06553276638319 -7.440195094957498e-07
25.07753876938469 -7.715066291874505e-07
25.08954477238619 -8.000107211634184e-07
25.10155077538769 -8.295694611857525e-07
25.1135567783892 -8.602219224578058e-07
25.12556278139069 -8.920086275132138e-07
25.1375687843922 -9.249716020335374e-07
25.1495747873937 -9.591544306662672e-07
25.1615807903952 -9.946023149176074e-07
25.1735867933967 -1.03136213319723e-06
25.1855927963982 -1.069482503095056e-06
25.1975987993997 -1.109013845973124e-06
25.2096048024012 -1.150008453958658e-06
25.2216108054027 -1.192520559427707e-06
25.2336168084042 -1.236606407072003e-06
25.2456228114057 -1.282324328645177e-06
25.25762881440721 -1.329734820488022e-06
25.2696348174087 -1.378900623936229e-06
25.28164082041021 -1.429886808717855e-06
25.29364682341171 -1.48276085945178e-06
25.30565282641321 -1.537592765362575e-06
25.31765882941471 -1.594455113331457e-06
25.32966483241621 -1.653423184407521e-06
25.34167083541771 -1.714575053908017e-06
25.35367683841921 -1.777991695241254e-06
25.36568284142071 -1.843757087590702e-06
25.37768884442221 -1.911958327604004e-06
25.38969484742371 -1.982685745235967e-06
25.40170085042521 -2.056033023900174e-06
25.41370685342671 -2.132097325089585e-06
25.42571285642821 -2.210979417632501e-06
25.43771885942972 -2.292783811756453e-06
25.44972486243121 -2.377618898138988e-06
25.46173086543272 -2.465597092131033e-06
25.47373686843422 -2.55683498334539e-06
25.48574287143572 -2.651453490810116e-06
25.49774887443722 -2.749578023893988e-06
25.50975487743872 -2.851338649218954e-06
25.52176088044022 -2.956870263782491e-06
25.53376688344172 -3.066312774521095e-06
25.54577288644322 -3.179811284554751e-06
25.55777888944472 -3.297516286361149e-06
25.56978489244622 -3.419583862137705e-06
25.58179089544772 -3.546175891619047e-06
25.59379689844922 -3.67746026762761e-06
25.60580290145073 -3.813611119645322e-06
25.61780890445223 -3.954809045705099e-06
25.62981490745373 -4.101241352912021e-06
25.64182091045523 -4.253102306915553e-06
25.65382691345673 -4.410593390666232e-06
25.66583291645823 -4.573923572802591e-06
25.67783891945973 -4.743309586027038e-06
25.68984492246123 -4.918976215842734e-06
25.70185092546273 -5.101156600037422e-06
25.71385692846423 -5.290092539314506e-06
25.72586293146573 -5.486034819486641e-06
25.73786893446723 -5.689243545662524e-06
25.74987493746874 -5.8999884888737e-06
25.76188094047023 -6.118549445604768e-06
25.77388694347174 -6.345216610707732e-06
25.78589294647324 -6.580290964199108e-06
25.79789894947474 -6.824084672457003e-06
25.80990495247624 -7.076921504354676e-06
25.82191095547774 -7.33913726288706e-06
25.83391695847924 -7.611080232867532e-06
25.84592296148074 -7.893111645293666e-06
25.85792896448224 -8.185606159003097e-06
25.86993496748374 -8.488952360263729e-06
25.88194097048524 -8.803553280966612e-06
25.89394697348675 -9.129826936114606e-06
25.90595297648824 -9.468206881325966e-06
25.91795897948974 -9.819142791098653e-06
25.92996498249125 -1.018310105860906e-05
25.94197098549274 -1.05605654178477e-05
25.95397698849425 -1.095203758892424e-05
25.96598299149575 -1.135803794740548e-05
25.97798899449725 -1.177910621858188e-05
25.98999499749875 -1.221580219759183e-05
26.00200100050025 -1.266870649636731e-05
26.01400700350175 -1.313842131840077e-05
26.02601300650325 -1.362557126237012e-05
26.03801900950475 -1.413080415569748e-05
26.05002501250625 -1.465479191915764e-05
26.06203101550775 -1.51982314636934e-05
26.07403701850926 -1.576184562063853e-05
26.08604302151075 -1.634638410659364e-05
26.09804902451226 -1.695262452424684e-05
26.11005502751376 -1.758137340047903e-05
26.12206103051526 -1.823346726314408e-05
26.13406703351676 -1.890977375796539e-05
26.14607303651826 -1.961119280704481e-05
26.15807903951976 -2.033865781053508e-05
26.17008504252126 -2.109313689308518e-05
26.18209104552276 -2.187563419672801e-05
26.19409704852426 -2.26871912219419e-05
26.20610305152576 -2.352888821868223e-05
26.21810905452726 -2.44018456292464e-05
26.23011505752876 -2.530722558490493e-05
26.24212106053027 -2.624623345830348e-05
26.25412706353177 -2.722011947371559e-05
26.26613306653327 -2.823018037730337e-05
26.27813906953477 -2.927776116962389e-05
26.29014507253627 -3.036425690270254e-05
26.30215107553777 -3.149111454408131e-05
26.31415707853927 -3.265983491033977e-05
26.32616308154077 -3.387197467267949e-05
26.33816908454227 -3.512914843725994e-05
26.35017508754377 -3.64330309030733e-05
26.36218109054527 -3.778535910025071e-05
26.37418709354677 -3.918793471179944e-05
26.38619309654828 -4.064262648188301e-05
26.39819909954977 -4.215137271387244e-05
26.41020510255128 -4.371618386151678e-05
26.42221110555278 -4.533914521670669e-05
26.43421710855428 -4.702241969743398e-05
26.44622311155578 -4.876825073968471e-05
26.45822911455728 -5.057896529714314e-05
26.47023511755878 -5.245697695272803e-05
26.48224112056028 -5.440478914613352e-05
26.49424712356178 -5.642499852170193e-05
26.50625312656328 -5.852029840111796e-05
26.51825912956478 -6.069348238558089e-05
26.53026513256628 -6.294744809228548e-05
26.54227113556778 -6.528520103022236e-05
26.55427713856928 -6.770985862049606e-05
26.56628314157079 -7.022465436655263e-05
26.57828914457228 -7.283294217991015e-05
26.59029514757379 -7.553820086719444e-05
26.60230115057529 -7.834403878449852e-05
26.61430715357679 -8.125419866530941e-05
26.62631315657829 -8.427256262847903e-05
26.63831915957979 -8.740315737295705e-05
26.65032516258129 -9.065015956625555e-05
26.66233116558279 -9.401790143387444e-05
26.67433716858429 -9.751087655718719e-05
26.68634317158579 -0.0001011337458875664
26.69834917458729 -0.0001048913439848185
26.7103551775888 -0.0001087886854882999
26.72236118059029 -0.0001128309718293966
26.7343671835918 -0.000117023598194377
26.7463731865933 -0.0001213721607469618
26.7583791895948 -0.0001258824641203034
26.7703851925963 -0.0001305605291884312
26.7823911955978 -0.000135412601127594
26.7943971985993 -0.0001404451577783182
26.8064032016008 -0.0001456649183194075
26.8184092046023 -0.0001510788522655283
26.8304152076038 -0.0001566941888004576
26.8424212106053 -0.0001625184264585242
26.8544272136068 -0.0001685593431672409
26.8664332166083 -0.0001748250066646098
26.87843921960981 -0.0001813237853050885
26.89044522261131 -0.0001880643592687241
26.90245122561281 -0.0001950557321885097
26.91445722861431 -0.0002023072432115713
26.92646323161581 -0.0002098285795103863
26.93846923461731 -0.0002176297892608323
26.95047523761881 -0.0002257212951044941
26.96248124062031 -0.000234113908113312
26.97448724362181 -0.0002428188422753239
26.98649324662331 -0.0002518477295209572
26.99849924962481 -0.0002612126353100554
27.01050525262631 -0.0002709260748005723
27.02251125562782 -0.0002810010296206572
27.03451725862931 -0.0002914509652666558
27.04652326163082 -0.0003022898491504038
27.05852926463232 -0.0003135321693200542
27.07053526763382 -0.0003251929538795912
27.08254127063532 -0.0003372877911331198
27.09454727363682 -0.0003498328504809977
27.10655327663832 -0.0003628449040958844
27.11855927963982 -0.0003763413494078327
27.13056528264132 -0.0003903402324286382
27.14257128564282 -0.0004048602719467865
27.15457728864432 -0.0004199208846255142
27.16658329164582 -0.0004355422110377088
27.17858929464732 -0.0004517451426726404
27.19059529764882 -0.0004685513499508177
27.20260130065033 -0.0004859833112846218
27.21460730365182 -0.0005040643432237771
27.22661330665333 -0.0005228186317261796
27.23861930965483 -0.0005422712645961113
27.25062531265633 -0.0005624482651334504
27.26263131565783 -0.0005833766270391043
27.27463731865933 -0.0006050843506235949
27.28664332166083 -0.000627600480367468
27.29864932466233 -0.0006509551438840262
27.31065532766383 -0.0006751795923367691
27.32266133066533 -0.0007003062423658788
27.33466733366683 -0.0007263687195801263
27.34667333666833 -0.0007534019036726763
27.35867933966983 -0.0007814419752214529
27.37068534267134 -0.000810526464237004
27.38269134567284 -0.0008406943005231392
27.39469734867434 -0.000871985865918076
27.40670335167584 -0.0009044430484863402
27.41870935467734 -0.0009381092987343089
27.43071535767884 -0.0009730296879249978
27.44272136068034 -0.001009250968570525
27.45472736368184 -0.001046821637183615
27.46673336668334 -0.001085791999372551
27.47873936968484 -0.001126214237367129
27.49074537268634 -0.001168142480066447
27.50275137568784 -0.001211632875702771
27.51475737868935 -0.001256743667219205
27.52676338169085 -0.001303535270462593
27.53876938469235 -0.001352070355296834
27.55077538769385 -0.001402413929745745
27.56278139069535 -0.001454633427278683
27.57478739369685 -0.001508798797356352
27.58679339669835 -0.001564982599358651
27.59879939969985 -0.001623260100020924
27.61080540270135 -0.001683709374509737
27.62281140570285 -0.001746411411274198
27.63481740870435 -0.0018114502208139
27.64682341170585 -0.001878912948509888
27.65882941470736 -0.001948889991670468
27.67083541770885 -0.002021475120949408
27.68284142071035 -0.002096765606299925
27.69484742371186 -0.002174862347633992
27.70685342671336 -0.002255870010362829
27.71885942971486 -0.002339897166001006
27.73086543271636 -0.002427056438023436
27.74287143571786 -0.002517464653171577
27.75487743871936 -0.002611242998412529
27.76688344172086 -0.002708517183762338
27.77888944472236 -0.002809417611192667
27.79089544772386 -0.00291407954984827
27.80290145072536 -0.003022643317811132
27.81490745372686 -0.003135254470656018
27.82691345672836 -0.003252063997051279
27.83891945972987 -0.003373228521668311
27.85092546273136 -0.003498910515672843
27.86293146573287 -0.003629278515081519
27.87493746873437 -0.003764507347277783
27.88694347173587 -0.003904778365992112
27.89894947473737 -0.004050279695063021
27.91095547773887 -0.004201206481307112
27.92296148074037 -0.004357761156838731
27.93496748374187 -0.004520153711192496
27.94697348674337 -0.004688601973615213
27.95897948974487 -0.004863331905907384
27.97098549274637 -0.005044577906208723
27.98299149574787 -0.005232583124136888
27.99499749874937 -0.005427599787703885
28.00700350175088 -0.005629889542450526
28.01900950475238 -0.005839723803255786
28.03101550775388 -0.006057384119294951
28.04302151075538 -0.006283162552638247
28.05502751375688 -0.006517362070999964
28.06703351675838 -0.00676029695516721
28.07903951975988 -0.007012293221657231
28.09104552276138 -0.007273689061172688
28.10305152576288 -0.007544835293445718
28.11505752876438 -0.007826095839083565
28.12706353176588 -0.008117848209051598
28.13906953476738 -0.008420484012453284
28.15107553776889 -0.008734409483291308
28.16308154077038 -0.009060046026919727
28.17508754377189 -0.009397830786923515
28.18709354677339 -0.009748217233189468
28.19909954977489 -0.01011167577196096
28.21110555277639 -0.01048869437869877
28.22311155577789 -0.01087977925460083
28.23511755877939 -0.01128545550766587
28.24712356178089 -0.01170626785921879
28.25912956478239 -0.01214278137685008
28.27113556778389 -0.01259558223475733
28.28314157078539 -0.01306527850251354
28.29514757378689 -0.0135525009633256
28.30715357678839 -0.01405790396288594
28.31915957978989 -0.01458216628996164
28.3311655827914 -0.01512599208990805
28.34317158579289 -0.01569011181233862
28.3551775887944 -0.0162752831942283
28.3671835917959 -0.01688229227977623
28.3791895947974 -0.01751195447840251
28.3911955977989 -0.01816511566230565
28.4032016008004 -0.01884265330506049
28.4152076038019 -0.01954547766279182
28.4272136068034 -0.02027453299951652
28.4392196098049 -0.02103079885830628
28.4512256128064 -0.02181529137998523
28.4632316158079 -0.02262906467114062
28.47523761880941 -0.02347321222329138
28.4872436218109 -0.02434886838512854
28.49924962481241 -0.02525720988981279
28.51125562781391 -0.02619945743938913
28.52326163081541 -0.02717687734845542
28.53526763381691 -0.02819078324930178
28.54727363681841 -0.02924253786082046
28.55927963981991 -0.03033355482357225
28.57128564282141 -0.03146530060348466
28.58329164582291 -0.03263929646674948
28.59529764882441 -0.03385712052858397
28.60730365182591 -0.03512040987861903
28.61930965482741 -0.0364308627857817
28.63131565782891 -0.03779024098564626
28.64332166083042 -0.0392003720533397
28.65532766383192 -0.04066315186520283
28.66733366683342 -0.04218054715252808
28.67933966983492 -0.04375459815081936
28.69134567283642 -0.0453874213481484
28.70335167583792 -0.04708121233631557
28.71535767883942 -0.04883824876866229
28.72736368184092 -0.05066089342852595
28.73936968484242 -0.0525515974124775
28.75137568784392 -0.05451290343263743
28.76338169084542 -0.05654744924252592
28.77538769384692 -0.05865797119107022
28.78739369684843 -0.06084730790956545
28.79939969984992 -0.06311840413656404
28.81140570285143 -0.06547431468585591
28.82341170585293 -0.06791820856289434
28.83541770885443 -0.07045337323522316
28.84742371185593 -0.07308321906266861
28.85942971485743 -0.07581128389327529
28.87143571785893 -0.07864123783118934
28.88344172086043 -0.08157688818292422
28.89544772386193 -0.08462218458868566
28.90745372686343 -0.08778122434568142
28.91945972986493 -0.09105825793060235
28.93146573286643 -0.0944576947287287
28.94347173586793 -0.09798410897739565
28.95547773886943 -0.1016422459318416
28.96748374187094 -0.1054370282617625
28.97948974487243 -0.1093735626872082
28.99149574787394 -0.1134571468627786
29.00350175087544 -0.117693276519415
29.01550775387694 -0.1220876528734276
29.02751375687844 -0.1266461903127631
29.03951975987994 -0.1313750243708899
29.05152576288144 -0.1362805199990674
29.06353176588294 -0.1413692801481685
29.07553776888444 -0.1466481546716435
29.08754377188594 -0.1521242495616469
29.09954977488744 -0.1578049365307986
29.11155577788895 -0.1636978629525193
29.12356178089044 -0.1698109621733619
29.13556778389195 -0.1761524642112666
29.14757378689345 -0.1827309068541859
29.15957978989495 -0.1895551471740695
29.17158579289645 -0.196634373471757
29.18359179589795 -0.2039781176689127
29.19559779889945 -0.2115962681637377
29.20760380190095 -0.2194990831678222
29.21960980490245 -0.2276972045421525
29.23161580790395 -0.2362016721509591
29.24362181090545 -0.2450239387527959
29.25562781390695 -0.2541758854489619
29.26763381690845 -0.2636698377101359
29.27963981990996 -0.2735185820028685
29.29164582291146 -0.2837353830383966
29.30365182591296 -0.2943340016670761
29.31565782891446 -0.3053287134426095
29.32766383191596 -0.3167343278811463
29.33966983491746 -0.3285662084412739
29.35167583791896 -0.3408402932518924
29.36368184092046 -0.3535731166159768
29.37568784392196 -0.3667818313192794
29.38769384692346 -0.3804842317741119
29.39969984992496 -0.3946987780294792
29.41170585292646 -0.4094446206800035
29.42371185592796 -0.4247416267072973
29.43571785892946 -0.440610406288699
29.44772386193096 -0.4570723406095993
29.45972986493247 -0.4741496107169366
29.47173586793397 -0.491865227452853
29.48374187093547 -0.510243062508961
29.49574787393697 -0.5293078806431825
29.50775387693847 -0.5490853731027024
29.51975987993997 -0.5696021922981999
29.53176588294147 -0.5908859877762197
29.54377188594297 -0.6129654435382998
29.55577788894447 -0.635870316757288
29.56778389194597 -0.6596314779431774
29.57978989494747 -0.6842809526127454
29.59179589794897 -0.7098519645193145
29.60380190095048 -0.7363789805010678
29.61580790395197 -0.7638977570085336
29.62781390695348 -0.7924453883741337
29.63981990995498 -0.8220603568890359
29.65182591295648 -0.852782584755004
29.66383191595798 -0.8846534879814708
29.67583791895948 -0.9177160323006893
29.68784392196098 -0.9520147911765502
29.69984992496248 -0.987596005985485
29.71185592796398 -1.024507648450806
29.72386193096548 -1.062799485414897
29.73586793396698 -1.102523146036807
29.74787393696849 -1.143732191506114
29.75987993996998 -1.186482187367293
29.77188594297149 -1.230830778552373
29.78389194597299 -1.276837767223348
29.79589794897449 -1.324565193529559
29.80790395197599 -1.374077419389266
29.81990995497749 -1.425441215408675
29.83191595797899 -1.478725851055955
29.84392196098049 -1.534003188212167
29.85592796398199 -1.591347778225619
29.86793396698349 -1.650836962600869
29.87993996998499 -1.712550977458539
29.89194597298649 -1.776573061907212
29.90395197598799 -1.842989570473936
29.9159579789895 -1.911890089745407
29.927963981991 -1.983367559377545
29.9399699849925 -2.057518397637148
29.951975987994 -2.134442631645363
29.9639819909955 -2.214244032499165
29.975987993997 -2.297030255453564
29.9879939969985 -2.382912985354134
30 -2.472008087516594
