6 0
6.012006003001501 7.533509519444034e-125
6.024012006003002 2.033051932970439e-124
6.036018009004502 4.702022186367489e-124
6.048024012006003 1.050980613618617e-123
6.060030015007504 2.316968783957896e-123
6.072036018009005 5.058199506438796e-123
6.084042021010506 1.094450762712769e-122
6.096048024012006 2.34759470709019e-122
6.108054027013507 4.992556796877754e-122
6.120060030015008 1.052762875607094e-121
6.132066033016509 2.201292797971469e-121
6.144072036018009 4.564530613493256e-121
6.156078039019509 9.386778389280304e-121
6.16808404202101 1.914564477477324e-120
6.180090045022511 3.873353085018098e-120
6.192096048024012 7.773172561792182e-120
6.204102051025512 1.547511653801632e-119
6.216108054027013 3.056497226034339e-119
6.228114057028514 5.989607851245108e-119
6.240120060030015 1.164626607329025e-118
6.252126063031516 2.247079143992061e-118
6.264132066033016 4.302516598332627e-118
6.276138069034517 8.175761572278796e-118
6.288144072036018 1.541927949652088e-117
6.300150075037519 2.886414060527966e-117
6.31215607803902 5.363399192759583e-117
6.32416208104052 9.893194977669178e-117
6.336168084042021 1.811656039079417e-116
6.348174087043522 3.293708739713981e-116
6.360180090045023 5.945552293652982e-116
6.372186093046524 1.065672686872463e-115
6.384192096048024 1.896736064626406e-115
6.396198099049525 3.352493757721434e-115
6.408204102051026 5.884822871450997e-115
6.420210105052527 1.025957207937316e-114
6.432216108054027 1.776566157544922e-114
6.444222111055527 3.055733124370669e-114
6.456228114057028 5.221036545617113e-114
6.468234117058529 8.861973670164904e-114
6.48024012006003 1.494381523488194e-113
6.49224612306153 2.503655096938223e-113
6.504252126063031 4.167675718689677e-113
6.516258129064532 6.893566128712861e-113
6.528264132066033 1.133048620827068e-112
6.540270135067534 1.850680539912759e-112
6.552276138069034 3.004112486601668e-112
6.564282141070535 4.846475535463084e-112
6.576288144072036 7.771127207068635e-112
6.588294147073537 1.238548458677757e-111
6.600300150075038 1.962165299429819e-111
6.612306153076538 3.090111653997117e-111
6.624312156078039 4.837833499607344e-111
6.63631815907954 7.529875264530385e-111
6.648324162081041 1.165216174048073e-110
6.660330165082541 1.792786649112788e-110
6.672336168084042 2.742681705602914e-110
6.684342171085543 4.172227749243793e-110
6.696348174087044 6.31142309658378e-110
6.708354177088545 9.494540637877853e-110
6.720360180090045 1.420458255308883e-109
6.732366183091546 2.113543165133264e-109
6.744372186093047 3.127821566110186e-109
6.756378189094547 4.604059089308521e-109
6.768384192096048 6.741050008974757e-109
6.780390195097548 9.817963685433272e-109
6.792396198099049 1.422465623150476e-108
6.80440220110055 2.050254155083648e-108
6.816408204102051 2.939937291394032e-108
6.828414207103552 4.19422347639273e-108
6.840420210105052 5.953422375795618e-108
6.852426213106553 8.408175279349139e-108
6.864432216108054 1.181611918981822e-107
6.876438219109555 1.652357203148779e-107
6.888444222111056 2.29935864101567e-107
6.900450225112556 3.184202954047412e-107
6.912456228114057 4.388371369560662e-107
6.924462231115558 6.019103109944509e-107
6.936468234117059 8.216804542701137e-107
6.948474237118559 1.116435640551573e-106
6.96048024012006 1.509873646542433e-106
6.972486243121561 2.032544785154387e-106
6.984492246123062 2.723632404772402e-106
6.996498249124563 3.63313697483414e-106
7.008504252126063 4.824539165259047e-106
7.020510255127563 6.378027348751771e-106
7.032516258129064 8.39438531966212e-106
7.044522261130565 1.099964647152155e-105
7.056528264132066 1.435063087159247e-105
7.068534267133566 1.864149119380223e-105
7.080540270135067 2.411140181131017e-105
7.092546273136568 3.105353190275528e-105
7.104552276138069 3.982544749723554e-105
7.11655827913957 5.086108818592274e-105
7.12856428214107 6.468446090035893e-105
7.140570285142571 8.192518476895967e-105
7.152576288144072 1.03336006642889e-104
7.164582291145573 1.298123854362574e-104
7.176588294147074 1.624142139885152e-104
7.188594297148574 2.023897088054808e-104
7.200600300150075 2.512014499724788e-104
7.212606303151576 3.105544951002012e-104
7.224612306153077 3.824264219344529e-104
7.236618309154577 4.690990740830341e-104
7.248624312156078 5.731916933552913e-104
7.260630315157579 6.976950210847704e-104
7.27263631815908 8.46005840500079e-104
7.284642321160581 1.021961314322372e-103
7.296648324162081 1.229872348313799e-103
7.308654327163582 1.474555085152733e-103
7.320660330165083 1.76135950696808e-103
7.332666333166584 2.096194002857585e-103
7.344672336168085 2.485544644026366e-103
7.356678339169584 2.936487808481341e-103
7.368684342171085 3.456694714680602e-103
7.380690345172586 4.054426364252033e-103
7.392696348174087 4.738517363539644e-103
7.404702351175588 5.518347097384746e-103
7.416708354177088 6.40379677136501e-103
7.428714357178589 7.405190925371486e-103
7.44072036018009 8.533222155644771e-103
7.452726363181591 9.798857967366442e-103
7.464732366183092 1.121322891744754e-102
7.476738369184592 1.278749749782834e-102
7.488744372186093 1.453270755265058e-102
7.500750375187594 1.645961441531354e-102
7.512756378189095 1.857849638941598e-102
7.524762381190595 2.089894867518125e-102
7.536768384192096 2.34296613514535e-102
7.548774387193597 2.61781835539603e-102
7.560780390195098 2.915067653135038e-102
7.572786393196599 3.235165879876016e-102
7.584792396198099 3.57837471308181e-102
7.596798399199599 3.944739762662883e-102
7.6088044022011 4.334065152349249e-102
7.620810405202601 4.745889081775444e-102
7.632816408204102 5.179460905617702e-102
7.644822411205602 5.633720287365234e-102
7.656828414207103 6.107278996153057e-102
7.668834417208604 6.598405914291787e-102
7.680840420210105 7.105015809814342e-102
7.692846423211606 7.624662401943461e-102
7.704852426213106 8.154536207424807e-102
7.716858429214607 8.691467602198785e-102
7.728864432216108 9.231935466332998e-102
7.740870435217609 9.772081700982977e-102
7.75287643821911 1.030773181564641e-101
7.76488244122061 1.08344216834315e-101
7.776888444222111 1.134743045323193e-101
7.788894447223612 1.184181949262912e-101
7.800900450225113 1.231247711621419e-101
7.812906453226613 1.275416873349709e-101
7.824912456228114 1.316159193118874e-101
7.836918459229615 1.352943588902411e-101
7.848924462231116 1.385244441938049e-101
7.860930465232617 1.412548182124066e-101
7.872936468234117 1.434360065110081e-101
7.884942471235618 1.450211043973614e-101
7.896948474237119 1.45966463261886e-101
7.90895447723862 1.462323654069334e-101
7.920960480240121 1.457836764811045e-101
7.932966483241621 1.445904646347905e-101
7.944972486243121 1.426285757217952e-101
7.956978489244622 1.398801542890695e-101
7.968984492246123 1.363341007187171e-101
7.980990495247624 1.319864557017314e-101
7.992996498249124 1.26840704222202e-101
8.005002501250626 1.209079923916059e-101
8.017008504252125 1.142072517773336e-101
8.029014507253628 1.06765227290368e-101
8.041020510255127 9.861640620870766e-102
8.053026513256629 8.980284748379447e-102
8.065032516258128 8.037391207802359e-102
8.077038519259631 7.038589667954926e-102
8.08904452226113 5.990157470542259e-102
8.101050525262632 4.898965000445606e-102
8.113056528264131 3.772413007917808e-102
8.125062531265632 2.618362693365625e-102
8.137068534267133 1.445059479875779e-102
8.149074537268634 2.610514966218092e-103
8.161080540270135 -9.248961238121974e-103
8.173086543271635 -2.103889970666518e-102
8.185092546273136 -3.266998899077619e-102
8.197098549274637 -4.405345169787836e-102
8.209104552276138 -5.510194962551072e-102
8.221110555277638 -6.57304706289828e-102
8.233116558279139 -7.585718563057137e-102
8.24512256128064 -8.540426477324504e-102
8.257128564282141 -9.429864248554935e-102
8.269134567283642 -1.024727221389072e-101
8.281140570285142 -1.098650120234701e-101
8.293146573286643 -1.164206855220399e-101
8.305152576288144 -1.220920595998092e-101
8.317158579289645 -1.268389870262599e-101
8.329164582291146 -1.306291590800485e-101
8.341170585292646 -1.334383168337336e-101
8.353176588294147 -1.352503704494206e-101
8.365182591295648 -1.360574272154879e-101
8.377188594297149 -1.358597302989187e-101
8.389194597298649 -1.346655113576967e-101
8.40120060030015 -1.324907612365296e-101
8.413206603301651 -1.293589239431605e-101
8.425212606303152 -1.253005199594818e-101
8.437218609304653 -1.203527056730658e-101
8.449224612306153 -1.145587763137611e-101
8.461230615307654 -1.079676202442037e-101
8.473236618309155 -1.006331327800952e-101
8.485242621310656 -9.26135979084938e-102
8.497248624312157 -8.397104633383222e-102
8.509254627313657 -7.477059821699926e-102
8.521260630315158 -6.50797987919173e-102
8.533266633316659 -5.496795475399637e-102
8.54527263631816 -4.450547892803685e-102
8.55727863931966 -3.37632502501849e-102
8.569284642321161 -2.281199555202605e-102
8.58129064532266 -1.172169902797701e-102
8.593296648324163 -5.610446124057909e-104
8.605302651325662 1.060310419633695e-102
8.617308654327164 2.170618323904209e-102
8.629314657328663 3.268636222102493e-102
8.641320660330166 4.348493247417161e-102
8.653326663331665 5.40466462770318e-102
8.665332666333168 6.432000673921479e-102
8.677338669334667 7.425750791049152e-102
8.689344672336169 8.381582539110814e-102
8.701350675337668 9.295595829123221e-102
8.713356678339169 1.016433239091991e-101
8.72536268134067 1.09847806966532e-101
8.737368684342171 1.175437656493427e-101
8.749374687343671 1.247099970592892e-101
8.761380690345172 1.313296649722637e-101
8.773386693346673 1.373901930391142e-101
8.785392696348174 1.428831267418713e-101
8.797398699349674 1.47803967542593e-101
8.809404702351175 1.521519827330836e-101
8.821410705352676 1.559299945152849e-101
8.833416708354177 1.591441518180984e-101
8.845422711355678 1.618036882905904e-101
8.857428714357178 1.639206698084728e-101
8.869434717358679 1.655097346948932e-101
8.88144072036018 1.665878296924691e-101
8.893446723361681 1.671739445359901e-101
8.905452726363182 1.672888477683059e-101
8.917458729364682 1.669548262209617e-101
8.929464732366183 1.66195430349028e-101
8.941470735367684 1.650352273716904e-101
8.953476738369185 1.634995639289561e-101
8.965482741370685 1.616143397248186e-101
8.977488744372186 1.594057933902232e-101
8.989494747373687 1.569003015692573e-101
9.001500750375188 1.541241920101819e-101
9.013506753376689 1.511035712324124e-101
9.025512756378189 1.478641671420734e-101
9.03751875937969 1.444311867841639e-101
9.049524762381191 1.408291892495845e-101
9.061530765382692 1.370819736007713e-101
9.073536768384193 1.332124815412986e-101
9.085542771385693 1.292427144320496e-101
9.097548774387194 1.251936641502069e-101
9.109554777388695 1.21085257196383e-101
9.121560780390196 1.169363113795392e-101
9.133566783391696 1.127645043482459e-101
9.145572786393197 1.085863531898176e-101
9.157578789394698 1.044172042845464e-101
9.169584792396197 1.002712325803519e-101
9.1815907953977 9.616144944210732e-102
9.193596798399199 9.209971822916267e-102
9.205602801400701 8.809677676277776e-102
9.2176088044022 8.416226586134663e-102
9.229614807403703 8.030476314457839e-102
9.241620810405202 7.65318213368404e-102
9.253626813406704 7.285001033416702e-102
9.265632816408203 6.9264962337551e-102
9.277638819409706 6.57814193965889e-102
9.289644822411205 6.240328275137233e-102
9.301650825412706 5.913366340591684e-102
9.313656828414207 5.597493341276908e-102
9.325662831415707 5.292877739517015e-102
9.337668834417208 4.99962438795347e-102
9.349674837418709 4.717779605679405e-102
9.36168084042021 4.447336163565434e-102
9.37368684342171 4.188238149399286e-102
9.385692846423211 3.940385687580241e-102
9.397698849424712 3.70363949203782e-102
9.409704852426213 3.477825234741003e-102
9.421710855427714 3.262737715627013e-102
9.433716858429214 3.05814482299116e-102
9.445722861430715 2.863791276342685e-102
9.457728864432216 2.679402146436109e-102
9.469734867433717 2.504686149640682e-102
9.481740870435218 2.339338716012811e-102
9.493746873436718 2.18304483239529e-102
9.505752876438219 2.035481663591092e-102
9.51775887943972 1.896320956157992e-102
9.529764882441221 1.765231230655061e-102
9.541770885442721 1.641879769255267e-102
9.553776888444222 1.525934406533199e-102
9.565782891445723 1.417065131956584e-102
9.577788894447224 1.314945513169159e-102
9.589794897448725 1.219253949563369e-102
9.601800900450225 1.129674765919671e-102
9.613806903451726 1.045899156047187e-102
9.625812906453227 9.676259864104003e-103
9.637818909454728 8.945624696840792e-103
9.649824912456229 8.264247180520559e-103
9.661830915457729 7.629381858690737e-103
9.67383691845923 7.038380110474308e-103
9.685842921460731 6.488692642228469e-103
9.697848924462232 5.977871144053129e-103
9.709854927463732 5.503569194395723e-103
9.721860930465233 5.063542491934287e-103
9.733866933466732 4.655648489681354e-103
9.745872936468235 4.277845501891875e-103
9.757878939469734 3.928191349937549e-103
9.769884942471236 3.604841608878492e-103
9.781890945472735 3.306047512061698e-103
9.793896948474238 3.030153566740113e-103
9.805902951475737 2.775594929471048e-103
9.81790895447724 2.540894585941946e-103
9.829914957478739 2.32466037590598e-103
9.841920960480241 2.125581900110304e-103
9.85392696348174 1.942427342475212e-103
9.865932966483243 1.774040237345083e-103
9.877938969484742 1.619336208388367e-103
9.889944972486242 1.477299702676653e-103
9.901950975487743 1.346980740625376e-103
9.913956978489244 1.227491699827885e-103
9.925962981490745 1.118004148360004e-103
9.937968984492246 1.017745740868895e-103
9.949974987493746 9.259971886823596e-104
9.961980990495247 8.42089313277167e-104
9.973986993496748 7.654001907195625e-104
9.985992996498249 6.953523931305229e-104
9.99799899949975 6.314103318240194e-104
10.01000500250125 5.730777055098777e-104
10.02201100550275 5.198950558351274e-104
10.03401700850425 4.714374315501008e-104
10.04602301150575 4.273121617192171e-104
10.05802901450725 3.871567376424561e-104
10.07003501750875 3.506368025039861e-104
10.08204102051026 3.174442472105418e-104
10.09404702351176 2.872954104163697e-104
10.10605302651326 2.59929380346208e-104
10.11805902951476 2.351063957159624e-104
10.13006503251626 2.126063428051552e-104
10.14207103551776 1.922273455503327e-104
10.15407703851926 1.737844453979465e-104
10.16608304152076 1.571083675737011e-104
10.17808904452226 1.420443703879293e-104
10.19009504752376 1.284511741987407e-104
10.20210105052526 1.161999666924632e-104
10.21410705352676 1.051734812106662e-104
10.22611305652826 9.526514495168214e-105
10.23811905952977 8.637829399930847e-105
10.25012506253126 7.842545228006379e-105
10.26213106553277 7.132767172111281e-105
10.27413706853427 6.501393107239266e-105
10.28614307153577 5.942059106760776e-105
10.29814907453727 5.449090382907874e-105
10.31015507753877 5.01745746708695e-105
10.32216108054027 4.642737472352585e-105
10.33416708354177 4.321080309298343e-105
10.34617308654327 4.049179757709247e-105
10.35817908954477 3.824249329757252e-105
10.37018509254627 3.644002896545042e-105
10.38219109554777 3.506640088713427e-105
10.39419709854927 3.41083652398166e-105
10.40620310155078 3.35573896031983e-105
10.41820910455228 3.340965523462239e-105
10.43021510755378 3.366611212250953e-105
10.44222111055528 3.433258945531931e-105
10.45422711355678 3.541996480799909e-105
10.46623311655828 3.694439608406314e-105
10.47823911955978 3.892762106944942e-105
10.49024512256128 4.139733036596107e-105
10.50225112556278 4.438762049095997e-105
10.51425712856428 4.79395350714854e-105
10.52626313156578 5.210170334272999e-105
10.53826913456728 5.693108660288782e-105
10.55027513756878 6.249384490166998e-105
10.56228114057028 6.886633807433236e-105
10.57428714357179 7.613627730656456e-105
10.58629314657329 8.440404576190009e-105
10.59829914957479 9.378420946097407e-105
10.61030515257629 1.044072426149574e-104
10.62231115557779 1.164214950339041e-104
10.63431715857929 1.299954331117199e-104
10.64632316158079 1.453201902981221e-104
10.65832916458229 1.626124679786097e-104
10.67033516758379 1.821178333808566e-104
10.68234117058529 2.041144676067675e-104
10.69434717358679 2.289174242640582e-104
10.70635317658829 2.56883467565573e-104
10.7183591795898 2.884165683223556e-104
10.7303651825913 3.239741471419738e-104
10.7423711855928 3.640741665440781e-104
10.7543771885943 4.093031878347717e-104
10.7663831915958 4.603255246845844e-104
10.7783891945973 5.178936437109154e-104
10.7903951975988 5.828599832940008e-104
10.8024012006003 6.561903857203001e-104
10.8144072036018 7.389793649656929e-104
10.8264132066033 8.32467463479231e-104
10.8384192096048 9.380609867512256e-104
10.8504252126063 1.057354444869852e-103
10.8624312156078 1.192156076400231e-103
10.87443721860931 1.344516882573705e-103
10.8864432216108 1.516763659883948e-103
10.89844922461231 1.711536587816644e-103
10.91045522761381 1.931832006809389e-103
10.92246123061531 2.181051111043556e-103
10.93446723361681 2.463055382906274e-103
10.94647323661831 2.782229712755461e-103
10.95847923961981 3.143554281065186e-103
10.97048524262131 3.552686432516982e-103
10.98249124562281 4.016053945875371e-103
10.99449724862431 4.540961302682094e-103
11.00650325162581 5.135710785517301e-103
11.01850925462731 5.809740496923251e-103
11.03051525762881 6.573781687783295e-103
11.04252126063032 7.440038124396396e-103
11.05452726363182 8.422390612874574e-103
11.06653326663332 9.536630244908881e-103
11.07853926963482 1.080072443852348e-102
11.09054527263632 1.223512043048282e-102
11.10255127563782 1.38630915442061e-102
11.11455727863932 1.571113232061386e-102
11.12656328164082 1.780940947331458e-102
11.13856928464232 2.019227663001743e-102
11.15057528764382 2.289886196747672e-102
11.16258129064532 2.59737391587886e-102
11.17458729364682 2.946769355373073e-102
11.18659329664832 3.343859723289132e-102
11.19859929964982 3.795240854650006e-102
11.21060530265133 4.308431400577658e-102
11.22261130565283 4.892003298027876e-102
11.23461730865433 5.555730861739063e-102
11.24662331165583 6.310761179508394e-102
11.25862931465733 7.169808880994035e-102
11.27063531765883 8.147378796205228e-102
11.28264132066033 9.260020531053424e-102
11.29464732366183 1.052661957340815e-101
11.30665332666333 1.1968730215064e-101
11.31865932966483 1.361095634555319e-101
11.33066533266633 1.548138705738122e-101
11.34267133566783 1.761209501573487e-101
11.35467733866933 2.003970670821041e-101
11.36668334167084 2.280605502368491e-101
11.37868934467234 2.595892613944268e-101
11.39069534767384 2.955291445117878e-101
11.40270135067534 3.365040129497996e-101
11.41470735367684 3.832267552226623e-101
11.42671335667834 4.365121664213624e-101
11.43871935967984 4.972916429136929e-101
11.45072536268134 5.666300128885261e-101
11.46273136568284 6.457448154551515e-101
11.47473736868434 7.360283871008722e-101
11.48674337168584 8.390731672384555e-101
11.49874937468734 9.567006953592014e-101
11.51075537768885 1.09099484211989e-100
11.52276138069034 1.244339896881331e-100
11.53476738369185 1.419464226333617e-100
11.54677338669335 1.619490324672797e-100
11.55877938969485 1.847992197387574e-100
11.57078539269635 2.109061160434253e-100
11.58279139569785 2.407381297139747e-100
11.59479739869935 2.748315999701829e-100
11.60680340170085 3.138007234249875e-100
11.61880940470235 3.583489412227064e-100
11.63081540770385 4.092820031120604e-100
11.64282141070535 4.675229569782812e-100
11.65482741370685 5.341293494064665e-100
11.66683341670835 6.103129654490292e-100
11.67883941970986 6.974624847600394e-100
11.69084542271136 7.971694876015588e-100
11.70285142571286 9.112583090306146e-100
11.71485742871436 1.041820314117156e-99
11.72686343171586 1.191253252793751e-99
11.73886943471736 1.362306451590422e-99
11.75087543771886 1.558132713013557e-99
11.76288144072036 1.782347923933151e-99
11.77488744372186 2.039099524635809e-99
11.78689344672336 2.333145163163949e-99
11.79889944972486 2.669943058629508e-99
11.81090545272636 3.05575582632138e-99
11.82291145572786 3.497769781180608e-99
11.83491745872936 4.004232039851497e-99
11.84692346173087 4.584608091087278e-99
11.85892946473237 5.249762906776031e-99
11.87093546773387 6.012169129301946e-99
11.88294147073537 6.886146404642672e-99
11.89494747373687 7.888136545216049e-99
11.90695347673837 9.037019914352803e-99
11.91895947973987 1.035447923959513e-98
11.93096548274137 1.186541800118607e-98
11.94297148574287 1.359844162401132e-98
11.95497748874437 1.558641094766492e-98
11.96698349174587 1.786707888535349e-98
11.97898949474737 2.048382283699811e-98
11.99099549774887 2.348648732855078e-98
12.00300150075038 2.693235354675224e-98
12.01500750375187 3.088725497077064e-98
12.02701350675338 3.54268612206582e-98
12.03901950975488 4.063815560650021e-98
12.05102551275638 4.662113573976145e-98
12.06303151575788 5.3490771038404e-98
12.07503751875938 6.137925611071806e-98
12.08704352176088 7.043860494432154e-98
12.09904952476238 8.084363767743656e-98
12.11105552776388 9.279541962896931e-98
12.12306153076538 1.06525221373257e-97
12.13506753376688 1.222990791506007e-97
12.14707353676839 1.404230470205636e-97
12.15907953976988 1.612492461393021e-97
12.17108554277139 1.851828326610012e-97
12.18309154577289 2.126900243570589e-97
12.19509754877439 2.443073474963368e-97
12.20710355177589 2.806522902757755e-97
12.21910955477739 3.224355776413316e-97
12.23111555777889 3.704753152814671e-97
12.24312156078039 4.25713288587158e-97
12.25512756378189 4.892337462363644e-97
12.26713356678339 5.622850486811168e-97
12.27913956978489 6.463046202359878e-97
12.29114557278639 7.429477108936833e-97
12.30315157578789 8.541205518198234e-97
12.31515757878939 9.820185783138384e-97
12.3271635817909 1.129170497725136e-96
12.3391695847924 1.298489099530827e-96
12.3511755877939 1.493329842994358e-96
12.3631815907954 1.717558417400024e-96
12.3751875937969 1.975628654108604e-96
12.3871935967984 2.272672382431606e-96
12.3991995997999 2.614603066998277e-96
12.4112056028014 3.008235348001491e-96
12.4232116058029 3.46142293336226e-96
12.4352176088044 3.983217670274114e-96
12.4472236118059 4.584053060667618e-96
12.4592296148074 5.275955989990929e-96
12.4712356178089 6.072791021875414e-96
12.48324162081041 6.990542284930598e-96
12.49524762381191 8.047638756175578e-96
12.50725362681341 9.265329644748377e-96
12.51925962981491 1.066811761836609e-95
12.53126563281641 1.228425881530351e-95
12.54327163581791 1.414633997158163e-95
12.55527763881941 1.629194459570961e-95
12.56728364182091 1.876442197535168e-95
12.57928964482241 2.161377494060463e-95
12.59129564782391 2.489768478216672e-95
12.60330165082541 2.868269458159453e-95
12.61530765382691 3.304557551526092e-95
12.62731365682841 3.807490451315355e-95
12.63931965982992 4.387288606879605e-95
12.65132566283141 5.055745610045929e-95
12.66333166583292 5.826471166417406e-95
12.67533766883442 6.715171714046804e-95
12.68734367183592 7.739974540337881e-95
12.69934967483742 8.921802159890242e-95
12.71135567783892 1.028480477035583e-94
12.72336168084042 1.185685982254058e-94
12.73536768384192 1.367014915079005e-94
12.74737368684342 1.576182574002712e-94
12.75937968984492 1.817478409124124e-94
12.77138569284642 2.095855032777598e-94
12.78339169584793 2.417031070672814e-94
12.79539769884942 2.787610011674295e-94
12.80740370185093 3.215217551747982e-94
12.81940970485243 3.708660317880438e-94
12.83141570785393 4.278109309240231e-94
12.84342171085543 4.935311915115605e-94
12.85542771385693 5.693836973356397e-94
12.86743371685843 6.569358032053033e-94
12.87943971985993 7.579980785912945e-94
12.89144572286143 8.746621594506764e-94
12.90345172586293 1.009344507223617e-93
12.91545772886443 1.164836999265708e-93
12.92746373186593 1.344365419945945e-93
12.93946973486743 1.55165708939687e-93
12.95147573786893 1.791019061039656e-93
12.96348174087044 2.067428543680449e-93
12.97548774387194 2.386637463998563e-93
12.98749374687344 2.755293386196281e-93
12.99949974987494 3.181079353908518e-93
13.01150575287644 3.672875622653202e-93
13.02351175587794 4.240946717796028e-93
13.03551775887944 4.897157793231081e-93
13.04752376188094 5.655224891351905e-93
13.05952976488244 6.531004428852949e-93
13.07153576788394 7.542828071033265e-93
13.08354177088544 8.711890127612934e-93
13.09554777388694 1.006269572651277e-92
13.10755377688844 1.162357932279397e-92
13.11955977988995 1.342730460604426e-92
13.13156578289145 1.551175861340975e-92
13.14357178589295 1.792075487483432e-92
13.15557778889445 2.070496275546988e-92
13.16758379189595 2.392298286816271e-92
13.17958979489745 2.764259156491157e-92
13.19159579789895 3.19421811480205e-92
13.20360180090045 3.691242664787729e-92
13.21560780390195 4.265821488588266e-92
13.22761380690345 4.930087718348717e-92
13.23961980990495 5.698077361375366e-92
13.25162581290645 6.586028426194672e-92
13.26363181590795 7.612727173044186e-92
13.27563781890946 8.799908928089275e-92
13.28764382191095 1.017272207734609e-91
13.29964982491246 1.176026521943819e-91
13.31165582791396 1.359620903551993e-91
13.32366183091546 1.571951626426848e-91
13.33566783391696 1.817527528953816e-91
13.34767383691846 2.101566530416929e-91
13.35967983991996 2.430107385896652e-91
13.37168584292146 2.810139090292344e-91
13.38369184592296 3.249750724114439e-91
13.39569784892446 3.758304976379739e-91
13.40770385192596 4.346639092926909e-91
13.41970985492746 5.027297592928968e-91
13.43171585792896 5.814801785276767e-91
13.44372186093047 6.725961914868872e-91
13.45572786393197 7.78023869409029e-91
13.46773386693347 9.000162047093129e-91
13.47973986993497 1.041181613732509e-90
13.49174587293647 1.204540118923849e-90
13.50375187593797 1.393588428473668e-90
13.51575787893947 1.612375325018029e-90
13.52776388194097 1.865588999301232e-90
13.53976988494247 2.158658224735163e-90
13.55177588794397 2.497869570216744e-90
13.56378189094547 2.890503197988589e-90
13.57578789394697 3.344990198403689e-90
13.58779389694847 3.87109488305914e-90
13.59979989994997 4.480126002190954e-90
13.61180590295148 5.185181483410943e-90
13.62381190595298 6.001432020664209e-90
13.63581790895448 6.94644969075138e-90
13.64782391195598 8.040588758520108e-90
13.65982991495748 9.307426972489634e-90
13.67183591795898 1.077427697528944e-89
13.68384192096048 1.247277898693462e-89
13.69584792396198 1.443958769734196e-89
13.70785392696348 1.671716836672215e-89
13.71985992996498 1.935471952393179e-89
13.73186593296648 2.240924242616249e-89
13.74387193596798 2.594678065953507e-89
13.75587793896949 3.004385699008064e-89
13.76788394197099 3.478913890039245e-89
13.77988994497248 4.02853692642494e-89
13.79189594797399 4.665160443033491e-89
13.80390195097549 5.40258087351145e-89
13.81590795397699 6.256786229285973e-89
13.82791395697849 7.246304799043863e-89
13.83991995997999 8.39260941462417e-89
13.85192596298149 9.720586150901002e-89
13.86393196598299 1.125907774431937e-88
13.87593796898449 1.30415136585874e-88
13.88794397198599 1.510664063295205e-88
13.89994997498749 1.749936976064921e-88
13.911955977989 2.027175871144172e-88
13.92396198099049 2.348415068940954e-88
13.935967983992 2.720649517121283e-88
13.9479739869935 3.151987947736459e-88
13.959979989995 3.651830487834791e-88
13.9719859929965 4.231074633166472e-88
13.983991995998 4.902354120461093e-88
13.9959979989995 5.680315959943288e-88
14.008004002001 6.58194173235053e-88
14.0200100050025 7.626920232411319e-88
14.032016008004 8.838079675217109e-88
14.0440220110055 1.02418889983467e-87
14.056028014007 1.186903932019248e-87
14.0680340170085 1.37551183876044e-87
14.08004002001 1.594139290307157e-87
14.09204602301151 1.847571600889487e-87
14.10405202601301 2.141357997620344e-87
14.11605802901451 2.481933736180323e-87
14.12806403201601 2.876761762718691e-87
14.14007003501751 3.334497054455139e-87
14.15207603801901 3.865177274067951e-87
14.16408204102051 4.480443956286423e-87
14.17608804402201 5.193799122149875e-87
14.18809404702351 6.020903002223311e-87
14.20010005002501 6.979919462167395e-87
14.21210605302651 8.091916782761897e-87
14.22411205602801 9.381332675361789e-87
14.23611805902951 1.087651384020692e-86
14.24812406203102 1.2610342030803e-86
14.26013006503252 1.462096050965831e-86
14.27213606803402 1.695261701185941e-86
14.28414207103552 1.96566419230682e-86
14.29614807403702 2.279258338531047e-86
14.30815407703852 2.642952453450407e-86
14.32016008004002 3.064761212596161e-86
14.33216608304152 3.553983050857545e-86
14.34417208604302 4.121406037011972e-86
14.35617808904452 4.779546801709119e-86
14.36818409204602 5.54292783144431e-86
14.38019009504752 6.428399295797814e-86
14.39219609804903 7.455512567613357e-86
14.40420210105053 8.646953748031483e-86
14.41620810405203 1.002904684615161e-85
14.42821410705353 1.163233781649935e-85
14.44022011005503 1.349227246118154e-85
14.45222611305653 1.564998329798921e-85
14.46423211605803 1.815320292764284e-85
14.47623811905953 2.105732425731956e-85
14.48824412206103 2.442663121680294e-85
14.50025012506253 2.833572741151257e-85
14.51225612806403 3.287119457862302e-85
14.52426213106553 3.813351784757205e-85
14.53626813406703 4.423932076959647e-85
14.54827413706853 5.132396000622447e-85
14.56028014007003 5.954453760920427e-85
14.57228614307154 6.908339816456154e-85
14.58429214607304 8.015218892090825e-85
14.59629814907454 9.299657362019515e-85
14.60830415207604 1.079017053805784e-84
14.62031015507754 1.251985809744364e-84
14.63231615807904 1.452714185814097e-84
14.64432216108054 1.6856622401992e-84
14.65632816408204 1.956007370859284e-84
14.66833416708354 2.269759805529374e-84
14.68034017008504 2.633896703074414e-84
14.69234617308654 3.05651786816593e-84
14.70435217608804 3.547026565878119e-84
14.71635817908954 4.116339485732102e-84
14.72836418209105 4.777130558611715e-84
14.74037018509255 5.544114089542064e-84
14.75237618809405 6.434373551653845e-84
14.76438219109555 7.467743411609e-84
14.77638819409705 8.66725254740765e-84
14.78839419709855 1.005963920263839e-83
14.80040020010005 1.16759490280195e-83
14.81240620310155 1.35522296276962e-83
14.82441220610305 1.573033719625759e-83
14.83641820910455 1.825887335167465e-83
14.84842421210605 2.119427319610878e-83
14.86043021510755 2.460206903676746e-83
14.87243621810905 2.855835814934081e-83
14.88444222111056 3.315150755611479e-83
14.89644822411206 3.848413412312441e-83
14.90845422711356 4.467540447596046e-83
14.92046023011506 5.186370643184062e-83
14.93246623311656 6.020975200871817e-83
14.94447223611806 6.990018178927084e-83
14.95647823911956 8.115175170792496e-83
14.96848424212106 9.421619644751989e-83
14.98049024512256 1.093858788750233e-82
14.99249624812406 1.270003526571143e-82
15.00450225112556 1.4745398577653e-82
15.01650825412706 1.712048165837656e-82
15.02851425712857 1.987848418063822e-82
15.04052026013007 2.308119682278075e-82
15.05252626313157 2.680038972689758e-82
15.06453226613307 3.111942553077051e-82
15.07653826913457 3.613513332382527e-82
15.08854427213607 4.195998576528571e-82
15.10055027513757 4.872462844500476e-82
15.11255627813907 5.658081851890097e-82
15.12456228114057 6.570483889143995e-82
15.13656828414207 7.63014649562876e-82
15.14857428714357 8.860857338617855e-82
15.16058029014507 1.029024969667001e-81
15.17258629314657 1.195042463244661e-81
15.18459229614807 1.387867389897341e-81
15.19659829914957 1.611831990005715e-81
15.20860430215108 1.871969167159087e-81
15.22061030515258 2.174125892576966e-81
15.23261630815408 2.525094977447223e-81
15.24462231115558 2.932768190224415e-81
15.25662831415708 3.406314178760195e-81
15.26863431715858 3.956385218321717e-81
15.28064032016008 4.595357458817076e-81
15.29264632316158 5.337610102679745e-81
15.30465232616308 6.199849826060684e-81
15.31665832916458 7.201487780225438e-81
15.32866433216608 8.365077700589987e-81
15.34067033516758 9.716825034666553e-81
15.35267633816908 1.128717860873154e-80
15.36468234117059 1.311151822278054e-80
15.37668834417209 1.523095373674151e-80
15.38869434717359 1.769325373731958e-80
15.40070035017509 2.055392481160929e-80
15.41270635317659 2.387746586742379e-80
15.42471235617809 2.773882590869206e-80
15.43671835917959 3.222509828740792e-80
15.44872436218109 3.743748981628448e-80
15.46073036518259 4.349360936032298e-80
15.47273636818409 5.053012777261722e-80
15.48474237118559 5.870586946459479e-80
15.49674837418709 6.820540569505527e-80
15.50875437718859 7.924323104846476e-80
15.5207603801901 9.206861780989872e-80
15.5327663831916 1.069712583328033e-79
15.5447723861931 1.242878233863661e-79
15.5567783891946 1.444095852686993e-79
15.5687843921961 1.677912786534204e-79
15.5807903951976 1.949614002507522e-79
15.5927963981991 2.265341810497013e-79
15.6048024012006 2.63223502909069e-79
15.6168084042021 3.05859075446978e-79
15.6288144072036 3.554052405470215e-79
15.6408204102051 4.129828315235787e-79
15.6528264132066 4.798945834292307e-79
15.6648324162081 5.576546717249076e-79
15.6768384192096 6.480230504072862e-79
15.6888444222111 7.53045369836344e-79
15.70085042521261 8.75099381415443e-79
15.71285642821411 1.016948883838404e-78
15.72486243121561 1.181806437195245e-78
15.73686843421711 1.373406270730857e-78
15.74887443721861 1.596089042026008e-78
15.76088044022011 1.854900375105767e-78
15.77288644322161 2.155705418626074e-78
15.78489244622311 2.505322029996277e-78
15.79689844922461 2.911675615380495e-78
15.80890445222611 3.383979148655564e-78
15.82091045522761 3.932942465835878e-78
15.83291645822911 4.571015598286553e-78
15.84492246123061 5.312671683448881e-78
15.85692846423212 6.174735893488121e-78
15.86893446723362 7.176767870819475e-78
15.88094047023512 8.341506378803321e-78
15.89294647323662 9.695386293856808e-78
15.90495247623812 1.126913971417311e-77
15.91695847923962 1.309849487781774e-77
15.92896448224112 1.522498881296561e-77
15.94097048524262 1.769691223637483e-77
15.95297648824412 2.057040823208841e-77
15.96498249124562 2.391074974969602e-77
15.97698849424712 2.779382504039013e-77
15.98899449724862 3.230786489269717e-77
16.00100050025013 3.75554510465329e-77
16.01300650325162 4.365585158018061e-77
16.02501250625313 5.074773652653812e-77
16.03701850925463 5.899233565306074e-77
16.04902451225613 6.857711043259805e-77
16.06103051525763 7.972002397049699e-77
16.07303651825913 9.267450630527761e-77
16.08504252126063 1.077352283780237e-76
16.09704852426213 1.252448164324358e-76
16.10905452726363 1.456016600855872e-76
16.12106053026513 1.692689922900348e-76
16.13306653326664 1.967854484624559e-76
16.14507253626813 2.287773458470662e-76
16.15707853926963 2.659729634868312e-76
16.16908454227114 3.092191488912433e-76
16.18109054527264 3.595006306622744e-76
16.19309654827414 4.179624781869124e-76
16.20510255127564 4.859362214409302e-76
16.21710855427714 5.649702276208089e-76
16.22911455727864 6.568650286444371e-76
16.24112056028014 7.637144067644432e-76
16.25312656328164 8.87953177212724e-76
16.26513256628314 1.032412759955982e-75
16.27713856928464 1.2003858107974e-75
16.28914457228614 1.395701389289117e-75
16.30115057528764 1.622812381970531e-75
16.31315657828915 1.886897179840275e-75
16.32516258129064 2.193977935128629e-75
16.33716858429214 2.5510581018347e-75
16.34917458729365 2.966282405822214e-75
16.36118059029515 3.449122903642462e-75
16.37318659329665 4.010595386438002e-75
16.38519259629815 4.663511079963301e-75
16.39719859929965 5.422769399861986e-75
16.40920460230115 6.305698461389132e-75
16.42121060530265 7.332451136312604e-75
16.43321660830415 8.526465721842132e-75
16.44522261130565 9.915001766287822e-75
16.45722861430716 1.15297633176769e-74
16.46923461730865 1.340762386423942e-74
16.48124062031015 1.559146956544368e-74
16.49324662331166 1.813118008255925e-74
16.50525262631316 2.108476947072407e-74
16.51725862931466 2.451971326252536e-74
16.52926463231616 2.851449214033141e-74
16.54127063531766 3.316038755894576e-74
16.55327663831916 3.856357045551459e-74
16.56528264132066 4.484753090254508e-74
16.57728864432216 5.215590437659284e-74
16.58929464732366 6.065575940906902e-74
16.60130065032516 7.054142196545362e-74
16.61330665332666 8.203892420785971e-74
16.62531265632816 9.541117961596679e-74
16.63731865932967 1.109640031016285e-73
16.64932466233117 1.290531141355197e-73
16.66133066533267 1.500922834551443e-73
16.67333666833417 1.745628101602809e-73
16.68534267133567 2.030245465271074e-73
16.69734867433717 2.36128723386977e-73
16.70935467733867 2.746328702359363e-73
16.72136068034017 3.194181723158596e-73
16.73336668334167 3.715096628420329e-73
16.74537268634317 4.320997136303574e-73
16.75737868934467 5.025753630954694e-73
16.76938469234617 5.845501086890227e-73
16.78139069534767 6.799008933498482e-73
16.79339669834918 7.908111348005858e-73
16.80540270135068 9.198207852900393e-73
16.81740870435218 1.069884570836742e-72
16.82941470735368 1.244439746888798e-72
16.84142071035518 1.447484925897015e-72
16.85342671335668 1.68367178662842e-72
16.86543271635818 1.958411770973523e-72
16.87743871935968 2.278000218328342e-72
16.88944472236118 2.649760788279768e-72
16.90145072536268 3.082213488505055e-72
16.91345672836418 3.585270167235484e-72
16.92546273136568 4.170461960808186e-72
16.93746873436718 4.851203921258217e-72
16.94947473736868 5.643102903481237e-72
16.96148074037018 6.564315785887458e-72
16.97348674337169 7.635966255549315e-72
16.98549274637319 8.882629735244174e-72
16.99749874937469 1.033289759649248e-71
17.00950475237619 1.202003362574697e-71
17.02151075537769 1.398273783225795e-71
17.03351675837919 1.626603515465057e-71
17.04552276138069 1.892230949572378e-71
17.05752876438219 2.201250685754201e-71
17.06953476738369 2.560753523848934e-71
17.08154077038519 2.978989348014459e-71
17.09354677338669 3.46555665188259e-71
17.10555277638819 4.031623062572558e-71
17.1175587793897 4.690181935184653e-71
17.1295647823912 5.456350919371297e-71
17.14157078539269 6.347719365420835e-71
17.1535767883942 7.384752561234522e-71
17.1655827913957 8.591262099518359e-71
17.1775887943972 9.994953196576746e-71
17.1895947973987 1.162806155534807e-70
17.2016008004002 1.352809442656917e-70
17.2136068034017 1.573869292068637e-70
17.2256128064032 1.831063541461473e-70
17.2376188094047 2.13030051460064e-70
17.2496248124062 2.478454886818312e-70
17.26163081540771 2.88352578384393e-70
17.27363681840921 3.354820753242582e-70
17.2856428214107 3.903169843578723e-70
17.29764882441221 4.541174719848551e-70
17.30965482741371 5.283498550714382e-70
17.32166083041521 6.147203342231234e-70
17.33366683341671 7.152142485730644e-70
17.34567283641821 8.321417559518103e-70
17.35767883941971 9.681909904375859e-70
17.36968484242121 1.126489921567566e-69
17.38169084542271 1.310678339992281e-69
17.39369684842421 1.524991627701013e-69
17.40570285142572 1.774358242517277e-69
17.41770885442721 2.064513162623356e-69
17.42971485742871 2.402129904711401e-69
17.44172086043022 2.794974157460008e-69
17.45372686343172 3.252082570274844e-69
17.46573286643321 3.783970817103174e-69
17.47773886943472 4.402875730012755e-69
17.48974487243622 5.12303708268557e-69
17.50175087543772 5.96102551813885e-69
17.51375687843922 6.936124178942652e-69
17.52576288144072 8.070772836505968e-69
17.53776888444222 9.391084757226855e-69
17.54977488744372 1.092744822070662e-68
17.56178089044522 1.271522655752585e-68
17.57378689344672 1.479557284633002e-68
17.58579289644823 1.721637805462115e-68
17.59779889944972 2.003337448574441e-68
17.60980490245122 2.331141997714848e-68
17.62181090545273 2.712599246479046e-68
17.63381690845423 3.156492938181325e-68
17.64582291145573 3.673045200839751e-68
17.65782891445723 4.274152146440016e-68
17.66983491745873 4.97365806888499e-68
17.68184092046023 5.787674565727741e-68
17.69384692346173 6.734951945489589e-68
17.70585292646323 7.837311489022636e-68
17.71785892946473 9.120148537855417e-68
17.72986493246623 1.061301801719849e-67
17.74187093546773 1.235031590404131e-67
17.75387693846923 1.437207236549274e-67
17.76588294147074 1.672487487036362e-67
17.77788894447224 1.946294257751006e-67
17.78989494747374 2.264937679696786e-67
17.80190095047524 2.635761638509758e-67
17.81390695347674 3.067313166674894e-67
17.82591295647824 3.569539598516957e-67
17.83791895947974 4.154018039128926e-67
17.84992496248124 4.834222444624559e-67
17.86193096548274 5.625834479701971e-67
17.87393696848424 6.547105329555237e-67
17.88594297148574 7.619276820036909e-67
17.89794897448724 8.86707156985539e-67
17.90995497748874 1.031926349314918e-66
17.92196098049025 1.200934182687159e-66
17.93396698349175 1.397628401794811e-66
17.94597298649325 1.626545532007697e-66
17.95797898949475 1.892965587746996e-66
17.96998499249625 2.203033948045081e-66
17.98199099549775 2.563903214442518e-66
17.99399699849925 2.983898328101914e-66
18.00600300150075 3.472708760490808e-66
18.01800900450225 4.041612217630477e-66
18.03001500750375 4.703735026191318e-66
18.04202101050525 5.474355217479605e-66
18.05402701350675 6.371255312210124e-66
18.06603301650825 7.415132957716748e-66
18.07803901950975 8.630078906486657e-66
18.09004502251126 1.004413338154207e-65
18.10205102551276 1.168993368624057e-65
18.11405702851426 1.360546802543521e-65
18.12606303151576 1.583495296042244e-65
18.13806903451726 1.842985477851061e-65
18.15007503751876 2.145007838549146e-65
18.16208104052026 2.496535120276923e-65
18.17408704352176 2.905683406001459e-65
18.18609304652326 3.381899632328746e-65
18.19809904952476 3.936179860906674e-65
18.21010505252626 4.581323354792418e-65
18.22211105552776 5.332228334228277e-65
18.23411705852926 6.206236250242862e-65
18.24612306153077 7.223532536677615e-65
18.25812906453227 8.407613107602224e-65
18.27013506753377 9.785827387860326e-65
18.28214107053527 1.13900104348764e-64
18.29414707353677 1.325721877083238e-64
18.30615307653827 1.543058694359228e-64
18.31815907953977 1.796032462785124e-64
18.33016508254127 2.090487732956751e-64
18.34217108554277 2.433227754207246e-64
18.35417708854427 2.832171760897647e-64
18.36618309154577 3.296538067911566e-64
18.37818909454727 3.837057211108986e-64
18.39019509754878 4.466220063769983e-64
18.40220110055028 5.198566669478387e-64
18.41420710355177 6.051022474199889e-64
18.42621310655328 7.043289737318304e-64
18.43821910955478 8.198303178510365e-64
18.45022511255628 9.542760404138202e-64
18.46223111555778 1.110773938775088e-63
18.47423711855928 1.292941729439847e-63
18.48624312156078 1.504990728444365e-63
18.49824912456228 1.751823266374216e-63
18.51025512756378 2.039146092671229e-63
18.52226113056528 2.373602394057502e-63
18.53426713356679 2.762925482866449e-63
18.54627313656828 3.216117712801316e-63
18.55827913956978 3.7436587637633e-63
18.57028514257129 4.357748117436148e-63
18.58229114557279 5.072587337036214e-63
18.59429714857428 5.904708686378948e-63
18.60630315157579 6.873357696529853e-63
18.61830915457729 8.000938537663556e-63
18.63031515757879 9.313532508296517e-63
18.64232116058029 1.084150164749033e-62
18.65432716358179 1.2620191447183e-62
18.66633316658329 1.469074893718186e-62
18.67833916958479 1.710107508773509e-62
18.69034517258629 1.990693358591995e-62
18.70235117558779 2.317324166444953e-62
18.7143571785893 2.697557287885835e-62
18.72636318159079 3.140190663912304e-62
18.73836918459229 3.655466501841374e-62
18.7503751875938 4.255308401735368e-62
18.7623811905953 4.953597421116374e-62
18.7743871935968 5.766493472900368e-62
18.7863931965983 6.712809501882885e-62
18.7983991995998 7.81444710806556e-62
18.8104052026013 9.096903708978063e-62
18.8224112056028 1.058986299093221e-61
18.8344172086043 1.232788232927792e-61
18.8464232116058 1.435119310496352e-61
18.85842921460731 1.670663246113794e-61
18.8704352176088 1.944872808983501e-61
18.8824412206103 2.264096118558339e-61
18.89444722361181 2.635723683233232e-61
18.90645322661331 3.068359589812918e-61
18.91845922961481 3.572020811002514e-61
18.93046523261631 4.1583692499536e-61
18.94247123561781 4.840981899779956e-61
18.95447723861931 5.635665379534285e-61
18.96648324162081 6.560822136902052e-61
18.97848924462231 7.63787680568091e-61
18.99049524762381 8.891772600755394e-61
19.00250125062531 1.03515492570942e-60
19.01450725362681 1.205101590995572e-60
19.02651325662831 1.402953451484151e-60
19.03851925962982 1.633293196885033e-60
19.05052526263132 1.901456207941399e-60
19.06253126563282 2.213654200117003e-60
19.07453726863432 2.577119180755488e-60
19.08654327163582 3.000271057444373e-60
19.09854927463732 3.492912783810946e-60
19.11055527763882 4.066457567617517e-60
19.12256128064032 4.734193409626653e-60
19.13456728364182 5.511591107526085e-60
19.14657328664332 6.416662867327299e-60
19.15857928964482 7.470379838473086e-60
19.17058529264632 8.697158255644988e-60
19.18259129564782 1.012542546166668e-59
19.19459729864932 1.178827893888282e-59
19.20660330165082 1.372425363395559e-59
19.21860930465233 1.597821537323198e-59
19.23061530765383 1.860240109099706e-59
19.24262131065533 2.165762999892715e-59
19.25462731365683 2.521471379094312e-59
19.26663331665833 2.9356098595481e-59
19.27863931965983 3.417777676412643e-59
19.29064532266133 3.979151284640108e-59
19.30265132566283 4.632743539056727e-59
19.31465732866433 5.393705469884621e-59
19.32666333166583 6.27967765494681e-59
19.33866933466733 7.311199340692742e-59
19.35067533766883 8.512184804287209e-59
19.36268134067033 9.910478009430836e-59
19.37468734367184 1.153849842555107e-58
19.38669334667334 1.343399299570089e-58
19.39869934967484 1.56409117020474e-58
19.41070535267634 1.821042704641977e-58
19.42271135567784 2.120212110361814e-58
19.43471735867934 2.468536769461556e-58
19.44672336168084 2.874094175572288e-58
19.45872936468234 3.346289325339007e-58
19.47073536768384 3.896072913504226e-58
19.48274137068534 4.53619539567837e-58
19.49474737368684 5.28150281549943e-58
19.50675337668834 6.149281262413693e-58
19.51875937968985 7.159657955264272e-58
19.53076538269135 8.336068261472045e-58
19.54277138569284 9.705799492364703e-58
19.55477738869435 1.130062409770462e-57
19.56678339169585 1.315753695808372e-57
19.57878939469735 1.531961389080049e-57
19.59079539769885 1.783701129924695e-57
19.60280140070035 2.076813017308105e-57
19.61480740370185 2.418097146266439e-57
19.62681340670335 2.815471429504748e-57
19.63881940970485 3.278155367340865e-57
19.65082541270635 3.816884032749789e-57
19.66283141570786 4.444157239927735e-57
19.67483741870936 5.174529681858269e-57
19.68684342171085 6.024948773806277e-57
19.69884942471236 7.015148047592243e-57
19.71085542771386 8.168105231648427e-57
19.72286143071536 9.510575654203281e-57
19.73486743371686 1.107371335638472e-56
19.74687343671836 1.289379433922217e-56
19.75887943971986 1.501305874079393e-56
19.77088544272136 1.748069150222861e-56
19.78289144572286 2.035396429811373e-56
19.79489744872436 2.369956525283607e-56
19.80690345172586 2.759514732651957e-56
19.81890945472736 3.213113133389908e-56
19.83091545772886 3.741280547471008e-56
19.84292146073037 4.356277014244296e-56
19.85492746373187 5.072378479967724e-56
19.86693346673336 5.906208304908424e-56
19.87893946973487 6.877123290664202e-56
19.89094547273637 8.00766319504364e-56
19.90295147573787 9.324074176900783e-56
19.91495747873937 1.085691833103661e-55
19.92696348174087 1.264178347357541e-55
19.93896948474237 1.472010966759111e-55
19.95097548774387 1.714015169133634e-55
19.96298149074537 1.9958099810265e-55
19.97498749374687 2.323938489255922e-55
19.98699349674838 2.706019819157819e-55
19.99899949974987 3.150926110711223e-55
20.01100550275137 3.668988604650782e-55
20.02301150575288 4.272237627166703e-55
20.03501750875438 4.974682049587437e-55
20.04702351175588 5.792634716850387e-55
20.05902951475738 6.745091406917696e-55
20.07103551775888 7.854172127424815e-55
20.08304152076038 9.145635004682117e-55
20.09504752376188 1.064947470736834e-54
20.10705352676338 1.240061931208467e-54
20.11905952976488 1.443974180606174e-54
20.13106553276639 1.681420508692765e-54
20.14307153576788 1.95791624225066e-54
20.15507753876938 2.279883894727488e-54
20.16708354177089 2.654802398037616e-54
20.17908954477239 3.091380885084213e-54
20.19109554777389 3.599761062283202e-54
20.20310155077539 4.191752876000352e-54
20.21510755377689 4.881108950810674e-54
20.22711355677839 5.68384417885379e-54
20.23911955977989 6.618607889250437e-54
20.25112556278139 7.707117248974393e-54
20.26313156578289 8.97466197016854e-54
20.27513756878439 1.04506920567603e-53
20.28714357178589 1.216950225392619e-53
20.29914957478739 1.417102911237857e-53
20.3111555777889 1.650177919789268e-53
20.3231615807904 1.921591002585599e-53
20.3351675837919 2.23764888518284e-53
20.3471735867934 2.605695858474538e-53
20.3591795897949 3.034284490566745e-53
20.3711855927964 3.533374428390297e-53
20.3831915957979 4.114563911436739e-53
20.3951975987994 4.791359380713022e-53
20.4072036018009 5.579489451918483e-53
20.4192096048024 6.49727055356298e-53
20.4312156078039 7.566032732266612e-53
20.4432216108054 8.810615526759101e-53
20.4552276138069 1.025994544168108e-52
20.4672336168084 1.194770845008939e-52
20.4792396198099 1.391313316373281e-52
20.49124562281141 1.62019028841099e-52
20.50325162581291 1.886721774492886e-52
20.51525762881441 2.19710316475962e-52
20.52726363181591 2.558549275698764e-52
20.53926963481741 2.979462105958766e-52
20.55127563781891 3.469626200028434e-52
20.56328164082041 4.040436163596824e-52
20.57528764382191 4.705161622302421e-52
20.58729364682341 5.479255786583534e-52
20.59929964982491 6.380714799720108e-52
20.61130565282641 7.430496227513137e-52
20.62331165582791 8.653006423869699e-52
20.63531765882941 1.007666810886311e-51
20.64732366183092 1.173458136190296e-51
20.65932966483242 1.366529340590154e-51
20.67133566783392 1.591369508933276e-51
20.68334167083542 1.853206492074473e-51
20.69534767383692 2.158128494320267e-51
20.70735367683842 2.513225673419186e-51
20.71935967983992 2.926755047274294e-51
20.73136568284142 3.40833254383134e-51
20.74337168584292 3.969156662147044e-51
20.75537768884442 4.622268948165107e-51
20.76738369184592 5.382857345340468e-51
20.77938969484742 6.268609477891689e-51
20.79139569784893 7.300124086345909e-51
20.80340170085043 8.501390188212966e-51
20.81540770385192 9.900345112579498e-51
20.82741370685343 1.152952439283077e-50
20.83941970985493 1.342681863930786e-50
20.85142571285643 1.563635500324507e-50
20.86343171585793 1.820952374275442e-50
20.87543771885943 2.120617377841912e-50
20.88744372186093 2.469600505882843e-50
20.89944972486243 2.876019013667626e-50
20.91145572786393 3.349326269047446e-50
20.92346173086543 3.90053169396749e-50
20.93546773386693 4.542456913667481e-50
20.94747373686843 5.290034074623689e-50
20.95947973986993 6.16065327374638e-50
20.97148574287144 7.174567184410809e-50
20.98349174587294 8.355362296177583e-50
20.99549774887443 9.730507735542408e-50
21.00750375187594 1.133199444084206e-49
21.01950975487744 1.319707956757363e-49
21.03151575787894 1.536915344982162e-49
21.04352176088044 1.789874929625934e-49
21.05552776388194 2.08447191217166e-49
21.06753376688344 2.427560328494032e-49
21.07953976988494 2.827122551001676e-49
21.09154577288644 3.292455051790417e-49
21.10355177588794 3.834384750786177e-49
21.11555777888945 4.465520984859303e-49
21.12756378189095 5.200548963143752e-49
21.13956978489244 6.056571539603002e-49
21.15157578789395 7.053507258738931e-49
21.16358179089545 8.214553940432626e-49
21.17558779389695 9.566728595743568e-49
21.18759379689845 1.114149624260642e-48
21.19959979989995 1.297550226013548e-48
21.21160580290145 1.511142533087331e-48
21.22361180590295 1.759897082793885e-48
21.23561780890445 2.04960277740233e-48
21.24762381190595 2.387001630769984e-48
21.25962981490746 2.779945702824824e-48
21.27163581790895 3.237579875644966e-48
21.28364182091045 3.770554726589412e-48
21.29564782391196 4.391274454739693e-48
21.30765382691346 5.114185633135241e-48
21.31965982991496 5.956113509936029e-48
21.33166583291646 6.936653688864759e-48
21.34367183591796 8.078628308855369e-48
21.35567783891946 9.408617344799514e-48
21.36768384192096 1.095757740062063e-47
21.37968984492246 1.27615624033602e-47
21.39169584792396 1.486256297998886e-47
21.40370185092547 1.730948406252775e-47
21.41570785392696 2.015928348616131e-47
21.42771385692846 2.347829809432034e-47
21.43971985992997 2.734378823154814e-47
21.45172586293147 3.184573659104806e-47
21.46373186593297 3.708894330762242e-47
21.47573786893447 4.319546608623813e-47
21.48774387193597 5.030746219241132e-47
21.49974987493747 5.859049849018636e-47
21.51175587793897 6.823740661472234e-47
21.52376188094047 7.947277306333687e-47
21.53576788394197 9.255816877707243e-47
21.54777388694347 1.077982400089434e-46
21.55977988994497 1.25547802336247e-46
21.57178589294647 1.462201030400286e-46
21.58379189594798 1.702964442893257e-46
21.59579789894947 1.983373912651834e-46
21.60780390195097 2.309958262781058e-46
21.61980990495248 2.690321529326854e-46
21.63181590795398 3.13332004476451e-46
21.64382191095548 3.649268688033324e-46
21.65582791395698 4.250181105246353e-46
21.66783391695848 4.950049496550166e-46
21.67983991995998 5.765170486314121e-46
21.69184592296148 6.714524667366815e-46
21.70385192596298 7.820218660382245e-46
21.71585792896448 9.10799998588325e-46
21.72786393196598 1.060785674260885e-45
21.73986993496748 1.235471606170889e-45
21.75187593796898 1.438925760741958e-45
21.76388194097049 1.675886107515746e-45
21.77588794397199 1.951870975980009e-45
21.78789394697349 2.273307590304435e-45
21.79989994997499 2.647681776387437e-45
21.81190595297649 3.083712328901989e-45
21.82391195597799 3.591554100578854e-45
21.83591795897949 4.183034545169846e-45
21.84792396198099 4.871929224986478e-45
21.85992996498249 5.674282701774245e-45
21.87193596798399 6.608782287116337e-45
21.88394197098549 7.697193360205007e-45
21.89594797398699 8.964866395376309e-45
21.90795397698849 1.044132751270612e-44
21.91995997999 1.216096631115169e-44
21.9319659829915 1.416383701054938e-44
21.943971985993 1.649659156907402e-44
21.9559779889945 1.92135665180624e-44
21.967983991996 2.237804883807351e-44
21.9799899949975 2.606375037218389e-44
21.991995997999 3.035652513203282e-44
22.0040020010005 3.535636951229918e-44
22.016008004002 4.117975202202703e-44
22.0280140070035 4.796232682018071e-44
22.040020010005 5.586209428697453e-44
22.0520260130065 6.506308228035676e-44
22.064032016008 7.577963386134639e-44
22.07603801900951 8.826140140555389e-44
22.088044022011 1.02799163480593e-43
22.10005002501251 1.197316000439256e-43
22.11205602801401 1.39453183849917e-43
22.12406203101551 1.624233719691074e-43
22.13606803401701 1.891773116232978e-43
22.14807403701851 2.203383098333053e-43
22.16008004002001 2.566323574848347e-43
22.17208604302151 2.989050463000977e-43
22.18409204602301 3.481412729747254e-43
22.19609804902451 4.054881897012536e-43
22.20810405202601 4.722819359663105e-43
22.22011005502752 5.500787746424794e-43
22.23211605802901 6.406913580521318e-43
22.24412206103052 7.462309692524489e-43
22.25612806403202 8.691567230657694e-43
22.26813406703352 1.012332873604152e-42
22.28014007003502 1.179095563993408e-42
22.29214607303652 1.373330574094964e-42
22.30415207603802 1.599563878384648e-42
22.31615807903952 1.863067124752554e-42
22.32816408204102 2.169980492798784e-42
22.34017008504252 2.527455795325044e-42
22.35217608804402 2.943823158606507e-42
22.36418209104552 3.428785166673804e-42
22.37618809404702 3.99364299505585e-42
22.38819409704853 4.651559805156973e-42
22.40020010005003 5.417867539052774e-42
22.41220610305152 6.310424266239915e-42
22.42421210605303 7.350030412354715e-42
22.43621810905453 8.560913572560946e-42
22.44822411205603 9.971293211203267e-42
22.46023011505753 1.161403841170948e-41
22.47223611805903 1.352743401002518e-41
22.48424212106053 1.575607297165926e-41
22.49624812406203 1.835189581562375e-41
22.50825412706353 2.137540131679273e-41
22.52026013006503 2.489705671141959e-41
22.53226613306653 2.899894028184927e-41
22.54427213606803 3.377665461429999e-41
22.55627813906953 3.93415551342983e-41
22.56828414207104 4.582334587508418e-41
22.58029014507254 5.337310299646573e-41
22.59229614807404 6.216679654485107e-41
22.60430215107554 7.240939256207919e-41
22.61630815407704 8.433963118210635e-41
22.62831415707854 9.823559211611665e-41
22.64032016008004 1.144211772857643e-40
22.65232616308154 1.332736617491443e-40
22.66433216608304 1.552324889734153e-40
22.67633816908454 1.808095155226518e-40
22.68834417208604 2.106009440260958e-40
22.70035017508754 2.453012226586761e-40
22.71235617808905 2.857192352204969e-40
22.72436218109054 3.327971593143567e-40
22.73636818409205 3.876324323358573e-40
22.74837418709355 4.515033374602443e-40
22.76038019009505 5.25898806223877e-40
22.77238619309655 6.125531326248196e-40
22.78439219609805 7.134864081996319e-40
22.79639819909955 8.310516209431415e-40
22.80840420210105 9.679895163362276e-40
22.82041020510255 1.127492499757682e-39
22.83241620810405 1.313279070401702e-39
22.84442221110555 1.529680522420056e-39
22.85642821410705 1.781741935085439e-39
22.86843421710855 2.075339807002434e-39
22.88044022011006 2.41731907754662e-39
22.89244622311156 2.815652730844239e-39
22.90445222611306 3.279627704259565e-39
22.91645822911456 3.820061436818714e-39
22.92846423211606 4.449554107575485e-39
22.94047023511756 5.182782446284079e-39
22.95247623811906 6.036841968299782e-39
22.96448224112056 7.03164561499658e-39
22.97648824412206 8.190388096512854e-39
22.98849424712356 9.540086765997678e-39
23.00050025012506 1.111221163947382e-38
23.01250625312656 1.294341925459428e-38
23.02451225612806 1.507640748344539e-38
23.03651825912956 1.756091123563388e-38
23.04852426213106 2.0454862273993e-38
23.06053026513257 2.382574019300723e-38
23.07253626813407 2.775214606877446e-38
23.08454227113557 3.232563548300709e-38
23.09654827413707 3.765285367337217e-38
23.10855427713857 4.385802260951001e-38
23.12056028014007 5.108583800274068e-38
23.13256628314157 5.950484381925531e-38
23.14457228614307 6.931136300455115e-38
23.15657828914457 8.073407610083042e-38
23.16858429214607 9.403935455170167e-38
23.18059029514757 1.095374730923524e-37
23.19259629814907 1.275898461290719e-37
23.20460230115058 1.486174568979678e-37
23.21660830415207 1.731106760161685e-37
23.22861430715358 2.016406984488383e-37
23.24062031015508 2.34872865668042e-37
23.25262631315658 2.735821837556509e-37
23.26463231615808 3.186713994280028e-37
23.27663831915958 3.711920556300261e-37
23.28864432216108 4.323690178530835e-37
23.30065032516258 5.036290432955105e-37
23.31265632816408 5.866340592966275e-37
23.32466233116558 6.833199273342568e-37
23.33666833416708 7.959415968455596e-37
23.34867433716859 9.271257021969725e-37
23.36068034017008 1.079931829769036e-36
23.37268634317159 1.257923884387209e-36
23.38469234617309 1.465253219939488e-36
23.39669834917459 1.706755473472922e-36
23.40870435217609 1.98806336175744e-36
23.42071035517759 2.315738071705785e-36
23.43271635817909 2.697422309831875e-36
23.44472236118059 3.1420185812377e-36
23.45672836418209 3.659896857231309e-36
23.46873436718359 4.263136476329109e-36
23.48074037018509 4.965807922083003e-36
23.49274637318659 5.78430105153238e-36
23.50475237618809 6.737707431820983e-36
23.5167583791896 7.848265704926426e-36
23.5287643821911 9.141880370981913e-36
23.5407703851926 1.064872609363852e-35
23.5527763881941 1.240395162629227e-35
23.5647823911956 1.444849978234326e-35
23.5767883941971 1.683006258020062e-35
23.5887943971986 1.960419384767674e-35
23.6008004002001 2.283560524432049e-35
23.6128064032016 2.659967593985408e-35
23.6248124062031 3.098421117206276e-35
23.6368184092046 3.609149071457253e-35
23.6488244122061 4.204065504944586e-35
23.6608304152076 4.897048491928186e-35
23.6728364182091 5.704263911240171e-35
23.6848424212106 6.644542602692981e-35
23.69684842421211 7.739819701465562e-35
23.70885442721361 9.015646401413276e-35
23.72086043021511 1.050178608831144e-34
23.73286643321661 1.223290875275333e-34
23.74487243621811 1.424939988572429e-34
23.75687843921961 1.659830273128113e-34
23.76888444222111 1.93344158826237e-34
23.78089044522261 2.252157183277275e-34
23.79289644822411 2.623412631366174e-34
23.80490245122561 3.055869317625265e-34
23.81690845422711 3.559616529408909e-34
23.82891445722861 4.146406864722482e-34
23.84092046023012 4.829930451847747e-34
23.85292646323161 5.626134379091126e-34
23.86493246623312 6.553594788571689e-34
23.87693846923462 7.633950316945653e-34
23.88894447223612 8.892406997580078e-34
23.90095047523762 1.035832640635174e-33
23.91295647823912 1.206591077587897e-33
23.92496248124062 1.405500106593326e-33
23.93696848424212 1.637200661383759e-33
23.94897448724362 1.907098805936407e-33
23.96098049024512 2.221491881566083e-33
23.97298649324662 2.587715452455414e-33
23.98499249624813 3.014314478843622e-33
23.99699849924962 3.511242712515122e-33
24.00900450225113 4.090094967879817e-33
24.02101050525263 4.764377689190944e-33
24.03301650825413 5.549824128211457e-33
24.04502251125563 6.464761487776812e-33
24.05702851425713 7.530538599511395e-33
24.06903451725863 8.772024116744964e-33
24.08104052026013 1.021818684942027e-32
24.09304652326163 1.190277178489609e-32
24.10505252626313 1.386508757177874e-32
24.11705852926463 1.615092384538605e-32
24.12906453226613 1.881361980388121e-32
24.14107053526763 2.191530897424647e-32
24.15307653826913 2.552836921949481e-32
24.16508254127064 2.973711182882897e-32
24.17708854427213 3.46397491126666e-32
24.18909454727364 4.035068642480964e-32
24.20110055027514 4.700319210627749e-32
24.21310655327664 5.475250766620232e-32
24.22511255627814 6.377947079059724e-32
24.23711855927964 7.429473573961259e-32
24.24912456228114 8.654368963749536e-32
24.26113056528264 1.008121794023475e-31
24.27313656828414 1.174331829840942e-31
24.28514257128564 1.36794580620507e-31
24.29714857428714 1.593482074971968e-31
24.30915457728864 1.856203991075582e-31
24.32116058029014 2.162242754509257e-31
24.33316658329165 2.518740507950226e-31
24.34517258629315 2.934017030096349e-31
24.35717858929465 3.417763915560272e-31
24.36918459229615 3.981270773766775e-31
24.38119059529765 4.637688726702046e-31
24.39319659829915 5.402337356016464e-31
24.40520260130065 6.293062264210181e-31
24.41720860430215 7.33065159610995e-31
24.42921460730365 8.539321243157611e-31
24.44122061030515 9.947280056305004e-31
24.45322661330665 1.158738826097539e-30
24.46523261630815 1.349792444320824e-30
24.47723861930966 1.572347901054396e-30
24.48924462231115 1.831599498359469e-30
24.50125062531266 2.133598041351203e-30
24.51325662831416 2.4853920726994e-30
24.52526263131566 2.895192396760403e-30
24.53726863431716 3.372563733896421e-30
24.54927463731866 3.928647978875774e-30
24.56128064032016 4.57642427502941e-30
24.57328664332166 5.331011975289707e-30
24.58529264632316 6.210023562422092e-30
24.59729864932466 7.233975767052645e-30
24.60930465232616 8.426768480724467e-30
24.62131065532767 9.816242643901701e-30
24.63331665832916 1.143483013253361e-29
24.64532266133067 1.332031081453651e-29
24.65732866433217 1.551669444949242e-29
24.66933466733367 1.807524801941323e-29
24.68134067033517 2.105569247362523e-29
24.69334667333667 2.452759682596033e-29
24.70535267633817 2.857200214983985e-29
24.71735867933967 3.328331338407701e-29
24.72936468234117 3.877150311461856e-29
24.74137068534267 4.51646787809743e-29
24.75337668834417 5.26120732408033e-29
24.76538269134567 6.128752851013881e-29
24.77738869434717 7.139355401081638e-29
24.78939469734867 8.316605406965699e-29
24.80140070035018 9.687983503902276e-29
24.81340670335167 1.128550206103318e-28
24.82541270635318 1.31464525095985e-28
24.83741870935468 1.531427591560087e-28
24.84942471235618 1.783957712202918e-28
24.86143071535768 2.078130613774606e-28
24.87343671835918 2.420813435498547e-28
24.88544272136068 2.820005772625016e-28
24.89744872436218 3.285026433045727e-28
24.90945472736368 3.826730993118379e-28
24.92146073036518 4.457765232095114e-28
24.93346673336668 5.192860362256969e-28
24.94547273636818 6.049176947724427e-28
24.95747873936968 7.046705541728714e-28
24.96948474237119 8.20873339643422e-28
24.98149074537269 9.562388142122499e-28
24.99349674837419 1.113927112970564e-27
25.00550275137569 1.297619522409619e-27
25.01750875437719 1.511604427480792e-27
25.02951475737869 1.760877433124577e-27
25.04152076038019 2.051257997980588e-27
25.05352676338169 2.38952530354313e-27
25.06553276638319 2.783576531168719e-27
25.07753876938469 3.242611242560995e-27
25.08954477238619 3.777346168872753e-27
25.10155077538769 4.400265423607176e-27
25.1135567783892 5.125911981651562e-27
25.12556278139069 5.971227230351993e-27
25.1375687843922 6.955946521037899e-27
25.1495747873937 8.10305995704353e-27
25.1615807903952 9.439349177585133e-27
25.1735867933967 1.099601267141041e-26
25.1855927963982 1.280939422138046e-26
25.1975987993997 1.492183148934879e-26
25.2096048024012 1.738264455610443e-26
25.2216108054027 2.024928749925945e-26
25.2336168084042 2.358868989910535e-26
25.2456228114057 2.747881959754311e-26
25.25762881440721 3.201050320178175e-26
25.2696348174087 3.728954684325371e-26
25.28164082041021 4.343920671366833e-26
25.29364682341171 5.060306706805823e-26
25.30565282641321 5.894839289981298e-26
25.31765882941471 6.867003557725285e-26
25.32966483241621 7.999498264413263e-26
25.34167083541771 9.318765802914424e-26
25.35367683841921 1.08556096433307e-25
25.36568284142071 1.264591360783431e-25
25.37768884442221 1.47314797780484e-25
25.38969484742371 1.71610046018029e-25
25.40170085042521 1.999121599343778e-25
25.41370685342671 2.328819798149027e-25
25.42571285642821 2.712893383739542e-25
25.43771885942972 3.160310372103815e-25
25.44972486243121 3.681517882277815e-25
25.46173086543272 4.288686090574251e-25
25.47373686843422 4.995992421845456e-25
25.48574287143572 5.819952614462883e-25
25.49774887443722 6.779806390367018e-25
25.50975487743872 7.897966736772943e-25
25.52176088044022 9.20054329169209e-25
25.53376688344172 1.07179520560456e-24
25.54577288644322 1.248562567121796e-24
25.55777888944472 1.454484084951798e-24
25.56978489244622 1.694368228102926e-24
25.58179089544772 1.973816552764752e-24
25.59379689844922 2.299354512815635e-24
25.60580290145073 2.678583846371012e-24
25.61780890445223 3.120360097209668e-24
25.62981490745373 3.634999416933529e-24
25.64182091045523 4.234519477562976e-24
25.65382691345673 4.932920120916416e-24
25.66583291645823 5.746510299176438e-24
25.67783891945973 6.694288942181261e-24
25.68984492246123 7.798388646450783e-24
25.70185092546273 9.084592548178189e-24
25.71385692846423 1.05829364516601e-23
25.72586293146573 1.232841027582273e-23
25.73786893446723 1.43617752011364e-23
25.74987493746874 1.673051560147478e-23
25.76188094047023 1.94899479934863e-23
25.77388694347174 2.270451290332985e-23
25.78589294647324 2.644927982284397e-23
25.79789894947474 3.081170040415472e-23
25.80990495247624 3.589365083963005e-23
25.82191095547774 4.181381112838215e-23
25.83391695847924 4.871043679896767e-23
25.84592296148074 5.674458782432544e-23
25.85792896448224 6.610389014343099e-23
25.86993496748374 7.700691764405745e-23
25.88194097048524 8.97082969529868e-23
25.89394697348675 1.045046542625142e-22
25.90595297648824 1.217415430894738e-22
25.91795897948974 1.418215147746813e-22
25.92996498249125 1.652135202218106e-22
25.94197098549274 1.924638624687633e-22
25.95397698849425 2.242089559078474e-22
25.96598299149575 2.61190190169693e-22
25.97798899449725 3.042712458454772e-22
25.98999499749875 3.544582664910271e-22
26.00200100050025 4.129233580724456e-22
26.01400700350175 4.81031964734466e-22
26.02601300650325 5.603747603152883e-22
26.03801900950475 6.528048005101535e-22
26.05002501250625 7.604808034642782e-22
26.06203101550775 8.859175697243047e-22
26.07403701850926 1.03204471924e-21
26.08604302151075 1.202275117380006e-21
26.09804902451226 1.400584588245093e-21
26.11005502751376 1.631604777216317e-21
26.12206103051526 1.900731331822609e-21
26.13406703351676 2.214249927827398e-21
26.14607303651826 2.579483084275557e-21
26.15807903951976 3.004961196847361e-21
26.17008504252126 3.500621784579252e-21
26.18209104552276 4.078041604046838e-21
26.19409704852426 4.750707052859098e-21
26.20610305152576 5.534329178718815e-21
26.21810905452726 6.447210652256668e-21
26.23011505752876 7.510673275685362e-21
26.24212106053027 8.749556013401494e-21
26.25412706353177 1.019279517802038e-20
26.26613306653327 1.187410032444579e-20
26.27813906953477 1.383274164028453e-20
26.29014507253627 1.611446722544294e-20
26.30215107553777 1.877257168793236e-20
26.31415707853927 2.186914101764525e-20
26.32616308154077 2.547650281771742e-20
26.33816908454227 2.9678915770263e-20
26.35017508754377 3.4574537801824e-20
26.36218109054527 4.027771892437163e-20
26.37418709354677 4.692167231222593e-20
26.38619309654828 5.466158601100829e-20
26.39819909954977 6.367824796812514e-20
26.41020510255128 7.418226906576873e-20
26.42221110555278 8.641900280715471e-20
26.43421710855428 1.00674276581052e-19
26.44622311155578 1.17281068388796e-19
26.45822911455728 1.366272850048325e-19
26.47023511755878 1.591648232724103e-19
26.48224112056028 1.854201262114393e-19
26.49424712356178 2.160064805360501e-19
26.50625312656328 2.51638342860852e-19
26.51825912956478 2.931480292676902e-19
26.53026513256628 3.415051581160667e-19
26.54227113556778 3.978393003001808e-19
26.55427713856928 4.634663660864235e-19
26.56628314157079 5.399193449577219e-19
26.57828914457228 6.289841165847422e-19
26.59029514757379 7.327411695144625e-19
26.60230115057529 8.536142021818374e-19
26.61430715357679 9.944267416345992e-19
26.62631315657829 1.158468102671083e-18
26.63831915957979 1.349570228302457e-18
26.65032516258129 1.572197206661936e-18
26.66233116558279 1.831549555633704e-18
26.67433716858429 2.133685711482279e-18
26.68634317158579 2.485663559689604e-18
26.69834917458729 2.895705314442431e-18
26.7103551775888 3.373389598696275e-18
26.72236118059029 3.92987521221881e-18
26.7343671835918 4.578161815331888e-18
26.7463731865933 5.333393618524114e-18
26.7583791895948 6.213213172845069e-18
26.7703851925963 7.238173526492421e-18
26.7823911955978 8.432218376611731e-18
26.7943971985993 9.823241433904963e-18
26.8064032016008 1.144373806830323e-17
26.8184092046023 1.333156445994092e-17
26.8304152076038 1.553082199134493e-17
26.8424212106053 1.809288754280735e-17
26.8544272136068 2.107761376170885e-17
26.8664332166083 2.455472734774555e-17
26.87843921960981 2.86054580223716e-17
26.89044522261131 3.33244362403934e-17
26.90245122561281 3.88219039804667e-17
26.91445722861431 4.522629026595704e-17
26.92646323161581 5.268721158913312e-17
26.93846923461731 6.137896733907442e-17
26.95047523761881 7.150461189894316e-17
26.96248124062031 8.330069855161464e-17
26.97448724362181 9.704280602888877e-17
26.98649324662331 1.130519768253565e-16
26.99849924962481 1.317022177007257e-16
27.01050525262631 1.534292376117571e-16
27.02251125562782 1.787406272267951e-16
27.03451725862931 2.082277178577237e-16
27.04652326163082 2.42579396883037e-16
27.05852926463232 2.825982024484087e-16
27.07053526763382 3.292190734857894e-16
27.08254127063532 3.83531193132967e-16
27.09454727363682 4.468034359123361e-16
27.10655327663832 5.20514013229126e-16
27.11855927963982 6.063850098429725e-16
27.13056528264132 7.06422618244537e-16
27.14257128564282 8.229640110010607e-16
27.15457728864432 9.587319462320989e-16
27.16658329164582 1.116898382063175e-15
27.17858929464732 1.301158586402704e-15
27.19059529764882 1.51581747361479e-15
27.20260130065033 1.765890185347406e-15
27.21460730365182 2.057219265597512e-15
27.22661330665333 2.396611167828684e-15
27.23861930965483 2.79199528366277e-15
27.25062531265633 3.252609208899792e-15
27.26263131565783 3.789214575675935e-15
27.27463731865933 4.414348493773214e-15
27.28664332166083 5.14261647613469e-15
27.29864932466233 5.991033692958121e-15
27.31065532766383 6.979422527988588e-15
27.32266133066533 8.13087572619385e-15
27.33466733366683 9.472295954625779e-15
27.34667333666833 1.10350243837598e-14
27.35867933966983 1.285557297668368e-14
27.37068534267134 1.497647759678233e-14
27.38269134567284 1.744729186766256e-14
27.39469734867434 2.032574500794753e-14
27.40670335167584 2.367909069509923e-14
27.41870935467734 2.758567847612999e-14
27.43071535767884 3.213678444324672e-14
27.44272136068034 3.74387439506499e-14
27.45472736368184 4.361543620644744e-14
27.46673336668334 5.081117879586453e-14
27.47873936968484 5.919409977076859e-14
27.49074537268634 6.896006609981956e-14
27.50275137568784 8.033726027406755e-14
27.51475737868935 9.359151200834686e-14
27.52676338169085 1.090325096232782e-13
27.53876938469235 1.270210362484023e-13
27.55077538769385 1.479773999342794e-13
27.56278139069535 1.723912546598967e-13
27.57478739369685 2.008330417233758e-13
27.58679339669835 2.339673188682619e-13
27.59879939969985 2.725682886094314e-13
27.61080540270135 3.17537888612701e-13
27.62281140570285 3.69926866851445e-13
27.63481740870435 4.30959334011003e-13
27.64682341170585 5.020613668672584e-13
27.65882941470736 5.848943310283343e-13
27.67083541770885 6.813937017100134e-13
27.68284142071035 7.938142896933817e-13
27.69484742371186 9.247829292896891e-13
27.70685342671336 1.077359859510272e-12
27.71885942971486 1.255110232783499e-12
27.73086543271636 1.4621874222233e-12
27.74287143571786 1.703430074165571e-12
27.75487743871936 1.984475173892589e-12
27.76688344172086 2.311889766667907e-12
27.77888944472236 2.693324412149726e-12
27.79089544772386 3.13769195812717e-12
27.80290145072536 3.655375811199924e-12
27.81490745372686 4.258472571324438e-12
27.82691345672836 4.961074700187798e-12
27.83891945972987 5.779599828910063e-12
27.85092546273136 6.733174400480423e-12
27.86293146573287 7.8440806120724e-12
27.87493746873437 9.138277101631915e-12
27.88694347173587 1.064600554645885e-11
27.89894947473737 1.240249734918122e-11
27.91095547773887 1.444879692547043e-11
27.92296148074037 1.6832720832727e-11
27.93496748374187 1.960997515345834e-11
27.94697348674337 2.284545724536211e-11
27.95897948974487 2.661477227864808e-11
27.97098549274637 3.100600000056992e-11
27.98299149574787 3.612175301479896e-11
27.99499749874937 4.20815746758167e-11
28.00700350175088 4.902473263514141e-11
28.01900950475238 5.711347332241707e-11
28.03101550775388 6.653681341626842e-11
28.04302151075538 7.751495690910413e-11
28.05502751375688 9.030444099001504e-11
28.06703351675838 1.052041310022383e-10
28.07903951975988 1.225622045743984e-10
28.09104552276138 1.42784288141624e-10
28.10305152576288 1.663429360039336e-10
28.11505752876438 1.937886734443871e-10
28.12706353176588 2.257628619816626e-10
28.13906953476738 2.630126874152083e-10
28.15107553776889 3.064086209311234e-10
28.16308154077038 3.569647613328958e-10
28.17508754377189 4.158625337937855e-10
28.18709354677339 4.844782989706428e-10
28.19909954977489 5.644155177055631e-10
28.21110555277639 6.575422230078211e-10
28.22311155577789 7.660346750422171e-10
28.23511755877939 8.924282193501225e-10
28.24712356178089 1.039676536873273e-09
28.25912956478239 1.211220670472131e-09
28.27113556778389 1.411069441114047e-09
28.28314157078539 1.643893133091465e-09
28.29514757378689 1.915132637738148e-09
28.30715357678839 2.231126606389536e-09
28.31915957978989 2.599259584225467e-09
28.3311655827914 3.028134586976568e-09
28.34317158579289 3.527774153729653e-09
28.3551775887944 4.10985457458375e-09
28.3671835917959 4.787978767240986e-09
28.3791895947974 5.577994179886568e-09
28.3911955977989 6.498363150030394e-09
28.4032016008004 7.570594374944112e-09
28.4152076038019 8.81974557758481e-09
28.4272136068034 1.027500911583096e-08
28.4392196098049 1.197039422135739e-08
28.4512256128064 1.394552181285069e-08
28.4632316158079 1.624655045929716e-08
28.47523761880941 1.892725513425532e-08
28.4872436218109 2.205028397299452e-08
28.49924962481241 2.568862240460012e-08
28.51125562781391 2.992729887785068e-08
28.52326163081541 3.486537204613913e-08
28.53526763381691 4.061824585491245e-08
28.54727363681841 4.732036663878889e-08
28.55927963981991 5.512836526379912e-08
28.57128564282141 6.42247177517638e-08
28.58329164582291 7.482200994177633e-08
28.59529764882441 8.71679058613337e-08
28.60730365182591 1.015509359268167e-07
28.61930965482741 1.183072402541763e-07
28.63131565782891 1.378284246836865e-07
28.64332166083042 1.605707131292237e-07
28.65532766383192 1.870656101605798e-07
28.66733366683342 2.179323230249605e-07
28.67933966983492 2.538922334360738e-07
28.69134567283642 2.957857573672229e-07
28.70335167583792 3.445919868983407e-07
28.71535767883942 4.0145157319047e-07
28.72736368184092 4.676933854146082e-07
28.73936968484242 5.448655687156959e-07
28.75137568784392 6.347717271096089e-07
28.76338169084542 7.395130769944773e-07
28.77538769384692 8.615375565072476e-07
28.78739369684843 1.003697038533851e-06
28.79939969984992 1.169313984586633e-06
28.81140570285143 1.362259097422897e-06
28.82341170585293 1.587041787351071e-06
28.83541770885443 1.848915566664874e-06
28.84742371185593 2.154000835561127e-06
28.85942971485743 2.509427929388916e-06
28.87143571785893 2.923503770647929e-06
28.88344172086043 3.405906020870986e-06
28.89544772386193 3.967909270285728e-06
28.90745372686343 4.622648551976934e-06
28.91945972986493 5.385426339666836e-06
28.93146573286643 6.274070204587372e-06
28.94347173586793 7.309349490991863e-06
28.95547773886943 8.515460749320413e-06
28.96748374187094 9.920593273137246e-06
28.97948974487243 1.15575879582635e-05
28.99149574787394 1.346470488379926e-05
29.00350175087544 1.568651755594897e-05
29.01550775387694 1.827495471613376e-05
29.02751375687844 2.129051406399333e-05
29.03951975987994 2.480367626417009e-05
29.05152576288144 2.889655228715274e-05
29.06353176588294 3.366480258836064e-05
29.07553776888444 3.921987298355521e-05
29.08754377188594 4.569159948108867e-05
29.09954977488744 5.323124295547216e-05
29.11155577788895 6.201502459384403e-05
29.12356178089044 7.224824475199301e-05
29.13556778389195 8.417008149323859e-05
29.14757378689345 9.805918097044709e-05
29.15957978989495 0.0001142401703201142
29.17158579289645 0.000133091245300412
29.18359179589795 0.0001550530100264066
29.19559779889945 0.0001806387754225064
29.20760380190095 0.0002104465571087072
29.21960980490245 0.0002451730531603641
29.23161580790395 0.0002856299284595566
29.24362181090545 0.0003327627862713873
29.25562781390695 0.0003876732704910241
29.26763381690845 0.000451644815185206
29.27963981990996 0.0005261726433058259
29.29164582291146 0.0006129987157758863
29.30365182591296 0.0007141524478612882
29.31565782891446 0.0008319981445503671
29.32766383191596 0.0009692902637180046
29.33966983491746 0.001129237798823734
29.35167583791896 0.001315579286060528
29.36368184092046 0.001532670189215803
29.37568784392196 0.001785584704833712
29.38769384692346 0.002080234367341171
29.39969984992496 0.002423506226498567
29.41170585292646 0.002823423827039167
29.42371185592796 0.00328933475336328
29.43571785892946 0.003832129123113524
29.44772386193096 0.004464494136891252
29.45972986493247 0.005201210634192196
29.47173586793397 0.006059498587543021
29.48374187093547 0.007059419610762483
29.49574787393697 0.008224345889991665
29.50775387693847 0.009581506498790892
29.51975987993997 0.01116262386748075
29.53176588294147 0.01300465528429527
29.54377188594297 0.01515065676107924
29.55577788894447 0.01765078945658997
29.56778389194597 0.02056349218282005
29.57978989494747 0.02395684740203902
29.59179589794897 0.02791017264520974
29.60380190095048 0.03251587455180028
29.61580790395197 0.03788160886996022
29.62781390695348 0.04413279690806686
29.63981990995498 0.05141555726095952
29.65182591295648 0.05990012134154674
29.66383191595798 0.06978481255781332
29.67583791895948 0.08130068215094295
29.68784392196098 0.09471691006030684
29.69984992496248 0.1103470970642763
29.71185592796398 0.1285565952802453
29.72386193096548 0.1497710483799282
29.73586793396698 0.1744863411543435
29.74787393696849 0.20328019100795
29.75987993996998 0.2368256523433121
29.77188594297149 0.2759068495136749
29.78389194597299 0.3214373061162329
29.79589794897449 0.3744812990914957
29.80790395197599 0.4362787368027887
29.81990995497749 0.5082741426474982
29.83191595797899 0.5921504217239203
29.84392196098049 0.689868199888
29.85592796398199 0.8037116547966516
29.86793396698349 0.9363419102938302
29.87993996998499 1.090859242299776
29.89194597298649 1.270875550345985
29.90395197598799 1.480598788873746
29.9159579789895 1.724931331992374
29.927963981991 2.009584571110359
29.9399699849925 2.341212424322752
29.951975987994 2.727566878532197
29.9639819909955 3.177679200334004
29.975987993997 3.702071051747931
29.9879939969985 4.313000445958582
30 5.024748292674931
