6 0
6.012006003001501 2.021941863352035e-117
6.024012006003002 5.450408313803419e-117
6.036018009004502 1.258680135854518e-116
6.048024012006003 2.808730467427327e-116
6.060030015007504 6.181501688640061e-116
6.072036018009005 1.347146617795278e-115
6.084042021010506 2.909715466622489e-115
6.096048024012006 6.230228483649388e-115
6.108054027013507 1.322579351762143e-114
6.120060030015008 2.783802448808043e-114
6.132066033016509 5.810131147150789e-114
6.144072036018009 1.202528945352561e-113
6.156078039019509 2.46830123837524e-113
6.16808404202101 5.024866539596842e-113
6.180090045022511 1.014624119144859e-112
6.192096048024012 2.032218711263277e-112
6.204102051025512 4.037852505407409e-112
6.216108054027013 7.959304421701134e-112
6.228114057028514 1.556589662095032e-111
6.240120060030015 3.020487282993358e-111
6.252126063031516 5.815847128137995e-111
6.264132066033016 1.111248233333839e-110
6.276138069034517 2.107172611646227e-110
6.288144072036018 3.965597516077117e-110
6.300150075037519 7.407385951302907e-110
6.31215607803902 1.373400559577715e-109
6.32416208104052 2.527744772993608e-109
6.336168084042021 4.618496112900994e-109
6.348174087043522 8.377735934448588e-109
6.360180090045023 1.508824039501506e-108
6.372186093046524 2.698132294566941e-108
6.384192096048024 4.791011721764739e-108
6.396198099049525 8.448059428654699e-108
6.408204102051026 1.4793759756074e-107
6.420210105052527 2.572870539198332e-107
6.432216108054027 4.44427301347157e-107
6.444222111055527 7.62521965009137e-107
6.456228114057028 1.299564937673442e-106
6.468234117058529 2.200201902105257e-106
6.48024012006003 3.700587626962306e-106
6.49224612306153 6.183678455276054e-106
6.504252126063031 1.026633327979666e-105
6.516258129064532 1.693557862685644e-105
6.528264132066033 2.776033295391613e-105
6.540270135067534 4.521814552223316e-105
6.552276138069034 7.319603055907692e-105
6.564282141070535 1.177530179766754e-104
6.576288144072036 1.882734562351848e-104
6.588294147073537 2.991997611312812e-104
6.600300150075038 4.726186195840952e-104
6.612306153076538 7.420957800450097e-104
6.624312156078039 1.158325274572558e-103
6.63631815907954 1.797397784508999e-103
6.648324162081041 2.77282467191494e-103
6.660330165082541 4.252911778799634e-103
6.672336168084042 6.48570354184785e-103
6.684342171085543 9.834569369180187e-103
6.696348174087044 1.482865292705448e-102
6.708354177088545 2.223394347367894e-102
6.720360180090045 3.315277379071251e-102
6.732366183091546 4.916224855356321e-102
6.744372186093047 7.250564270901387e-102
6.756378189094547 1.063554061045931e-101
6.768384192096048 1.551723414384998e-101
6.780390195097548 2.251931163745405e-101
6.792396198099049 3.250879185039771e-101
6.80440220110055 4.668422232955392e-101
6.816408204102051 6.669318530021828e-101
6.828414207103552 9.478793674648397e-101
6.840420210105052 1.340303030461986e-100
6.852426213106553 1.885597893684054e-100
6.864432216108054 2.639422752282666e-100
6.876438219109555 3.676207714051093e-100
6.888444222111056 5.094945771560819e-100
6.900450225112556 7.026588940939757e-100
6.912456228114057 9.643436039151783e-100
6.924462231115558 1.317097569985794e-99
6.936468234117059 1.790273526786985e-99
6.948474237118559 2.421878397539499e-99
6.96048024012006 3.260864711452356e-99
6.972486243121561 4.369950610865231e-99
6.984492246123062 5.829068614651494e-99
6.996498249124563 7.739556631473031e-99
7.008504252126063 1.022921839729475e-98
7.020510255127563 1.34583941451471e-98
7.032516258129064 1.762719538240061e-98
7.044522261130565 2.29840695047631e-98
7.056528264132066 2.983586983401073e-98
7.068534267133566 3.855961360344236e-98
7.080540270135067 4.96161133693464e-98
7.092546273136568 6.356566510375542e-98
7.104552276138069 8.10859675185444e-98
7.11655827913957 1.029924305834918e-97
7.12856428214107 1.302610052853597e-97
7.140570285142571 1.640536299745312e-97
7.152576288144072 2.057463397620263e-97
7.164582291145573 2.56960023074472e-97
7.176588294147074 3.195937325850215e-97
7.188594297148574 3.958603655086399e-97
7.200600300150075 4.883244203028263e-97
7.212606303151576 5.999414132182639e-97
7.224612306153077 7.34098399582882e-97
7.236618309154577 8.946548925387855e-97
7.248624312156078 1.085983308278191e-96
7.260630315157579 1.313007894661108e-96
7.27263631815908 1.581240923197685e-96
7.284642321160581 1.896814747615836e-96
7.296648324162081 2.266508161144979e-96
7.308654327163582 2.697765325799823e-96
7.320660330165083 3.198705407593004e-96
7.332666333166584 3.778120939574257e-96
7.344672336168085 4.445462858224715e-96
7.356678339169584 5.210810126455219e-96
7.368684342171085 6.084821876888028e-96
7.380690345172586 7.078670089880207e-96
7.392696348174087 8.2039509696617e-96
7.404702351175588 9.472573404735472e-96
7.416708354177088 1.089662320018303e-95
7.428714357178589 1.248820215267754e-95
7.44072036018009 1.425924150411247e-95
7.452726363181591 1.622128985507778e-95
7.464732366183092 1.838527624007133e-95
7.476738369184592 2.076124975448576e-95
7.488744372186093 2.335809786841705e-95
7.500750375187594 2.618324634979869e-95
7.512756378189095 2.924234453229411e-95
7.524762381190595 3.253894048252667e-95
7.536768384192096 3.607415142302374e-95
7.548774387193597 3.984633552887389e-95
7.560780390195098 4.385077191091636e-95
7.572786393196599 4.807935619994997e-95
7.584792396198099 5.252031962937914e-95
7.596798399199599 5.715797985169183e-95
7.6088044022011 6.197253189442438e-95
7.620810405202601 6.693988764206823e-95
7.632816408204102 7.203157200617e-95
7.644822411205602 7.721468350167812e-95
7.656828414207103 8.245192627833594e-95
7.668834417208604 8.770171975834434e-95
7.680840420210105 9.291839091065343e-95
7.692846423211606 9.805245286031786e-95
7.704852426213106 1.030509720051036e-94
7.716858429214607 1.078580241163832e-94
7.728864432216108 1.124152380696513e-94
7.740870435217609 1.166624239158234e-94
7.75287643821911 1.205382800124292e-94
7.76488244122061 1.239811719286462e-94
7.776888444222111 1.269299738691849e-94
7.788894447223612 1.293249614801557e-94
7.800900450225113 1.311087431551149e-94
7.812906453226613 1.322272154033707e-94
7.824912456228114 1.326305265214279e-94
7.836918459229615 1.322740317643856e-94
7.848924462231116 1.311192224872752e-94
7.860930465232617 1.291346113460326e-94
7.872936468234117 1.262965556375487e-94
7.884942471235618 1.225900012343751e-94
7.896948474237119 1.180091303355611e-94
7.90895447723862 1.125578974067788e-94
7.920960480240121 1.062504392081644e-94
7.932966483241621 9.911134668109981e-95
7.944972486243121 9.117578865354008e-95
7.956978489244622 8.248947978589697e-95
7.968984492246123 7.310848786739945e-95
7.980990495247624 6.30988784290742e-95
7.992996498249124 5.253619760655817e-95
8.005002501250626 4.150479719705408e-95
8.017008504252125 3.009700884646326e-95
8.029014507253628 1.841217720780685e-95
8.041020510255127 6.555564667199784e-96
8.053026513256629 -5.362857223231435e-96
8.065032516258128 -1.722971219067907e-95
8.077038519259631 -2.892960019354777e-95
8.08904452226113 -4.034653391276717e-95
8.101050525262632 -5.136540861598883e-95
8.113056528264131 -6.187348245053918e-95
8.125062531265632 -7.176184388048516e-95
8.137068534267133 -8.092684308649404e-95
8.149074537268634 -8.927146468922612e-95
8.161080540270135 -9.670662012447254e-95
8.173086543271635 -1.031523393681189e-94
8.185092546273136 -1.085388434488908e-94
8.197098549274637 -1.128074812584767e-94
8.209104552276138 -1.159115165248466e-94
8.221110555277638 -1.17816753405777e-94
8.233116558279139 -1.1850199192912e-94
8.24512256128064 -1.17959307397367e-94
8.257128564282141 -1.161941508270502e-94
8.269134567283642 -1.132252704500791e-94
8.281140570285142 -1.090844572061325e-94
8.293146573286643 -1.038161199487727e-94
8.305152576288144 -9.747669872193758e-95
8.317158579289645 -9.01339268918357e-95
8.329164582291146 -8.186595510200023e-95
8.341170585292646 -7.276035192249092e-95
8.353176588294147 -6.291299766112482e-95
8.365182591295648 -5.242688907478328e-95
8.377188594297149 -4.141087365066014e-95
8.389194597298649 -2.997833271492098e-95
8.40120060030015 -1.824583287154204e-95
8.413206603301651 -6.331765185789713e-96
8.425212606303152 5.645008880711535e-96
8.437218609304653 1.756648648271689e-95
8.449224612306153 2.93168100314383e-95
8.461230615307654 4.078349536619992e-95
8.473236618309155 5.185858679877103e-95
8.485242621310656 6.243972598550536e-95
8.497248624312157 7.243112333730756e-95
8.509254627313657 8.1744422535574e-95
8.521260630315158 9.029945064717425e-95
8.533266633316659 9.802484828579942e-95
8.54527263631816 1.048585762167131e-94
8.55727863931966 1.107482967136609e-94
8.569284642321161 1.156516298200945e-94
8.58129064532266 1.195362864153062e-94
8.593296648324163 1.223800816149412e-94
8.605302651325662 1.241708335250067e-94
8.617308654327164 1.249061537021888e-94
8.629314657328663 1.245931368381907e-94
8.641320660330166 1.232479581734397e-94
8.653326663331665 1.208953879505069e-94
8.665332666333168 1.17568232838136e-94
8.677338669334667 1.133067146948589e-94
8.689344672336169 1.081577973017788e-94
8.701350675337668 1.021744717839338e-94
8.713356678339169 9.541501136918969e-95
8.72536268134067 8.794220591483084e-95
8.737368684342171 7.982258627788193e-95
8.749374687343671 7.112564813104158e-95
8.761380690345172 6.192308424766602e-95
8.773386693346673 5.228803361231927e-95
8.785392696348174 4.229435497511916e-95
8.797398699349674 3.201593167444919e-95
8.809404702351175 2.152601371984124e-95
8.821410705352676 1.089660227022473e-95
8.833416708354177 1.978807769669591e-97
8.845422711355678 -1.050230380034254e-95
8.857428714357178 -2.113890714217073e-95
8.869434717358679 -3.165009933517579e-95
8.88144072036018 -4.197762128947216e-95
8.893446723361681 -5.206708557398964e-95
8.905452726363182 -6.186822211782199e-95
8.917458729364682 -7.133506984833001e-95
8.929464732366183 -8.042611589718081e-95
8.941470735367684 -8.910438450103646e-95
8.953476738369185 -9.733747815233975e-95
8.965482741370685 -1.050975739176185e-94
8.977488744372186 -1.123613781360542e-94
8.989494747373687 -1.191100429420012e-94
9.001500750375188 -1.253290482234258e-94
9.013506753376689 -1.310080527376691e-94
9.025512756378189 -1.361407181596833e-94
9.03751875937969 -1.407245098404719e-94
9.049524762381191 -1.447604780094058e-94
9.061530765382692 -1.48253023067987e-94
9.073536768384193 -1.512096484998429e-94
9.085542771385693 -1.53640704766606e-94
9.097548774387194 -1.555591273777349e-94
9.109554777388695 -1.569801721184216e-94
9.121560780390196 -1.579211501985336e-94
9.133566783391696 -1.584011658514565e-94
9.145572786393197 -1.584408586693144e-94
9.157578789394698 -1.580621527135924e-94
9.169584792396197 -1.572880141920928e-94
9.1815907953977 -1.561422192468989e-94
9.193596798399199 -1.546491331571778e-94
9.205602801400701 -1.52833502027282e-94
9.2176088044022 -1.507202578069527e-94
9.229614807403703 -1.483343372786154e-94
9.241620810405202 -1.457005154476388e-94
9.253626813406704 -1.428432535869611e-94
9.265632816408203 -1.397865620175977e-94
9.277638819409706 -1.365538775524624e-94
9.289644822411205 -1.331679553926763e-94
9.301650825412706 -1.296507751430598e-94
9.313656828414207 -1.26023460506741e-94
9.325662831415707 -1.223062121275468e-94
9.337668834417208 -1.185182529721456e-94
9.349674837418709 -1.146777855816747e-94
9.36168084042021 -1.108019604734394e-94
9.37368684342171 -1.069068549370953e-94
9.385692846423211 -1.030074614447745e-94
9.397698849424712 -9.911768488070056e-95
9.409704852426213 -9.525034779143437e-95
9.421710855427714 -9.141720286229872e-95
9.433716858429214 -8.76289518375709e-95
9.445722861430715 -8.389527012092999e-95
9.457728864432216 -8.022483631723305e-95
9.469734867433717 -7.662536600623399e-95
9.481740870435218 -7.310364907239036e-95
9.493746873436718 -6.966558995164834e-95
9.505752876438219 -6.631625019529022e-95
9.51775887943972 -6.305989279186107e-95
9.529764882441221 -5.990002773023319e-95
9.541770885442721 -5.683945832943093e-95
9.553776888444222 -5.388032790341636e-95
9.565782891445723 -5.1024166371155e-95
9.577788894447224 -4.82719364635705e-95
9.589794897448725 -4.562407921907082e-95
9.601800900450225 -4.308055849796381e-95
9.613806903451726 -4.064090428299449e-95
9.625812906453227 -3.830425456821482e-95
9.637818909454728 -3.606939567140323e-95
9.649824912456229 -3.39348008360503e-95
9.661830915457729 -3.189866701755553e-95
9.67383691845923 -2.995894977463296e-95
9.685842921460731 -2.811339621104517e-95
9.697848924462232 -2.635957593466657e-95
9.709854927463732 -2.46949100205804e-95
9.721860930465233 -2.311669798247293e-95
9.733866933466732 -2.16221427721201e-95
9.745872936468235 -2.020837384032103e-95
9.757878939469734 -1.887246830433343e-95
9.769884942471236 -1.761147027682175e-95
9.781890945472735 -1.642240841964521e-95
9.793896948474238 -1.530231179260018e-95
9.805902951475737 -1.424822407262346e-95
9.81790895447724 -1.325721622306755e-95
9.829914957478739 -1.232639769558834e-95
9.841920960480241 -1.145292624907193e-95
9.85392696348174 -1.063401647096101e-95
9.865932966483243 -9.866947086440147e-96
9.877938969484742 -9.149067140305634e-96
9.889944972486242 -8.477801135068584e-96
9.901950975487743 -7.850653207020966e-96
9.913956978489244 -7.265210419704599e-96
9.925962981490745 -6.719145251552967e-96
9.937968984492246 -6.210217351492129e-96
9.949974987493746 -5.736274633054387e-96
9.961980990495247 -5.295253774141764e-96
9.973986993496748 -4.885180186025158e-96
9.985992996498249 -4.504167511530882e-96
9.99799899949975 -4.15041670869097e-96
10.01000500250125 -3.822214772454517e-96
10.02201100550275 -3.517933143408062e-96
10.03401700850425 -3.236025848861912e-96
10.04602301150575 -2.975027418150341e-96
10.05802901450725 -2.73355061058571e-96
10.07003501750875 -2.510283991219041e-96
10.08204102051026 -2.303989386402375e-96
10.09404702351176 -2.113499248133625e-96
10.10605302651326 -1.937713953298981e-96
10.11805902951476 -1.775599061218503e-96
10.13006503251626 -1.626182550345682e-96
10.14207103551776 -1.488552052578291e-96
10.15407703851926 -1.361852101400662e-96
10.16608304152076 -1.245281407996985e-96
10.17808904452226 -1.13809017754739e-96
10.19009504752376 -1.039577476139402e-96
10.20210105052526 -9.490886570918533e-97
10.21410705352676 -8.660128539907565e-97
10.22611305652826 -7.897805463709614e-97
10.23811905952977 -7.198612027365409e-97
10.25012506253126 -6.557610044906136e-97
10.26213106553277 -5.970206533339568e-97
10.27413706853427 -5.432132637843992e-97
10.28614307153577 -4.939423416583473e-97
10.29814907453727 -4.488398486345915e-97
10.31015507753877 -4.07564352381836e-97
10.32216108054027 -3.697992611679553e-97
10.33416708354177 -3.352511413740508e-97
10.34617308654327 -3.036481159034424e-97
10.35817908954477 -2.747383410980687e-97
10.37018509254627 -2.482885594462184e-97
10.38219109554777 -2.240827250801059e-97
10.39419709854927 -2.019206988134877e-97
10.40620310155078 -1.816170092527807e-97
10.41820910455228 -1.629996763243942e-97
10.43021510755378 -1.459090933909704e-97
10.44222111055528 -1.301969639746961e-97
10.45422711355678 -1.157252889617485e-97
10.46623311655828 -1.023654000232136e-97
10.47823911955978 -8.999703484959102e-98
10.49024512256128 -7.850744965318461e-98
10.50225112556278 -6.779056424033963e-98
10.51425712856428 -5.774613478847067e-98
10.52626313156578 -4.827894927587166e-98
10.53826913456728 -3.929804029990348e-98
10.55027513756878 -3.071590977555756e-98
10.56228114057028 -2.244775972546681e-98
10.57428714357179 -1.441072304759342e-98
10.58629314657329 -6.523087770970722e-99
10.59829914957479 1.296492124732175e-99
10.61030515257629 9.129806751898219e-99
10.62231115557779 1.705992922442634e-98
10.63431715857929 2.517209210390964e-98
10.64632316158079 3.355461081639331e-98
10.65832916458229 4.229986434890055e-98
10.67033516758379 5.15053445360579e-98
10.68234117058529 6.127478639030141e-98
10.69434717358679 7.171939323250323e-98
10.70635317658829 8.295917186391284e-98
10.7183591795898 9.512439470814054e-98
10.7303651825913 1.083572077696076e-97
10.7423711855928 1.228134054318404e-97
10.7543771885943 1.386643955884586e-97
10.7663831915958 1.560993813992838e-97
10.7783891945973 1.753277891361476e-97
10.7903951975988 1.965819751758256e-97
10.8024012006003 2.201202492654137e-97
10.8144072036018 2.462302557900423e-97
10.8264132066033 2.752327599837207e-97
10.8384192096048 3.074858919203003e-97
10.8504252126063 3.43389907792407e-97
10.8624312156078 3.833925355329248e-97
10.87443721860931 4.279949803709326e-97
10.8864432216108 4.777586755717531e-97
10.89844922461231 5.333128745362323e-97
10.91045522761381 5.953631927942319e-97
10.92246123061531 6.647012224107033e-97
10.93446723361681 7.422153571438006e-97
10.94647323661831 8.289029845961979e-97
10.95847923961981 9.258842218583427e-97
10.97048524262131 1.034417394068152e-96
10.98249124562281 1.155916481259349e-96
10.99449724862431 1.291970788241979e-96
11.00650325162581 1.44436712550878e-96
11.01850925462731 1.615114826806391e-96
11.03051525762881 1.806473971637069e-96
11.04252126063032 2.02098722922902e-96
11.05452726363182 2.261515795186118e-96
11.06653326663332 2.531279953956737e-96
11.07853926963482 2.833904870417702e-96
11.09054527263632 3.173472293356337e-96
11.10255127563782 3.554578943702297e-96
11.11455727863932 3.982402462432679e-96
11.12656328164082 4.462775908762764e-96
11.13856928464232 5.002271930372511e-96
11.15057528764382 5.60829787608643e-96
11.16258129064532 6.289203289985824e-96
11.17458729364682 7.054401417071608e-96
11.18659329664832 7.914506567363505e-96
11.19859929964982 8.881489431182211e-96
11.21060530265133 9.96885271725283e-96
11.22261130565283 1.11918298016646e-95
11.23461730865433 1.256760943470904e-95
11.24662331165583 1.411558995997685e-95
11.25862931465733 1.585766696239138e-95
11.27063531765883 1.781855878656517e-95
11.28264132066033 2.002617496247643e-95
11.29464732366183 2.25120332516325e-95
11.30665332666333 2.53117317945957e-95
11.31865932966483 2.846548371248693e-95
11.33066533266633 3.20187225050535e-95
11.34267133566783 3.602278771225203e-95
11.35467733866933 4.05357015834364e-95
11.36668334167084 4.562304894906539e-95
11.37868934467234 5.135897413815542e-95
11.39069534767384 5.782731065757561e-95
11.40270135067534 6.512286147753728e-95
11.41470735367684 7.335285018633533e-95
11.42671335667834 8.26385660264871e-95
11.43871935967984 9.311722894932664e-95
11.45072536268134 1.049441043775906e-94
11.46273136568284 1.18294901404491e-94
11.47473736868434 1.333684927502795e-94
11.48674337168584 1.503900000197666e-94
11.49874937468734 1.696142937436486e-94
11.51075537768885 1.913299644419075e-94
11.52276138069034 2.158638286318514e-94
11.53476738369185 2.435860424450991e-94
11.54677338669335 2.749159054635023e-94
11.55877938969485 3.103284487004551e-94
11.57078539269635 3.503619135315041e-94
11.58279139569785 3.956262430332535e-94
11.59479739869935 4.468127238692597e-94
11.60680340170085 5.04704935847363e-94
11.61880940470235 5.701911878855177e-94
11.63081540770385 6.442786437283563e-94
11.64282141070535 7.281093687713489e-94
11.65482741370685 8.229785612487998e-94
11.66683341670835 9.303552673679936e-94
11.67883941970986 1.051905921342495e-93
11.69084542271136 1.189521098397649e-93
11.70285142571286 1.34534592249437e-93
11.71485742871436 1.521814631659951e-93
11.72686343171586 1.721689873472466e-93
11.73886943471736 1.948107382610895e-93
11.75087543771886 2.204626782817135e-93
11.76288144072036 2.495289358670627e-93
11.77488744372186 2.82468376002269e-93
11.78689344672336 3.198020735796614e-93
11.79889944972486 3.62121814643735e-93
11.81090545272636 4.100997678222929e-93
11.82291145572786 4.644994880932489e-93
11.83491745872936 5.261884376431113e-93
11.84692346173087 5.961522343493175e-93
11.85892946473237 6.75510867811092e-93
11.87093546773387 7.655371563723328e-93
11.88294147073537 8.676777568075048e-93
11.89494747373687 9.835770819424568e-93
11.90695347673837 1.115104531215597e-92
11.91895947973987 1.264385495917936e-92
11.93096548274137 1.433836665573094e-92
11.94297148574287 1.626206235761213e-92
11.95497748874437 1.844619701945277e-92
11.96698349174587 2.092632019999748e-92
11.97898949474737 2.37428702385486e-92
11.99099549774887 2.694185115880399e-92
12.00300150075038 3.057560388539659e-92
12.01500750375187 3.470368498960497e-92
12.02701350675338 3.939386804267038e-92
12.03901950975488 4.472328478073665e-92
12.05102551275638 5.077972571211831e-92
12.06303151575788 5.766312256824696e-92
12.07503751875938 6.548723816321886e-92
12.08704352176088 7.438159283934113e-92
12.09904952476238 8.449366080143235e-92
12.11105552776388 9.599137435400935e-92
12.12306153076538 1.090659794364974e-91
12.13506753376688 1.239352919978243e-91
12.14707353676839 1.408474117724789e-91
12.15907953976988 1.600849580402983e-91
12.17108554277139 1.819699011147697e-91
12.18309154577289 2.068690737728809e-91
12.19509754877439 2.352004588003906e-91
12.20710355177589 2.674403624934878e-91
12.21910955477739 3.041315995755916e-91
12.23111555777889 3.458928328360384e-91
12.24312156078039 3.934292311953811e-91
12.25512756378189 4.47544633215758e-91
12.26713356678339 5.091554297227017e-91
12.27913956978489 5.793064096655791e-91
12.29114557278639 6.591888481652641e-91
12.30315157578789 7.501611555062893e-91
12.31515757878939 8.537724513436398e-91
12.3271635817909 9.717894804320288e-91
12.3391695847924 1.106227345686838e-90
12.3511755877939 1.259384602425445e-90
12.3631815907954 1.433883335445127e-90
12.3751875937969 1.632714929576594e-90
12.3871935967984 1.859292346121486e-90
12.3991995997999 2.117509833981814e-90
12.4112056028014 2.411811137430157e-90
12.4232116058029 2.747267414768005e-90
12.4352176088044 3.129666256342058e-90
12.4472236118059 3.565613389701955e-90
12.4592296148074 4.062648887713792e-90
12.4712356178089 4.629379956343821e-90
12.48324162081041 5.275632677350238e-90
12.49524762381191 6.012625422711683e-90
12.50725362681341 6.853167048513374e-90
12.51925962981491 7.811883423345131e-90
12.53126563281641 8.905476358216582e-90
12.54327163581791 1.015301959092834e-89
12.55527763881941 1.157629714848052e-89
12.56728364182091 1.320019017873708e-89
12.57928964482241 1.505311922127104e-89
12.59129564782391 1.716754989321167e-89
12.60330165082541 1.958057111747113e-89
12.61530765382691 2.233455633910182e-89
12.62731365682841 2.547791968496909e-89
12.63931965982992 2.9065980750191e-89
12.65132566283141 3.316195367372127e-89
12.66333166583292 3.783807843149726e-89
12.67533766883442 4.31769148705281e-89
12.68734367183592 4.92728229790401e-89
12.69934967483742 5.623365629120204e-89
12.71135567783892 6.418269922290823e-89
12.72336168084042 7.326088359967717e-89
12.73536768384192 8.362932475153555e-89
12.74737368684342 9.547222340748404e-89
12.75937968984492 1.090001863323134e-88
12.77138569284642 1.244540263355599e-88
12.78339169584793 1.421091110888722e-88
12.79539769884942 1.62280340277483e-88
12.80740370185093 1.853278421712729e-88
12.81940970485243 2.116634939459422e-88
12.83141570785393 2.417583852614319e-88
12.84342171085543 2.761513619954171e-88
12.85542771385693 3.154588069583145e-88
12.86743371685843 3.603858372541527e-88
12.87943971985993 4.117391241247225e-88
12.89144572286143 4.704415711109673e-88
12.90345172586293 5.37549120745622e-88
12.91545772886443 6.142699993969122e-88
12.92746373186593 7.019867550512251e-88
12.93946973486743 8.022814945978982e-88
12.95147573786893 9.169647865305122e-88
12.96348174087044 1.048108763017741e-87
12.97548774387194 1.198085033297674e-87
12.98749374687344 1.369608109774833e-87
12.99949974987494 1.565785150726409e-87
13.01150575287644 1.790172941077648e-87
13.02351175587794 2.046843167493635e-87
13.03551775887944 2.340457198588373e-87
13.04752376188094 2.676351758277891e-87
13.05952976488244 3.060637083535807e-87
13.07153576788394 3.50030939087246e-87
13.08354177088544 4.003379743141398e-87
13.09554777388694 4.579021714815691e-87
13.10755377688844 5.23774060545019e-87
13.11955977988995 5.991567354285974e-87
13.13156578289145 6.854280771469853e-87
13.14357178589295 7.841662231888207e-87
13.15557778889445 8.971787586173692e-87
13.16758379189595 1.026536174153822e-86
13.17958979489745 1.174610216591875e-86
13.19159579789895 1.344117848764631e-86
13.20360180090045 1.538171641685698e-86
13.21560780390195 1.760337542411882e-86
13.22761380690345 2.014701099916827e-86
13.23961980990495 2.305943390453805e-86
13.25162581290645 2.639428066541319e-86
13.26363181590795 3.02130116329387e-86
13.27563781890946 3.458605536321852e-86
13.28764382191095 3.959412081407867e-86
13.29964982491246 4.532970202877453e-86
13.31165582791396 5.189880361042524e-86
13.32366183091546 5.942291946220777e-86
13.33566783391696 6.80413020556294e-86
13.34767383691846 7.791356498368844e-86
13.35967983991996 8.922266786210208e-86
13.37168584292146 1.021783398802344e-85
13.38369184592296 1.170210066119245e-85
13.39569784892446 1.340262942336087e-85
13.40770385192596 1.535101962449779e-85
13.41970985492746 1.758350003549753e-85
13.43171585792896 2.014160876232913e-85
13.44372186093047 2.307297325104094e-85
13.45572786393197 2.643220515043822e-85
13.46773386693347 3.028192698236169e-85
13.47973986993497 3.469395007598169e-85
13.49174587293647 3.975062610037524e-85
13.50375187593797 4.554639783399276e-85
13.51575787893947 5.218957860376803e-85
13.52776388194097 5.980439418331211e-85
13.53976988494247 6.853332594241551e-85
13.55177588794397 7.853979978494712e-85
13.56378189094547 9.001127200945388e-85
13.57578789394697 1.031627708030128e-84
13.58779389694847 1.18240960779709e-84
13.59979989994997 1.355288079677233e-84
13.61180590295148 1.553509341255239e-84
13.62381190595298 1.780797624488094e-84
13.63581790895448 2.041425718692575e-84
13.64782391195598 2.340295945352215e-84
13.65982991495748 2.683033110381302e-84
13.67183591795898 3.076091208912625e-84
13.68384192096048 3.526875921219251e-84
13.69584792396198 4.043885241119498e-84
13.70785392696348 4.636870925987146e-84
13.71985992996498 5.317023857005602e-84
13.73186593296648 6.097186857276321e-84
13.74387193596798 6.992099042680114e-84
13.75587793896949 8.018676386180033e-84
13.76788394197099 9.196333872251465e-84
13.77988994497248 1.054735541778268e-83
13.79189594797399 1.20973186545698e-83
13.80390195097549 1.387558272420708e-83
13.81590795397699 1.591584844917445e-83
13.82791395697849 1.825680163773066e-83
13.83991995997999 2.094285188182231e-83
13.85192596298149 2.402498104764288e-83
13.86393196598299 2.756171777338429e-83
13.87593796898449 3.162025671911658e-83
13.88794397198599 3.627774410673599e-83
13.89994997498749 4.162275429772119e-83
13.911955977989 4.775698584531532e-83
13.92396198099049 5.47972096973182e-83
13.935967983992 6.287750709825162e-83
13.9479739869935 7.215184033990238e-83
13.959979989995 8.279700594597009e-83
13.9719859929965 9.50160272748685e-83
13.983991995998 1.090420520285014e-82
13.9959979989995 1.251428299294626e-82
14.008004002001 1.436258570647761e-82
14.0200100050025 1.648442863096792e-82
14.032016008004 1.892037180915112e-82
14.0440220110055 2.171700028206563e-82
14.056028014007 2.492782059351797e-82
14.0680340170085 2.861429090606542e-82
14.08004002001 3.284700467163758e-82
14.09204602301151 3.770705078093366e-82
14.10405202601301 4.328757654294548e-82
14.11605802901451 4.96955837862364e-82
14.12806403201601 5.705399290385941e-82
14.14007003501751 6.550401487247406e-82
14.15207603801901 7.52078772650428e-82
14.16408204102051 8.63519571624504e-82
14.17608804402201 9.915038178705589e-82
14.18809404702351 1.138491667853217e-81
14.20010005002501 1.307309725552848e-81
14.21210605302651 1.501205710524854e-81
14.22411205602801 1.723911293505706e-81
14.23611805902951 1.979714321510291e-81
14.24812406203102 2.273541837420085e-81
14.26013006503252 2.611055509573485e-81
14.27213606803402 2.998761328961581e-81
14.28414207103552 3.444135710047762e-81
14.29614807403702 3.955770451424095e-81
14.30815407703852 4.543539380768085e-81
14.32016008004002 5.218789932091067e-81
14.33216608304152 5.994563390380925e-81
14.34417208604302 6.885848098993835e-81
14.35617808904452 7.909870569536635e-81
14.36818409204602 9.086430175152481e-81
14.38019009504752 1.043828396063019e-80
14.39219609804903 1.199158908334537e-80
14.40420210105053 1.377641152697293e-80
14.41620810405203 1.582731102734988e-80
14.42821410705353 1.818401364231598e-80
14.44022011005503 2.089218511416082e-80
14.45222611305653 2.400432014821928e-80
14.46423211605803 2.758076500303251e-80
14.47623811905953 3.169089340102773e-80
14.48824412206103 3.641445877530234e-80
14.50025012506253 4.184314932701408e-80
14.51225612806403 4.808237634718492e-80
14.52426213106553 5.525333083479502e-80
14.53626813406703 6.349534871006295e-80
14.54827413706853 7.29686309815635e-80
14.56028014007003 8.385737219776081e-80
14.57228614307154 9.637335853507754e-80
14.58429214607304 1.107601061039581e-79
14.59629814907454 1.272976206735519e-79
14.60830415207604 1.463078722341377e-79
14.62031015507754 1.68161091875345e-79
14.63231615807904 1.932830146350856e-79
14.64432216108054 2.221632105882577e-79
14.65632816408204 2.553646678633008e-79
14.66833416708354 2.935348159215973e-79
14.68034017008504 3.374182057964788e-79
14.69234617308654 3.878710966256111e-79
14.70435217608804 4.458782353678849e-79
14.71635817908954 5.125721598160857e-79
14.72836418209105 5.892554047541801e-79
14.74037018509255 6.774260483467394e-79
14.75237618809405 7.788071017201244e-79
14.76438219109555 8.953803205039636e-79
14.77638819409705 1.029425104347497e-78
14.78839419709855 1.183563250835549e-78
14.80040020010005 1.360810445791327e-78
14.81240620310155 1.56463550495642e-78
14.82441220610305 1.799028535116828e-78
14.83641820910455 2.068579358930315e-78
14.84842421210605 2.37856775049624e-78
14.86043021510755 2.735067262113422e-78
14.87243621810905 3.145064691321722e-78
14.88444222111056 3.616597546545678e-78
14.89644822411206 4.158912225586385e-78
14.90845422711356 4.782646030901102e-78
14.92046023011506 5.500036617197493e-78
14.93246623311656 6.325163009708991e-78
14.94447223611806 7.274222956384325e-78
14.95647823911956 8.365852096522548e-78
14.96848424212106 9.621491256397559e-78
14.98049024512256 1.10658091355875e-77
14.99249624812406 1.272718874498829e-77
15.00450225112556 1.463828722064691e-77
15.01650825412706 1.68366800917002e-77
15.02851425712857 1.936560275475026e-77
15.04052026013007 2.227480383422671e-77
15.05252626313157 2.562152732699835e-77
15.06453226613307 2.947164298382377e-77
15.07653826913457 3.390094732097987e-77
15.08854427213607 3.899666104108207e-77
15.10055027513757 4.4859152540076e-77
15.11255627813907 5.160392166521559e-77
15.12456228114057 5.936388305587313e-77
15.13656828414207 6.829199434812481e-77
15.14857428714357 7.856428137367666e-77
15.16058029014507 9.038332037025955e-77
15.17258629314657 1.039822463012182e-76
15.18459229614807 1.196293668375637e-76
15.19659829914957 1.37633473594587e-76
15.20860430215108 1.583499560771776e-76
15.22061030515258 1.821878397495723e-76
15.23261630815408 2.096178880245876e-76
15.24462231115558 2.411819291309662e-76
15.25662831415708 2.775035931873523e-76
15.26863431715858 3.193006728737168e-76
15.28064032016008 3.673993534056296e-76
15.29264632316158 4.227505947284146e-76
15.30465232616308 4.864489916995465e-76
15.31665832916458 5.597544873739959e-76
15.32866433216608 6.441173713337113e-76
15.34067033516758 7.412070604436922e-76
15.35267633816908 8.529452347800319e-76
15.36468234117059 9.815439882651153e-76
15.37668834417209 1.129549753495626e-75
15.38869434717359 1.299893875357117e-75
15.40070035017509 1.495950840584806e-75
15.41270635317659 1.721605323103502e-75
15.42471235617809 1.981329380811835e-75
15.43671835917959 2.28027134198273e-75
15.44872436218109 2.624358152682345e-75
15.46073036518259 3.020413225227902e-75
15.47273636818409 3.47629213708367e-75
15.48474237118559 4.001038885922857e-75
15.49674837418709 4.605065816990666e-75
15.50875437718859 5.300360811602728e-75
15.5207603801901 6.100725870064139e-75
15.5327663831916 7.022051849395363e-75
15.5447723861931 8.082634838556718e-75
15.5567783891946 9.303540485835661e-75
15.5687843921961 1.070902355136097e-74
15.5807903951976 1.232701106152893e-74
15.5927963981991 1.418965871357955e-74
15.6048024012006 1.633399164311823e-74
15.6168084042021 1.880264235438627e-74
15.6288144072036 2.164470055634911e-74
15.6408204102051 2.491669188614326e-74
15.6528264132066 2.868370507997334e-74
15.6648324162081 3.302069012187502e-74
15.6768384192096 3.801395332241753e-74
15.6888444222111 4.376287922102818e-74
15.70085042521261 5.038191374623799e-74
15.71285642821411 5.800284829885433e-74
15.72486243121561 6.677745044880397e-74
15.73686843421711 7.688049387806496e-74
15.74887443721861 8.851324819902094e-74
15.76088044022011 1.019074984902309e-73
15.77288644322161 1.173301750049342e-73
15.78489244622311 1.3508868573468e-73
15.79689844922461 1.55537058596778e-73
15.80890445222611 1.790830162426838e-73
15.82091045522761 2.061961251808852e-73
15.83291645822911 2.374171824478828e-73
15.84492246123061 2.733690278771754e-73
15.85692846423212 3.147689986073702e-73
15.86893446723362 3.624432754111377e-73
15.88094047023512 4.173434083787272e-73
15.89294647323662 4.805653532159436e-73
15.90495247623812 5.533713997958229e-73
15.91695847923962 6.372154326485797e-73
15.92896448224112 7.337720299527977e-73
15.94097048524262 8.449699846471993e-73
15.95297648824412 9.730309200663365e-73
15.96498249124562 1.120513774801035e-72
15.97698849424712 1.290366049353226e-72
15.98899449724862 1.485982842966324e-72
16.00100050025013 1.711274865499209e-72
16.01300650325162 1.970746789523327e-72
16.02501250625313 2.269587515587252e-72
16.03701850925463 2.613774162993399e-72
16.04902451225613 3.01019187428656e-72
16.06103051525763 3.466771839517618e-72
16.07303651825913 3.992650312618227e-72
16.08504252126063 4.598351814279627e-72
16.09704852426213 5.296000202071109e-72
16.10905452726363 6.099561848957256e-72
16.12106053026513 7.02512581716741e-72
16.13306653326664 8.091226658546602e-72
16.14507253626813 9.319216330069103e-72
16.15707853926963 1.073369270140463e-71
16.16908454227114 1.236299327020915e-71
16.18109054527264 1.423976401312041e-71
16.19309654827414 1.640161481272633e-71
16.20510255127564 1.889187464353073e-71
16.21710855427714 2.176046170830354e-71
16.22911455727864 2.506488603066976e-71
16.24112056028014 2.887140467703911e-71
16.25312656328164 3.325635285480123e-71
16.26513256628314 3.830767767611294e-71
16.27713856928464 4.412670545904647e-71
16.28914457228614 5.083017814271418e-71
16.30115057528764 5.855259981517107e-71
16.31315657828915 6.744894060183552e-71
16.32516258129064 7.76977523639788e-71
16.33716858429214 8.95047589568725e-71
16.34917458729365 1.031069933629944e-70
16.36118059029515 1.187775650403915e-70
16.37318659329665 1.368311535324703e-70
16.38519259629815 1.576303390296962e-70
16.39719859929965 1.815928974516538e-70
16.40920460230115 2.092002070705248e-70
16.42121060530265 2.410069361171769e-70
16.43321660830415 2.776522066516171e-70
16.44522261130565 3.198724597625738e-70
16.45722861430716 3.685162814881709e-70
16.46923461730865 4.245614884146603e-70
16.48124062031015 4.891348175124956e-70
16.49324662331166 5.635346173303007e-70
16.50525262631316 6.492569982498368e-70
16.51725862931466 7.480259693335219e-70
16.52926463231616 8.618281697820066e-70
16.54127063531766 9.929528957900012e-70
16.55327663831916 1.144038230519741e-69
16.56528264132066 1.318124208165418e-69
16.57728864432216 1.518714085151261e-69
16.58929464732366 1.749844955263915e-69
16.60130065032516 2.016169134278869e-69
16.61330665332666 2.32304795721898e-69
16.62531265632816 2.676659882182647e-69
16.63731865932967 3.084125083773934e-69
16.64932466233117 3.553649052406572e-69
16.66133066533267 4.094688099881801e-69
16.67333666833417 4.718140114430138e-69
16.68534267133567 5.436564418821388e-69
16.69734867433717 6.264435173516907e-69
16.70935467733867 7.218433445073695e-69
16.72136068034017 8.317783841842147e-69
16.73336668334167 9.584642520257466e-69
16.74537268634317 1.104454440395807e-68
16.75737868934467 1.272691865561095e-68
16.76938469234617 1.466568282193838e-68
16.78139069534767 1.689992766398508e-68
16.79339669834918 1.94747065193765e-68
16.80540270135068 2.244194515836322e-68
16.81740870435218 2.586149053367091e-68
16.82941470735368 2.98023196349793e-68
16.84142071035518 3.434393289918883e-68
16.85342671335668 3.95779603631613e-68
16.86543271635818 4.561001305204202e-68
16.87743871935968 5.25618170608631e-68
16.88944472236118 6.057367351051567e-68
16.90145072536268 6.980729415737683e-68
16.91345672836418 8.044907004264127e-68
16.92546273136568 9.271383933695384e-68
16.93746873436718 1.068492306460678e-67
16.94947473736868 1.231406696989655e-67
16.96148074037018 1.419171507775262e-67
16.97348674337169 1.635578897389266e-67
16.98549274637319 1.884999933427067e-67
16.99749874937469 2.172473001860984e-67
17.00950475237619 2.503805722914891e-67
17.02151075537769 2.885692437603574e-67
17.03351675837919 3.325849644639758e-67
17.04552276138069 3.833172131228397e-67
17.05752876438219 4.417912960723697e-67
17.06953476738369 5.091890963731201e-67
17.08154077038519 5.868729936808856e-67
17.09354677338669 6.76413439577374e-67
17.10555277638819 7.796207471802379e-67
17.1175587793897 8.98581739306698e-67
17.1295647823912 1.035701997992474e-66
17.14157078539269 1.193754571767428e-66
17.1535767883942 1.375936128067621e-66
17.1655827913957 1.585931689179737e-66
17.1775887943972 1.827989264234476e-66
17.1895947973987 2.107005890526427e-66
17.2016008004002 2.428626828916179e-66
17.2136068034017 2.799359924967275e-66
17.2256128064032 3.226707455207045e-66
17.2376188094047 3.719318132727265e-66
17.2496248124062 4.287162355465901e-66
17.26163081540771 4.941734252246442e-66
17.27363681840921 5.696284625580659e-66
17.2856428214107 6.56608951741557e-66
17.29764882441221 7.568759847169926e-66
17.30965482741371 8.724598405254989e-66
17.32166083041521 1.005701144675432e-65
17.33366683341671 1.159298323858865e-65
17.34567283641821 1.336362319184781e-65
17.35767883941971 1.540479668501645e-65
17.36968484242121 1.775785238351774e-65
17.38169084542271 2.047046082090254e-65
17.39369684842421 2.359758126696595e-65
17.40570285142572 2.720257651402756e-65
17.41770885442721 3.135849821755226e-65
17.42971485742871 3.614956889231901e-65
17.44172086043022 4.167289066092828e-65
17.45372686343172 4.804041545883272e-65
17.46573286643321 5.538121671298545e-65
17.47773886943472 6.384410863768858e-65
17.48974487243622 7.360066635590661e-65
17.50175087543772 8.484870820089607e-65
17.51375687843922 9.781631094722129e-65
17.52576288144072 1.127664395531973e-64
17.53776888444222 1.300022854889281e-64
17.54977488744372 1.498734221295724e-64
17.56178089044522 1.727829023053879e-64
17.57378689344672 1.991954422565325e-64
17.58579289644823 2.296468583313743e-64
17.59779889944972 2.647549482417712e-64
17.60980490245122 3.052320380659269e-64
17.62181090545273 3.518994500669448e-64
17.63381690845423 4.05704185462697e-64
17.64582291145573 4.677381613353859e-64
17.65782891445723 5.392603928243638e-64
17.66983491745873 6.21722571661182e-64
17.68184092046023 7.167985612013355e-64
17.69384692346173 8.264184077896417e-64
17.70585292646323 9.528075601882089e-64
17.71785892946473 1.098532094768739e-63
17.72986493246623 1.266550866382649e-63
17.74187093546773 1.460275645762136e-63
17.75387693846923 1.683640466843387e-63
17.76588294147074 1.941181594850356e-63
17.77788894447224 2.238129742152024e-63
17.78989494747374 2.580516408211483e-63
17.80190095047524 2.975296507460386e-63
17.81390695347674 3.430489780514666e-63
17.82591295647824 3.955343866552827e-63
17.83791895947974 4.560522355697857e-63
17.84992496248124 5.25832164886447e-63
17.86193096548274 6.06292103911915e-63
17.87393696848424 6.990671105105047e-63
17.88594297148574 8.060426287294053e-63
17.89794897448724 9.293928417645608e-63
17.90995497748874 1.07162490110154e-62
17.92196098049025 1.235629932352017e-62
17.93396698349175 1.424741856342347e-62
17.94597298649325 1.642805223210002e-62
17.95797898949475 1.894253440871802e-62
17.96998499249625 2.184198990988074e-62
17.98199099549775 2.518537469776552e-62
17.99399699849925 2.904067572708599e-62
18.00600300150075 3.34862946699159e-62
18.01800900450225 3.861264370429677e-62
18.03001500750375 4.452398587401264e-62
18.04202101050525 5.134055751108263e-62
18.05402701350675 5.920101596104395e-62
18.06603301650825 6.826526248121769e-62
18.07803901950975 7.871769782909514e-62
18.09004502251126 9.077097687773315e-62
18.10205102551276 1.04670338767508e-61
18.11405702851426 1.206986008362608e-61
18.12606303151576 1.391819181021245e-61
18.13806903451726 1.604964256812238e-61
18.15007503751876 1.850758995244277e-61
18.16208104052026 2.134205916207009e-61
18.17408704352176 2.461074197630097e-61
18.18609304652326 2.838017195948598e-61
18.19809904952476 3.272707985150371e-61
18.21010505252626 3.773995677651467e-61
18.22211105552776 4.352085714090404e-61
18.23411705852926 5.018747798002011e-61
18.24612306153077 5.787555715204072e-61
18.25812906453227 6.674163928114389e-61
18.27013506753377 7.696626585387563e-61
18.28214107053527 8.875765452532975e-61
18.29414707353677 1.023559426721141e-60
18.30615307653827 1.180380817408201e-60
18.31815907953977 1.361234822188564e-60
18.33016508254127 1.569805243701463e-60
18.34217108554277 1.810340675440227e-60
18.35417708854427 2.087741112423969e-60
18.36618309154577 2.407657846339966e-60
18.37818909454727 2.776608683151154e-60
18.39019509754878 3.202110833875181e-60
18.40220110055028 3.692834189945148e-60
18.41420710355177 4.258778110624075e-60
18.42621310655328 4.911475329862817e-60
18.43821910955478 5.664227143566626e-60
18.45022511255628 6.532374676775803e-60
18.46223111555778 7.533611766813943e-60
18.47423711855928 8.688345848058665e-60
18.48624312156078 1.002011420400004e-59
18.49824912456228 1.155606408269171e-59
18.51025512756378 1.33275064756635e-59
18.52226113056528 1.537055486449268e-59
18.53426713356679 1.772686197425564e-59
18.54627313656828 2.044446957445283e-59
18.55827913956978 2.357878867661145e-59
18.57028514257129 2.719373014079739e-59
18.58229114557279 3.136300877512649e-59
18.59429714857428 3.617164755583402e-59
18.60630315157579 4.171771268295178e-59
18.61830915457729 4.811431490169555e-59
18.63031515757879 5.549191795864525e-59
18.64232116058029 6.400100133587365e-59
18.65432716358179 7.381513164358795e-59
18.66633316658329 8.513450540052514e-59
18.67833916958479 9.819003556194832e-59
18.69034517258629 1.132480652644929e-58
18.70235117558779 1.306158050724195e-58
18.7143571785893 1.506476047930353e-58
18.72636318159079 1.73752187982383e-58
18.73836918459229 2.004009969344229e-58
18.7503751875938 2.311378186400728e-58
18.7623811905953 2.665898883806147e-58
18.7743871935968 3.074806978184151e-58
18.7863931965983 3.546447692841429e-58
18.7983991995998 4.090446981460685e-58
18.8104052026013 4.717908115054122e-58
18.8224112056028 5.44163844940122e-58
18.8344172086043 6.276411007116198e-58
18.8464232116058 7.239266220166957e-58
18.85842921460731 8.349859999654352e-58
18.8704352176088 9.630865246750555e-58
18.8824412206103 1.110843501126024e-57
18.89444722361181 1.281273676465678e-57
18.90645322661331 1.477856870844026e-57
18.91845922961481 1.704607071600812e-57
18.93046523261631 1.966154444123756e-57
18.94247123561781 2.267839935923691e-57
18.95447723861931 2.615824407990145e-57
18.96648324162081 3.017214524569349e-57
18.97848924462231 3.480207975224094e-57
18.99049524762381 4.014260998403563e-57
19.00250125062531 4.630281631861134e-57
19.01450725362681 5.340852641442369e-57
19.02651325662831 6.1604886867912e-57
19.03851925962982 7.105932982811855e-57
19.05052526263132 8.196499523608344e-57
19.06253126563282 9.454467867635878e-57
19.07453726863432 1.090553855801391e-56
19.08654327163582 1.25793584923744e-56
19.09854927463732 1.451012698763988e-56
19.11055527763882 1.673729493603331e-56
19.12256128064032 1.930637135320829e-56
19.13456728364182 2.226985381663873e-56
19.14657328664332 2.568830182729947e-56
19.15857928964482 2.963157505209514e-56
19.17058529264632 3.418026177831946e-56
19.18259129564782 3.942732680372116e-56
19.19459729864932 4.548001247620121e-56
19.20660330165082 5.246203177770282e-56
19.21860930465233 6.051609832354791e-56
19.23061530765383 6.980684504369158e-56
19.24262131065533 8.052419126729043e-56
19.25462731365683 9.288722710949869e-56
19.26663331665833 1.071486946474376e-55
19.27863931965983 1.236001575876473e-55
19.29064532266133 1.425779652201678e-55
19.30265132566283 1.644701327133075e-55
19.31465732866433 1.897242785611145e-55
19.32666333166583 2.188567816367243e-55
19.33866933466733 2.524633452723405e-55
19.35067533766883 2.912311845919711e-55
19.36268134067033 3.359530865561784e-55
19.37468734367184 3.875436305196917e-55
19.38669334667334 4.470579013381344e-55
19.39869934967484 5.157130780954142e-55
19.41070535267634 5.949133404039517e-55
19.42271135567784 6.862786021620121e-55
19.43471735867934 7.916776610275941e-55
19.44672336168084 9.132664422921851e-55
19.45872936468234 1.053532120162727e-54
19.47073536768384 1.215344019823624e-54
19.48274137068534 1.402012342518618e-54
19.49474737368684 1.617355916109946e-54
19.50675337668834 1.865780358422182e-54
19.51875937968985 2.152368253947933e-54
19.53076538269135 2.48298319055216e-54
19.54277138569284 2.864389786703134e-54
19.55477738869435 3.30439216729839e-54
19.56678339169585 3.811993724055267e-54
19.57878939469735 4.397581432442008e-54
19.59079539769885 5.073138500171908e-54
19.60280140070035 5.852489702679079e-54
19.61480740370185 6.751584430634563e-54
19.62681340670335 7.788823247170198e-54
19.63881940970485 8.985434643889429e-54
19.65082541270635 1.036590971322968e-53
19.66283141570786 1.195850364138017e-53
19.67483741870936 1.379581429507479e-53
19.68684342171085 1.591544975523565e-53
19.69884942471236 1.83607984730185e-53
19.71085542771386 2.118191782666817e-53
19.72286143071536 2.443655928383588e-53
19.73486743371686 2.819135117337961e-53
19.74687343671836 3.252316330055106e-53
19.75887943971986 3.752068136608379e-53
19.77088544272136 4.328622344943751e-53
19.78289144572286 4.993783577747736e-53
19.79489744872436 5.761171072388587e-53
19.80690345172586 6.646497658898208e-53
19.81890945472736 7.667891632976656e-53
19.83091545772886 8.846268120217127e-53
19.84292146073037 1.020575754219456e-52
19.85492746373187 1.177419996553717e-52
19.86693346673336 1.358371546560847e-52
19.87893946973487 1.567136219466171e-52
19.89094547273637 1.807989564224337e-52
19.90295147573787 2.085864465008744e-52
19.91495747873937 2.406452213730116e-52
19.92696348174087 2.776319125338215e-52
19.93896948474237 3.203041086316782e-52
19.95097548774387 3.695358794455358e-52
19.96298149074537 4.263356872213682e-52
19.97498749374687 4.918670525485902e-52
19.98699349674838 5.674723984362928e-52
19.99899949974987 6.547005614166242e-52
20.01100550275137 7.553385336952732e-52
20.02301150575288 8.714480871291065e-52
20.03501750875438 1.005408029918292e-51
20.04702351175588 1.159962962408223e-51
20.05902951475738 1.338279531674769e-51
20.07103551775888 1.544011338348891e-51
20.08304152076038 1.781373826578319e-51
20.09504752376188 2.055230692765059e-51
20.10705352676338 2.37119358495835e-51
20.11905952976488 2.735737137370115e-51
20.13106553276639 3.156331699006602e-51
20.14307153576788 3.641596478328869e-51
20.15507753876938 4.201476244612349e-51
20.16708354177089 4.847445209864092e-51
20.17908954477239 5.592742272689633e-51
20.19109554777389 6.452642448820002e-51
20.20310155077539 7.444770055313654e-51
20.21510755377689 8.589460071970089e-51
20.22711355677839 9.910175091808183e-51
20.23911955977989 1.143398641285329e-50
20.25112556278139 1.319212913934626e-50
20.26313156578289 1.522064267883779e-50
20.27513756878439 1.756110977362382e-50
20.28714357178589 2.02615092265669e-50
20.29914957478739 2.337719981402504e-50
20.3111555777889 2.697205557024726e-50
20.3231615807904 3.111977573343879e-50
20.3351675837919 3.590539622749328e-50
20.3471735867934 4.14270336886926e-50
20.3591795897949 4.779789781836588e-50
20.3711855927964 5.514861334852039e-50
20.3831915957979 6.362989926082743e-50
20.3951975987994 7.34156602304793e-50
20.4072036018009 8.470655372581763e-50
20.4192096048024 9.773410595591786e-50
20.4312156078039 1.127654611218816e-49
20.4432216108054 1.301088614246613e-49
20.4552276138069 1.50119970279635e-49
20.4672336168084 1.732091684937504e-49
20.4792396198099 1.998499731301463e-49
20.49124562281141 2.305887518277079e-49
20.50325162581291 2.660559319320896e-49
20.51525762881441 3.069789344762593e-49
20.52726363181591 3.541970984525036e-49
20.53926963481741 4.086789016710038e-49
20.55127563781891 4.715418316413466e-49
20.56328164082041 5.440753143106181e-49
20.57528764382191 6.277671712619827e-49
20.58729364682341 7.243341484097654e-49
20.59929964982491 8.357571428083578e-49
20.61130565282641 9.643218506390352e-49
20.62331165582791 1.112665670731517e-48
20.63531765882941 1.283831826401239e-48
20.64732366183092 1.481331816576092e-48
20.65932966483242 1.70921747819109e-48
20.67133566783392 1.972164139157904e-48
20.68334167083542 2.275566568920867e-48
20.69534767383692 2.625649696368383e-48
20.70735367683842 3.029596368074998e-48
20.71935967983992 3.495694769731997e-48
20.73136568284142 4.033508537369207e-48
20.74337168584292 4.654073050870191e-48
20.75537768884442 5.370121939906308e-48
20.76738369184592 6.196348452804747e-48
20.77938969484742 7.149707054764279e-48
20.79139569784893 8.249761447944909e-48
20.80340170085043 9.519086159252763e-48
20.81540770385192 1.098372994170089e-47
20.82741370685343 1.267375050464721e-47
20.83941970985493 1.462383155306866e-47
20.85142571285643 1.687399480641667e-47
20.86343171585793 1.947042161823903e-47
20.87543771885943 2.246640106871813e-47
20.88744372186093 2.592342399980744e-47
20.89944972486243 2.99124454601111e-47
20.91145572786393 3.451534148562361e-47
20.92346173086543 3.982659013399178e-47
20.93546773386693 4.59552112960842e-47
20.94747373686843 5.302700512398742e-47
20.95947973986993 6.118713504829945e-47
20.97148574287144 7.060310843578287e-47
20.98349174587294 8.146821610650213e-47
20.99549774887443 9.400550135532687e-47
21.00750375187594 1.084723399998082e-46
21.01950975487744 1.25165725528419e-46
21.03151575787894 1.444283679079117e-46
21.04352176088044 1.666557313237126e-46
21.05552776388194 1.923041554163202e-46
21.06753376688344 2.219002268359556e-46
21.07953976988494 2.560515936246533e-46
21.09154577288644 2.954594445774075e-46
21.10355177588794 3.409329099410683e-46
21.11555777888945 3.93405679284357e-46
21.12756378189095 4.53955177925867e-46
21.13956978489244 5.238246958754031e-46
21.15157578789395 6.044489239078033e-46
21.16358179089545 6.974834213942524e-46
21.17558779389695 8.048386213027391e-46
21.18759379689845 9.287190710070914e-46
21.19959979989995 1.07166871512901e-45
21.21160580290145 1.236623150790855e-45
21.22361180590295 1.4269699289304e-45
21.23561780890445 1.646618140667083e-45
21.24762381190595 1.900078718510812e-45
21.25962981490746 2.192557102390879e-45
21.27163581790895 2.53006017457976e-45
21.28364182091045 2.919519660817585e-45
21.29564782391196 3.368934533335016e-45
21.30765382691346 3.887535341981236e-45
21.31965982991496 4.485973850316695e-45
21.33166583291646 5.17654187359099e-45
21.34367183591796 5.973423815685329e-45
21.35567783891946 6.892988094693625e-45
21.36768384192096 7.954123446084294e-45
21.37968984492246 9.178627014756915e-45
21.39169584792396 1.059165221174606e-44
21.40370185092547 1.222222553971135e-44
21.41570785392696 1.410384300894178e-44
21.42771385692846 1.627515840153745e-44
21.43971985992997 1.878077752934546e-44
21.45172586293147 2.167217480993392e-44
21.46373186593297 2.500875099918121e-44
21.47573786893447 2.885905382063046e-44
21.48774387193597 3.330218658026905e-44
21.49974987493747 3.842943371968591e-44
21.51175587793897 4.434613672008918e-44
21.52376188094047 5.117385891612509e-44
21.53576788394197 5.90528837176455e-44
21.54777388694347 6.814509759164476e-44
21.55977988994497 7.863731706646116e-44
21.57178589294647 9.074512814865878e-44
21.58379189594798 1.047173170774732e-43
21.59579789894947 1.208409834989399e-43
21.60780390195097 1.394474411718165e-43
21.61980990495248 1.609190275086662e-43
21.63181590795398 1.856969619409425e-43
21.64382191095548 2.142904146608534e-43
21.65582791395698 2.47286972178634e-43
21.66783391695848 2.853647148533918e-43
21.67983991995998 3.293061546995183e-43
21.69184592296148 3.800143200204013e-43
21.70385192596298 4.385313175634392e-43
21.71585792896448 5.06059753832983e-43
21.72786393196598 5.839874559884992e-43
21.73986993496748 6.739160006030568e-43
21.75187593796898 7.776936368576178e-43
21.76388194097049 8.974532811099269e-43
21.77588794397199 1.035656364061586e-42
21.78789394697349 1.195143432098042e-42
21.79989994997499 1.37919254326904e-42
21.81190595297649 1.591586658668396e-42
21.82391195597799 1.836691414958593e-42
21.83591795897949 2.119544877272651e-42
21.84792396198099 2.445961118104157e-42
21.85992996498249 2.822649752133978e-42
21.87193596798399 3.257353885087848e-42
21.88394197098549 3.7590093134223e-42
21.89594797398699 4.337928248687543e-42
21.90795397698849 5.006011344804796e-42
21.91995997999 5.776992388597973e-42
21.9319659829915 6.666720685709818e-42
21.943971985993 7.693486949329757e-42
21.9559779889945 8.878399393914064e-42
21.967983991996 1.024581776869462e-41
21.9799899949975 1.182385425749355e-41
21.991995997999 1.364495154670339e-41
22.0040020010005 1.574654995055013e-41
22.016008004002 1.817185731458408e-41
22.0280140070035 2.097073753242575e-41
22.040020010005 2.420073595062536e-41
22.0520260130065 2.792826275227041e-41
22.064032016008 3.22299586596256e-41
22.07603801900951 3.71942710464735e-41
22.088044022011 4.292327287910077e-41
22.10005002501251 4.953476190009826e-41
22.11205602801401 5.716468323408617e-41
22.12406203101551 6.596992524775209e-41
22.13606803401701 7.613154617509339e-41
22.14807403701851 8.785849788047163e-41
22.16008004002001 1.013919233593538e-40
22.17208604302151 1.170101163798675e-40
22.18409204602301 1.350342452903983e-40
22.19609804902451 1.558349587397076e-40
22.20810405202601 1.798400091999263e-40
22.22011005502752 2.07543051122647e-40
22.23211605802901 2.395137947250553e-40
22.24412206103052 2.764097242939187e-40
22.25612806403202 3.189896220841988e-40
22.26813406703352 3.681291760384625e-40
22.28014007003502 4.248389924275972e-40
22.29214607303652 4.902853839948685e-40
22.30415207603802 5.658143612923565e-40
22.31615807903952 6.52979320806464e-40
22.32816408204102 7.53572999533823e-40
22.34017008504252 8.696643534558827e-40
22.35217608804402 1.003641118676389e-39
22.36418209104552 1.15825893091586e-39
22.37618809404702 1.336698014007511e-39
22.38819409704853 1.542628603787154e-39
22.40020010005003 1.780286453520721e-39
22.41220610305152 2.054559974466788e-39
22.42421210605303 2.371090804597158e-39
22.43621810905453 2.736389874824108e-39
22.44822411205603 3.157971360995272e-39
22.46023011505753 3.64450727798021e-39
22.47223611805903 4.206005896961753e-39
22.48424212106053 4.854017657303441e-39
22.49624812406203 5.601872810182231e-39
22.50825412706353 6.464955684199228e-39
22.52026013006503 7.461021216851485e-39
22.53226613306653 8.610560265577575e-39
22.54427213606803 9.937221215982738e-39
22.55627813906953 1.146829656346918e-38
22.56828414207104 1.32352844816926e-38
22.58029014507254 1.527453693456123e-38
22.59229614807404 1.762800766965657e-38
22.60430215107554 2.034411548664912e-38
22.61630815407704 2.347874054682302e-38
22.62831415707854 2.709637422804954e-38
22.64032016008004 3.127144618982574e-38
22.65232616308154 3.608985596037737e-38
22.66433216608304 4.165074056739586e-38
22.67633816908454 4.806851459239539e-38
22.68834417208604 5.54752246359511e-38
22.70035017508754 6.402326665264534e-38
22.71235617808905 7.38885220836304e-38
22.72436218109054 8.527397733507514e-38
22.73636818409205 9.841390109986327e-38
22.74837418709355 1.135786655025734e-37
22.76038019009505 1.310803103003906e-37
22.77238619309655 1.512789646680084e-37
22.78439219609805 1.745902587476763e-37
22.79639819909955 2.014938775197649e-37
22.80840420210105 2.325434330640208e-37
22.82041020510255 2.683778584211893e-37
22.83241620810405 3.097345575876605e-37
22.84442221110555 3.574645823271157e-37
22.85642821410705 4.12550148207152e-37
22.86843421710855 4.761248504245708e-37
22.88044022011006 5.494969955619238e-37
22.89244622311156 6.341765295643569e-37
22.90445222611306 7.319061162604942e-37
22.91645822911456 8.446970061984571e-37
22.92846423211606 9.748704341874132e-37
22.94047023511756 1.125105397756938e-36
22.95247623811906 1.298493800114525e-36
22.96448224112056 1.498604092800743e-36
22.97648824412206 1.729554728233804e-36
22.98849424712356 1.996098934303803e-36
23.00050025012506 2.303722556280507e-36
23.01250625312656 2.658756980337106e-36
23.02451225612806 3.068509463505715e-36
23.03651825912956 3.541413553262643e-36
23.04852426213106 4.087202693572247e-36
23.06053026513257 4.717110591615057e-36
23.07253626813407 5.444102470419507e-36
23.08454227113557 6.283141968553257e-36
23.09654827413707 7.251499182005407e-36
23.10855427713857 8.369106190519409e-36
23.12056028014007 9.658967388363169e-36
23.13256628314157 1.114763306798211e-35
23.14457228614307 1.286574600741163e-35
23.15657828914457 1.484867231554919e-35
23.16858429214607 1.713722952435983e-35
23.18059029514757 1.977852691954285e-35
23.19259629814907 2.282693541235943e-35
23.20460230115058 2.634520692280908e-35
23.21660830415207 3.040576632308154e-35
23.22861430715358 3.509220254360634e-35
23.24062031015508 4.050098954525587e-35
23.25262631315658 4.674347259479439e-35
23.26463231615808 5.39481607439931e-35
23.27663831915958 6.22633727184701e-35
23.28864432216108 7.186029070012959e-35
23.30065032516258 8.29364848869625e-35
23.31265632816408 9.571998140893032e-35
23.32466233116558 1.104739573683663e-34
23.33666833416708 1.275021596882577e-34
23.34867433716859 1.471551593579223e-34
23.36068034017008 1.698375698699749e-34
23.37268634317159 1.960163784994578e-34
23.38469234617309 2.262305619945628e-34
23.39669834917459 2.611021847005722e-34
23.40870435217609 3.01349207669328e-34
23.42071035517759 3.478002725445578e-34
23.43271635817909 4.014117646845639e-34
23.44472236118059 4.632875069258585e-34
23.45672836418209 5.347014895712079e-34
23.46873436718359 6.17124104719251e-34
23.48074037018509 7.122524252284506e-34
23.49274637318659 8.220451519123558e-34
23.50475237618809 9.487629487119263e-34
23.5167583791896 1.095014996564577e-33
23.5287643821911 1.263812724774563e-33
23.5407703851926 1.458631826523811e-33
23.5527763881941 1.683483835791604e-33
23.5647823911956 1.942998739890473e-33
23.5767883941971 2.242520329131207e-33
23.5887943971986 2.588216247484412e-33
23.6008004002001 2.987205010914106e-33
23.6128064032016 3.447702609558318e-33
23.6248124062031 3.979191713322275e-33
23.6368184092046 4.592616966041699e-33
23.6488244122061 5.300610390758353e-33
23.6608304152076 6.117751548897884e-33
23.6728364182091 7.060867812028935e-33
23.6848424212106 8.149380931160442e-33
23.69684842421211 9.405707042223606e-33
23.70885442721361 1.085571834713321e-32
23.72086043021511 1.252927598030751e-32
23.73286643321661 1.446084503692022e-32
23.74487243621811 1.669020443167384e-32
23.75687843921961 1.926326621038861e-32
23.76888444222111 2.223302119144352e-32
23.78089044522261 2.566063041653784e-32
23.79289644822411 2.961668489397901e-32
23.80490245122561 3.418265958463302e-32
23.81690845422711 3.94525915822224e-32
23.82891445722861 4.553501705827056e-32
23.84092046023012 5.255520687282692e-32
23.85292646323161 6.065774690499702e-32
23.86493246623312 7.000951625901784e-32
23.87693846923462 8.080312469848043e-32
23.88894447223612 9.326088012219718e-32
23.90095047523762 1.076393678150694e-31
23.91295647823912 1.24234735811127e-31
23.92496248124062 1.433887952533783e-31
23.93696848424212 1.654960614259619e-31
23.94897448724362 1.910118805143068e-31
23.96098049024512 2.204618095178985e-31
23.97298649324662 2.544524425587296e-31
23.98499249624813 2.936839066285657e-31
23.99699849924962 3.389642842138209e-31
24.00900450225113 3.912262599368371e-31
24.02101050525263 4.515463341747345e-31
24.03301650825413 5.211669995059393e-31
24.04502251125563 6.015223368798151e-31
24.05702851425713 6.942675588644087e-31
24.06903451725863 8.013131086530631e-31
24.08104052026013 9.24864017378355e-31
24.09304652326163 1.067465330625739e-30
24.10505252626313 1.232054540092005e-30
24.11705852926463 1.422022100672104e-30
24.12906453226613 1.641281279856328e-30
24.14107053526763 1.894348778611452e-30
24.15307653826913 2.186437784866614e-30
24.16508254127064 2.523565376901298e-30
24.17708854427213 2.912676489617734e-30
24.18909454727364 3.36178699796672e-30
24.20110055027514 3.880148865717372e-30
24.21310655327664 4.478440762435283e-30
24.22511255627814 5.168988076330136e-30
24.23711855927964 5.966016856367519e-30
24.24912456228114 6.885946916194014e-30
24.26113056528264 7.947730139407373e-30
24.27313656828414 9.173240957145834e-30
24.28514257128564 1.058772704406753e-29
24.29714857428714 1.222032951969905e-29
24.30915457728864 1.410468337442485e-29
24.32116058029014 1.627961049258463e-29
24.33316658329165 1.878991955331425e-29
24.34517258629315 2.168732929223335e-29
24.35717858929465 2.503153414924078e-29
24.36918459229615 2.889143426191935e-29
24.38119059529765 3.334655515084764e-29
24.39319659829915 3.848868635227024e-29
24.40520260130065 4.442377276565362e-29
24.41720860430215 5.127409769164947e-29
24.42921460730365 5.918080254723475e-29
24.44122061030515 6.83067951831932e-29
24.45322661330665 7.884010673764754e-29
24.46523261630815 9.099776620310629e-29
24.47723861930966 1.050302725539711e-28
24.48924462231115 1.21226756596568e-28
24.50125062531266 1.39920938918341e-28
24.51325662831416 1.614980067198567e-28
24.52526263131566 1.86402551250881e-28
24.53726863431716 2.151477294303265e-28
24.54927463731866 2.483258384598751e-28
24.56128064032016 2.866205213625658e-28
24.57328664332166 3.308208549908645e-28
24.58529264632316 3.818376108465018e-28
24.59729864932466 4.407220238363967e-28
24.60930465232616 5.086874557782985e-28
24.62131065532767 5.871344001318205e-28
24.63331665832916 6.776793432950625e-28
24.64532266133067 7.821880772934859e-28
24.65732866433217 9.028141504345305e-28
24.66933466733367 1.042043248399776e-27
24.68134067033517 1.202744420479114e-27
24.69334667333667 1.38822920673795e-27
24.70535267633817 1.602319884757149e-27
24.71735867933967 1.849428242553005e-27
24.72936468234117 2.13464650124567e-27
24.74137068534267 2.463852261471401e-27
24.75337668834417 2.843829636588903e-27
24.76538269134567 3.282409069371375e-27
24.77738869434717 3.78862871398119e-27
24.78939469734867 4.372920709531871e-27
24.80140070035018 5.047326184615345e-27
24.81340670335167 5.825743424387665e-27
24.82541270635318 6.724214315371627e-27
24.83741870935468 7.761254972141161e-27
24.84942471235618 8.958237360764778e-27
24.86143071535768 1.033982978507768e-26
24.87343671835918 1.193450531519437e-26
24.88544272136068 1.37751286381779e-26
24.89744872436218 1.58996334273207e-26
24.90945472736368 1.835180419238783e-26
24.92146073036518 2.118217872689506e-26
24.93346673336668 2.444908975443748e-26
24.94547273636818 2.821986724550066e-26
24.95747873936968 3.257222618822763e-26
24.96948474237119 3.759586841956204e-26
24.98149074537269 4.339433153585243e-26
24.99349674837419 5.008712299535477e-26
25.00550275137569 5.78121834041149e-26
25.01750875437719 6.672872976265043e-26
25.02951475737869 7.702053728358186e-26
25.04152076038019 8.889972743136877e-26
25.05352676338169 1.026111402709764e-25
25.06553276638319 1.184373812577809e-25
25.07753876938469 1.367046465046518e-25
25.08954477238619 1.577894466105711e-25
25.10155077538769 1.821263676592326e-25
25.1135567783892 2.102170293777111e-25
25.12556278139069 2.426404251253304e-25
25.1375687843922 2.800648568701184e-25
25.1495747873937 3.232617111920411e-25
25.1615807903952 3.731213603064917e-25
25.1735867933967 4.306715159107881e-25
25.1855927963982 4.970984142239448e-25
25.1975987993997 5.737712689583076e-25
25.2096048024012 6.62270496334191e-25
25.2216108054027 7.644202940145179e-25
25.2336168084042 8.823262455989877e-25
25.2456228114057 1.018418725927227e-24
25.25762881440721 1.175503002033926e-24
25.2696348174087 1.356817062641978e-24
25.28164082041021 1.566098368418266e-24
25.29364682341171 1.807660899136376e-24
25.30565282641321 2.086484086183217e-24
25.31765882941471 2.408315463889551e-24
25.32966483241621 2.779789156010227e-24
25.34167083541771 3.208562640160367e-24
25.35367683841921 3.703474609860691e-24
25.36568284142071 4.274727188828572e-24
25.37768884442221 4.934096254240565e-24
25.38969484742371 5.695174205239372e-24
25.40170085042521 6.57365018191383e-24
25.41370685342671 7.58763351213743e-24
25.42571285642821 8.758027054931257e-24
25.43771885942972 1.010895813779839e-23
25.44972486243121 1.166827597297227e-23
25.46173086543272 1.346812580821702e-23
25.47373686843422 1.554561164997713e-23
25.48574287143572 1.794356122292106e-23
25.49774887443722 2.0711408937916e-23
25.50975487743872 2.390621507367629e-23
25.52176088044022 2.759384218591901e-23
25.53376688344172 3.185031299975261e-23
25.54577288644322 3.676337778306527e-23
25.55777888944472 4.243432351803449e-23
25.56978489244622 4.898006217361558e-23
25.58179089544772 5.653554113679225e-23
25.59379689844922 6.525652550316283e-23
25.60580290145073 7.532280959506803e-23
25.61780890445223 8.694192392605713e-23
25.62981490745373 1.003534140465498e-22
25.64182091045523 1.158337794977443e-22
25.65382691345673 1.337021747123288e-22
25.66583291645823 1.543269894120474e-22
25.67783891945973 1.781334441876689e-22
25.68984492246123 2.056123578803671e-22
25.70185092546273 2.373302675466545e-22
25.71385692846423 2.739411096800804e-22
25.72586293146573 3.161997035570985e-22
25.73786893446723 3.649773147357233e-22
25.74987493746874 4.212796196301762e-22
25.76188094047023 4.862674415972551e-22
25.77388694347174 5.612806861216984e-22
25.78589294647324 6.47865968656968e-22
25.79789894947474 7.478085048250837e-22
25.80990495247624 8.631689205747591e-22
25.82191095547774 9.963257413537537e-22
25.83391695847924 1.150024436461387e-21
25.84592296148074 1.327434029925695e-21
25.85792896448224 1.532212445284527e-21
25.86993496748374 1.768581931758876e-21
25.88194097048524 2.041416127204347e-21
25.89394697348675 2.356340553200357e-21
25.90595297648824 2.719848614635525e-21
25.91795897948974 3.139435495884362e-21
25.92996498249125 3.623752714738883e-21
25.94197098549274 4.182786521270656e-21
25.95397698849425 4.828063820540014e-21
25.96598299149575 5.572889865681066e-21
25.97798899449725 6.432622623080353e-21
25.98999499749875 7.424989467645663e-21
26.00200100050025 8.570452739127561e-21
26.01400700350175 9.892631698113281e-21
26.02601300650325 1.141878958344313e-20
26.03801900950475 1.318039581539201e-20
26.05002501250625 1.521377493870333e-20
26.06203101550775 1.756085568842113e-20
26.07403701850926 2.027003562633505e-20
26.08604302151075 2.339717917931571e-20
26.09804902451226 2.700676966203643e-20
26.11005502751376 3.117323904229215e-20
26.12206103051526 3.598250287283673e-20
26.13406703351676 4.153373204497151e-20
26.14607303651826 4.794139790330005e-20
26.15807903951976 5.533763289885515e-20
26.17008504252126 6.387495546548222e-20
26.18209104552276 7.372941531615327e-20
26.19409704852426 8.510422402671771e-20
26.20610305152576 9.823394578331332e-20
26.21810905452726 1.133893347226932e-19
26.23011505752876 1.308829186303638e-19
26.24212106053027 1.510754441547294e-19
26.25412706353177 1.743833164638979e-19
26.26613306653327 2.012871867819099e-19
26.27813906953477 2.323418649159494e-19
26.29014507253627 2.68187761213889e-19
26.30215107553777 3.095640939359891e-19
26.31415707853927 3.573241344363408e-19
26.32616308154077 4.124528045797537e-19
26.33816908454227 4.760869893351771e-19
26.35017508754377 5.495389834880834e-19
26.36218109054527 6.343235560566654e-19
26.37418709354677 7.321891906135321e-19
26.38619309654828 8.451541458449431e-19
26.39819909954977 9.75548080100056e-19
26.41020510255128 1.126060098443926e-18
26.42221110555278 1.299794213197218e-18
26.43421710855428 1.500333361855242e-18
26.44622311155578 1.731813302783002e-18
26.45822911455728 1.99900791282232e-18
26.47023511755878 2.307427646124167e-18
26.48224112056028 2.663433184985339e-18
26.49424712356178 3.074366626822982e-18
26.50625312656328 3.548702913126987e-18
26.51825912956478 4.096224623750002e-18
26.53026513256628 4.728223741840082e-18
26.54227113556778 5.457734551033252e-18
26.55427713856928 6.299802468677918e-18
26.56628314157079 7.271794360106229e-18
26.57828914457228 8.39375673458951e-18
26.59029514757379 9.688829211265412e-18
26.60230115057529 1.118372178337652e-17
26.61430715357679 1.290926572513113e-17
26.62631315657829 1.490104950453249e-17
26.63831915957979 1.720015281895803e-17
26.65032516258129 1.985399389427552e-17
26.66233116558279 2.291730752460974e-17
26.67433716858429 2.64532740267174e-17
26.68634317158579 3.053482239591917e-17
26.69834917458729 3.524613454389479e-17
26.7103551775888 4.068438164649414e-17
26.72236118059029 4.696172841761999e-17
26.7343671835918 5.420764665196466e-17
26.7463731865933 6.257158575894293e-17
26.7583791895948 7.222605537416131e-17
26.7703851925963 8.337018363510965e-17
26.7823911955978 9.623382451981042e-17
26.7943971985993 1.110822989733268e-16
26.8064032016008 1.282218676209622e-16
26.8184092046023 1.480060479583895e-16
26.8304152076038 1.70842906329147e-16
26.8424212106053 1.972034751083075e-16
26.8544272136068 2.276314687224815e-16
26.8664332166083 2.627544989295044e-16
26.87843921960981 3.032970207089073e-16
26.89044522261131 3.500952758146095e-16
26.90245122561281 4.041145422506987e-16
26.91445722861431 4.664690454998048e-16
26.92646323161581 5.384449422427834e-16
26.93846923461731 6.215268506909578e-16
26.95047523761881 7.174284748156228e-16
26.96248124062031 8.281279542132509e-16
26.97448724362181 9.559086688311502e-16
26.98649324662331 1.103406340308379e-15
26.99849924962481 1.273663401582042e-15
27.01050525262631 1.470191756349463e-15
27.02251125562782 1.697045223055486e-15
27.03451725862931 1.958903157862012e-15
27.04652326163082 2.261166981675514e-15
27.05852926463232 2.610071602515584e-15
27.07053526763382 3.012814031795481e-15
27.08254127063532 3.477701847793859e-15
27.09454727363682 4.014324569043163e-15
27.10655327663832 4.633751472991956e-15
27.11855927963982 5.348759940866377e-15
27.13056528264132 6.174099039415793e-15
27.14257128564282 7.12679377717198e-15
27.15457728864432 8.226496311977647e-15
27.16658329164582 9.495891355160973e-15
27.17858929464732 1.096116413583177e-14
27.19059529764882 1.265254057942017e-14
27.20260130065033 1.460491084439766e-14
27.21460730365182 1.685854908085049e-14
27.22661330665333 1.945994425969724e-14
27.23861930965483 2.246275921281204e-14
27.25062531265633 2.592893766940937e-14
27.26263131565783 2.992998212733834e-14
27.27463731865933 3.454842892241867e-14
27.28664332166083 3.98795509273438e-14
27.29864932466233 4.603332300791757e-14
27.31065532766383 5.313669078537217e-14
27.32266133066533 6.133618951108187e-14
27.33466733366683 7.080096708324801e-14
27.34667333666833 8.172627357311412e-14
27.35867933966983 9.43374892530096e-14
27.37068534267134 1.088947742285958e-13
27.38269134567284 1.25698435602324e-13
27.39469734867434 1.450951228989179e-13
27.40670335167584 1.674849795720983e-13
27.41870935467734 1.933298981373544e-13
27.43071535767884 2.231630492453215e-13
27.44272136068034 2.575998812940549e-13
27.45472736368184 2.973508175184843e-13
27.46673336668334 3.43235912517615e-13
27.47873936968484 3.962017706071875e-13
27.49074537268634 4.573410750516731e-13
27.50275137568784 5.27915131097514e-13
27.51475737868935 6.093798879108682e-13
27.52676338169085 7.03415976300801e-13
27.53876938469235 8.119633819638499e-13
27.55077538769385 9.372614696277558e-13
27.56278139069535 1.081895183874297e-12
27.57478739369685 1.248848379861533e-12
27.58679339669835 1.441565384273907e-12
27.59879939969985 1.664022056639868e-12
27.61080540270135 1.920807817174811e-12
27.62281140570285 2.217220333576679e-12
27.63481740870435 2.559374820391302e-12
27.64682341170585 2.954330206063759e-12
27.65882941470736 3.410234770821792e-12
27.67083541770885 3.936494260278689e-12
27.68284142071035 4.543965943385596e-12
27.69484742371186 5.245182618675655e-12
27.70685342671336 6.05461119067037e-12
27.71885942971486 6.988951151612379e-12
27.73086543271636 8.067479127066572e-12
27.74287143571786 9.312446594382865e-12
27.75487743871936 1.074953898015062e-11
27.76688344172086 1.240840560923531e-11
27.77888944472236 1.432327143990489e-11
27.79089544772386 1.653364320709239e-11
27.80290145072536 1.908512454382333e-11
27.81490745372686 2.203035689945755e-11
27.82691345672836 2.543010566905401e-11
27.83891945972987 2.935451394442379e-11
27.85092546273136 3.388454975611831e-11
27.86293146573287 3.911367666807427e-11
27.87493746873437 4.51497821952882e-11
27.88694347173587 5.211740383482025e-11
27.89894947473737 6.01602986414036e-11
27.91095547773887 6.944440936768209e-11
27.92296148074037 8.0161288371889e-11
27.93496748374187 9.253204994146601e-11
27.94697348674337 1.068119325846165e-10
27.95897948974487 1.232955654280824e-10
27.97098549274637 1.42323047388254e-10
27.98299149574787 1.642869645538659e-10
27.99499749874937 1.896404905780805e-10
28.00700350175088 2.189067372252023e-10
28.01900950475238 2.526895480137461e-10
28.03101550775388 2.916859576754207e-10
28.04302151075538 3.367005745232725e-10
28.05502751375688 3.886621825010638e-10
28.06703351675838 4.486429054887491e-10
28.07903951975988 5.178803293108146e-10
28.09104552276138 5.978030379263137e-10
28.10305152576288 6.900600907310992e-10
28.11505752876438 7.965550492278529e-10
28.12706353176588 9.194852551962353e-10
28.13906953476738 1.061387170861076e-09
28.15107553776889 1.225188716647184e-09
28.16308154077038 1.414269686506485e-09
28.17508754377189 1.632531487486529e-09
28.18709354677339 1.884477642618656e-09
28.19909954977489 2.175306718309855e-09
28.21110555277639 2.511019593808e-09
28.22311155577789 2.898543286266456e-09
28.23511755877939 3.345873886568626e-09
28.24712356178089 3.862241555435673e-09
28.25912956478239 4.458300984569852e-09
28.27113556778389 5.146351253075767e-09
28.28314157078539 5.940589615996705e-09
28.29514757378689 6.857404462021041e-09
28.30715357678839 7.915713485704538e-09
28.31915957978989 9.137354052598653e-09
28.3311655827914 1.054753381272754e-08
28.34317158579289 1.217535086114418e-08
28.3551775887944 1.405439417947627e-08
28.3671835917959 1.622343674906279e-08
28.3791895947974 1.872723563867145e-08
28.3911955977989 2.161745557734093e-08
28.4032016008004 2.495373507116764e-08
28.4152076038019 2.880491706444273e-08
28.4272136068034 3.325046954114765e-08
28.4392196098049 3.838212538251002e-08
28.4512256128064 4.430577532099833e-08
28.4632316158079 5.114365305416954e-08
28.47523761880941 5.903685761096711e-08
28.4872436218109 6.81482650228254e-08
28.49924962481241 7.866588938589804e-08
28.51125562781391 9.080676267469639e-08
28.52326163081541 1.048214133727841e-07
28.53526763381691 1.209990363438652e-07
28.54727363681841 1.396734606316484e-07
28.55927963981991 1.612300383436726e-07
28.57128564282141 1.861135967826677e-07
28.58329164582291 2.14837617931295e-07
28.59529764882441 2.479948347250909e-07
28.60730365182591 2.862694627868723e-07
28.61930965482741 3.304513200471525e-07
28.63131565782891 3.814521256358323e-07
28.64332166083042 4.403243144046238e-07
28.65532766383192 5.082827553555175e-07
28.66733366683342 5.867298221795474e-07
28.67933966983492 6.772843332889665e-07
28.69134567283642 7.81814958582418e-07
28.70335167583792 9.02478782364878e-07
28.71535767883942 1.041765818254513e-06
28.72736368184092 1.202550394743249e-06
28.73936968484242 1.388150471871903e-06
28.75137568784392 1.602396113160537e-06
28.76338169084542 1.849708525878343e-06
28.77538769384692 2.135191300844365e-06
28.78739369684843 2.464735734722063e-06
28.79939969984992 2.845142408403293e-06
28.81140570285143 3.284261530568985e-06
28.82341170585293 3.791154942788622e-06
28.83541770885443 4.376283129571479e-06
28.84742371185593 5.051721092835818e-06
28.85942971485743 5.831407545968686e-06
28.87143571785893 6.731432570303086e-06
28.88344172086043 7.770369670633496e-06
28.89544772386193 8.96965908270791e-06
28.90745372686343 1.035405024338658e-05
28.91945972986493 1.1952112555175e-05
28.93146573286643 1.379682498632224e-05
28.94347173586793 1.592625667471567e-05
28.95547773886943 1.838435258197932e-05
28.96748374187094 2.12218404122608e-05
28.97948974487243 2.449727751291602e-05
28.99149574787394 2.827825936332782e-05
29.00350175087544 3.264281459305011e-05
29.01550775387694 3.768101532018411e-05
29.02751375687844 4.349683604482352e-05
29.03951975987994 5.021029946227035e-05
29.05152576288144 5.795995348239927e-05
29.06353176588294 6.69057305772562e-05
29.07553776888444 7.723224846980061e-05
29.08754377188594 8.915262028550398e-05
29.09954977488744 0.0001029128528032995
29.11155577788895 0.0001187969235801604
29.12356178089044 0.0001371326417348871
29.13556778389195 0.0001582984133506897
29.14757378689345 0.0001827310511266987
29.15957978989495 0.0002109347894609598
29.17158579289645 0.0002434916910266279
29.18359179589795 0.0002810736596224496
29.19559779889945 0.0003244563072309922
29.20760380190095 0.0003745349614876873
29.21960980490245 0.000432343143940502
29.23161580790395 0.0004990739004757275
29.24362181090545 0.0005761044241525341
29.25562781390695 0.0006650244786426106
29.26763381690845 0.0007676692089139413
29.27963981990996 0.0008861570163486484
29.29164582291146 0.00102293328001283
29.30365182591296 0.001180820826458903
29.31565782891446 0.001363078189728687
29.32766383191596 0.001573466864013135
29.33966983491746 0.001816328937031166
29.35167583791896 0.002096676706446155
29.36368184092046 0.002420296128966935
29.37568784392196 0.002793866237285392
29.38769384692346 0.003225096989577896
29.39969984992496 0.003722888396745636
29.41170585292646 0.004297514211741796
29.42371185592796 0.00496083397229651
29.43571785892946 0.005726537773567392
29.44772386193096 0.006610428822793628
29.45972986493247 0.007630749607858841
29.47173586793397 0.008808558411868381
29.48374187093547 0.01016816394500127
29.49574787393697 0.01173762706445458
29.50775387693847 0.01354933993801844
29.51975987993997 0.01564069460528515
29.53176588294147 0.01805485473569955
29.54377188594297 0.02084164651268651
29.55577788894447 0.02405858703191171
29.56778389194597 0.02777207144009512
29.57978989494747 0.03205874331729106
29.59179589794897 0.03700707658780319
29.60380190095048 0.04271920161098874
29.61580790395197 0.04931301314324357
29.62781390695348 0.0569246036804818
29.63981990995498 0.06571107240652063
29.65182591295648 0.07585376772558239
29.66383191595798 0.08756203030665931
29.67583791895948 0.1010775138984824
29.68784392196098 0.1166791730995396
29.69984992496248 0.1346890210341652
29.71185592796398 0.1554787757773298
29.72386193096548 0.1794775327154336
29.73586793396698 0.2071806212067936
29.74787393696849 0.2391598283507434
29.75987993996998 0.2760752008929175
29.77188594297149 0.318688668868841
29.78389194597299 0.367879772190797
29.79589794897449 0.4246638147902737
29.80790395197599 0.4902128210361049
29.81990995497749 0.5658797269910321
29.83191595797899 0.6532263058407972
29.84392196098049 0.7540554039083176
29.85592796398199 0.8704481526420341
29.86793396698349 1.004806924678804
29.87993996998499 1.159904920647902
29.89194597298649 1.338943410251214
29.90395197598799 1.545617809150837
29.9159579789895 1.784193955580336
29.927963981991 2.059596161134726
29.9399699849925 2.377508853232775
29.951975987994 2.74449390730029
29.9639819909955 3.168126090585907
29.975987993997 3.657149413376898
29.9879939969985 4.221657614948681
30 4.873302509766756
