6 0 
6.012006003001501 1.892456628102283e-110 
6.024012006003002 5.09600006166183e-110 
6.036018009004502 1.175196210838402e-109 
6.048024012006003 2.618414487641427e-109 
6.060030015007504 5.753486006202302e-109 
6.072036018009005 1.251838037774336e-108 
6.084042021010506 2.699422724314892e-108 
6.096048024012006 5.770363591639733e-108 
6.108054027013507 1.222901938192084e-107 
6.120060030015008 2.56963124987987e-107 
6.132066033016509 5.353928026916549e-107 
6.144072036018009 1.106185387531264e-106 
6.156078039019509 2.266562953744999e-106 
6.16808404202101 4.60598732017157e-106 
6.180090045022511 9.283744442892822e-106 
6.192096048024012 1.85609117165677e-105 
6.204102051025512 3.681129683839296e-105 
6.216108054027013 7.242664988802035e-105 
6.228114057028514 1.413776337591471e-104 
6.240120060030015 2.738150994126768e-104 
6.252126063031516 5.262081456479482e-104 
6.264132066033016 1.003483214183544e-103 
6.276138069034517 1.899081836308697e-103 
6.288144072036018 3.566865086714952e-103 
6.300150075037519 6.649167815869495e-103 
6.31215607803902 1.230306859053352e-102 
6.32416208104052 2.259710608298133e-102 
6.336168084042021 4.120148551878227e-102 
6.348174087043522 7.457972769304036e-102 
6.360180090045023 1.34030466729873e-101 
6.372186093046524 2.39159582583811e-101 
6.384192096048024 4.237405420459166e-101 
6.396198099049525 7.4553223944142e-101 
6.408204102051026 1.302605706198208e-100 
6.420210105052527 2.26029627684229e-100 
6.432216108054027 3.895373176676616e-100 
6.444222111055527 6.667903234694281e-100 
6.456228114057028 1.133733536631829e-99 
6.468234117058529 1.914868274302552e-99 
6.48024012006003 3.21290210774821e-99 
6.49224612306153 5.355635257643067e-99 
6.504252126063031 8.869586733594147e-99 
6.516258129064532 1.459480897739836e-98 
6.528264132066033 2.386270012734723e-98 
6.540270135067534 3.876949562115014e-98 
6.552276138069034 6.259406234884366e-98 
6.564282141070535 1.004318188045003e-97 
6.576288144072036 1.601501189237236e-97 
6.588294147073537 2.538184928741748e-97 
6.600300150075038 3.998355353300943e-97 
6.612306153076538 6.260708624461811e-97 
6.624312156078039 9.744760690899996e-97 
6.63631815907954 1.507807246826257e-96 
6.648324162081041 2.319362249470857e-96 
6.660330165082541 3.546993326869242e-96 
6.672336168084042 5.393142301900365e-96 
6.684342171085543 8.153302841335251e-96 
6.696348174087044 1.225619588155569e-95 
6.708354177088545 1.832011742324441e-95 
6.720360180090045 2.723146734525377e-95 
6.732366183091546 4.025349864588912e-95 
6.744372186093047 5.917596757194977e-95 
6.756378189094547 8.651977305320139e-95 
6.768384192096048 1.258150366760317e-94 
6.780390195097548 1.819766148908443e-94 
6.792396198099049 2.618080138040379e-94 
6.80440220110055 3.746733941432116e-94 
6.816408204102051 5.333881505515744e-94 
6.828414207103552 7.553918049950122e-94 
6.840420210105052 1.064283083300712e-93 
6.852426213106553 1.491816488289471e-93 
6.864432216108054 2.08048289924737e-93 
6.876438219109555 2.886824169817681e-93 
6.888444222111056 3.985663792974725e-93 
6.900450225112556 5.475472823902333e-93 
6.912456228114057 7.485132675515987e-93 
6.924462231115558 1.018240426133292e-92 
6.936468234117059 1.378446619303093e-92 
6.948474237118559 1.857094302284463e-92 
6.96048024012006 2.489990719857158e-92 
6.972486243121561 3.322740441259358e-92 
6.984492246123062 4.413111982723128e-92 
6.996498249124563 5.833887013904325e-92 
7.008504252126063 7.676267085059265e-92 
7.020510255127563 1.005391860006667e-91 
7.032516258129064 1.310774147546879e-91 
7.044522261130565 1.701145006936116e-91 
7.056528264132066 2.197805596127644e-91 
7.068534267133566 2.826734036647504e-91 
7.080540270135067 3.619439866434395e-91 
7.092546273136568 4.613932994951228e-91 
7.104552276138069 5.855812988924687e-91 
7.11655827913957 7.399482469953648e-91 
7.12856428214107 9.309485698117226e-91 
7.140570285142571 1.166196998026306e-90 
7.152576288144072 1.454626332208893e-90 
7.164582291145573 1.806655670018543e-90 
7.176588294147074 2.23436734493694e-90 
7.188594297148574 2.751690155391783e-90 
7.200600300150075 3.374585714848983e-90 
7.212606303151576 4.121233936294527e-90 
7.224612306153077 5.012212791981184e-90 
7.236618309154577 6.070666579770487e-90 
7.248624312156078 7.322456004207207e-90 
7.260630315157579 8.796282472865108e-90 
7.27263631815908 1.052377814986402e-89 
7.284642321160581 1.253955253838469e-89 
7.296648324162081 1.488118572465261e-89 
7.308654327163582 1.758915795387623e-89 
7.320660330165083 2.070670497212608e-89 
7.332666333166584 2.42795886054942e-89 
7.344672336168085 2.835577240660472e-89 
7.356678339169584 3.298499292209854e-89 
7.368684342171085 3.82182182626901e-89 
7.380690345172586 4.410698721767443e-89 
7.392696348174087 5.070262417165707e-89 
7.404702351175588 5.805532755738757e-89 
7.416708354177088 6.621313250881244e-89 
7.428714357178589 7.522075173976636e-89 
7.44072036018009 8.511830242231418e-89 
7.452726363181591 9.593993091522983e-89 
7.464732366183092 1.077123515165826e-88 
7.476738369184592 1.20453319885553e-88 
7.488744372186093 1.341700662821399e-88 
7.500750375187594 1.488577181745697e-88 
7.512756378189095 1.644977459179354e-88 
7.524762381190595 1.810564689624539e-88 
7.536768384192096 1.984836632386138e-88 
7.548774387193597 2.167113128379309e-88 
7.560780390195098 2.356525507022619e-88 
7.572786393196599 2.552008336089148e-88 
7.584792396198099 2.752293961715151e-88 
7.596798399199599 2.955910267606936e-88 
7.6088044022011 3.161182051150377e-88 
7.620810405202601 3.366236369169875e-88 
7.632816408204102 3.569012147579597e-88 
7.644822411205602 3.767274277405829e-88 
7.656828414207103 3.958632335603175e-88 
7.668834417208604 4.140563973940625e-88 
7.680840420210105 4.310442914736797e-88 
7.692846423211606 4.465571380554172e-88 
7.704852426213106 4.603216668561518e-88 
7.716858429214607 4.720651462002959e-88 
7.728864432216108 4.815197354204744e-88 
7.740870435217609 4.884270947924761e-88 
7.75287643821911 4.925431788053084e-88 
7.76488244122061 4.936431291950022e-88 
7.776888444222111 4.915261762257955e-88 
7.788894447223612 4.860204504801912e-88 
7.800900450225113 4.769876031781094e-88 
7.812906453226613 4.643271310128679e-88 
7.824912456228114 4.479803018317276e-88 
7.836918459229615 4.279335803083749e-88 
7.848924462231116 4.042214581090182e-88 
7.860930465232617 3.769286009145655e-88 
7.872936468234117 3.461912349386753e-88 
7.884942471235618 3.121977081202661e-88 
7.896948474237119 2.751881757355066e-88 
7.90895447723862 2.354533764809132e-88 
7.920960480240121 1.933324827862781e-88 
7.932966483241621 1.492100278251768e-88 
7.944972486243121 1.035119309761095e-88 
7.956978489244622 5.670066289405491e-89 
7.968984492246123 9.269610412870539e-90 
7.980990495247624 -3.826328025742162e-89 
7.992996498249124 -8.536248660002085e-89 
8.005002501250626 -1.314824084182838e-88 
8.017008504252125 -1.760752581354715e-88 
8.029014507253628 -2.185992081477985e-88 
8.041020510255127 -2.58526652605336e-88 
8.053026513256629 -2.95352435937627e-88 
8.065032516258128 -3.286018984821303e-88 
8.077038519259631 -3.578385907851656e-88 
8.08904452226113 -3.826715125227167e-88 
8.101050525262632 -4.027617394470195e-88 
8.113056528264131 -4.178283121498632e-88 
8.125062531265632 -4.276532735087036e-88 
8.137068534267133 -4.320857571638272e-88 
8.149074537268634 -4.310450469044247e-88 
8.161080540270135 -4.245225460289199e-88 
8.173086543271635 -4.125826161580469e-88 
8.185092546273136 -3.953622661583734e-88 
8.197098549274637 -3.730696933162527e-88 
8.209104552276138 -3.459817002122356e-88 
8.221110555277638 -3.144400314325866e-88 
8.233116558279139 -2.78846693875879e-88 
8.24512256128064 -2.396583425692527e-88 
8.257128564282141 -1.973798302371616e-88 
8.269134567283642 -1.525570330538436e-88 
8.281140570285142 -1.057690768003694e-88 
8.293146573286643 -5.762009684254109e-89 
8.305152576288144 -8.730671811913049e-90 
8.317158579289645 4.027092546139729e-89 
8.329164582291146 8.875751535468036e-89 
8.341170585292646 1.361116946776929e-88 
8.353176588294147 1.817342777242037e-88 
8.365182591295648 2.250523641545899e-88 
8.377188594297149 2.655269119673276e-88 
8.389194597298649 3.026597050715833e-88 
8.40120060030015 3.359996179397683e-88 
8.413206603301651 3.651480941852367e-88 
8.425212606303152 3.897637713447894e-88 
8.437218609304653 4.095662003095074e-88 
8.449224612306153 4.24338624398708e-88 
8.461230615307654 4.33929799679638e-88 
8.473236618309155 4.382548544757154e-88 
8.485242621310656 4.372952017813728e-88 
8.497248624312157 4.310975332372705e-88 
8.509254627313657 4.197719371678412e-88 
8.521260630315158 4.034891957397314e-88 
8.533266633316659 3.824773273819715e-88 
8.54527263631816 3.570174500885095e-88 
8.55727863931966 3.274390489992255e-88 
8.569284642321161 2.941147376687683e-88 
8.58129064532266 2.574546066648578e-88 
8.593296648324163 2.179002556010322e-88 
8.605302651325662 1.759186054536498e-88 
8.617308654327164 1.319955871167043e-88 
8.629314657328663 8.662979971564817e-89 
8.641320660330166 4.032622836183041e-89 
8.653326663331665 -6.409894071546285e-90 
8.665332666333168 -5.30790027714157e-89 
8.677338669334667 -9.919282315207338e-89 
8.689344672336169 -1.442796359925225e-88 
8.701350675337668 -1.878891306159352e-88 
8.713356678339169 -2.295968000205179e-88 
8.72536268134067 -2.690078409250405e-88 
8.737368684342171 -3.057605307959931e-88 
8.749374687343671 -3.395290629213291e-88 
8.761380690345172 -3.700258293455543e-88 
8.773386693346673 -3.970031498524506e-88 
8.785392696348174 -4.202544530639491e-88 
8.797398699349674 -4.396149230193399e-88 
8.809404702351175 -4.549616312303837e-88 
8.821410705352676 -4.662131801127748e-88 
8.833416708354177 -4.733288888294782e-88 
8.845422711355678 -4.76307556918489e-88 
8.857428714357178 -4.751858446051875e-88 
8.869434717358679 -4.700363114204396e-88 
8.88144072036018 -4.609651566761018e-88 
8.893446723361681 -4.48109706518636e-88 
8.905452726363182 -4.316356927264849e-88 
8.917458729364682 -4.117343681881508e-88 
8.929464732366183 -3.886195031469139e-88 
8.941470735367684 -3.625243048896042e-88 
8.953476738369185 -3.33698301652263e-88 
8.965482741370685 -3.024042291854439e-88 
8.977488744372186 -2.6891495573207e-88 
8.989494747373687 -2.335104781930961e-88 
9.001500750375188 -1.964750190552737e-88 
9.013506753376689 -1.580942502987177e-88 
9.025512756378189 -1.186526670499621e-88 
9.03751875937969 -7.843113025789987e-89 
9.049524762381191 -3.770459419869599e-89 
9.061530765382692 3.259968790246744e-90 
9.073536768384193 4.420543724436852e-89 
9.085542771385693 8.488619722230324e-89 
9.097548774387194 1.250695836934094e-88 
9.109554777388695 1.645371064517061e-88 
9.121560780390196 2.030854628883331e-88 
9.133566783391696 2.405273422565763e-88 
9.145572786393197 2.766920281143848e-88 
9.157578789394698 3.114258074227294e-88 
9.169584792396197 3.445921963135712e-88 
9.1815907953977 3.76071993820168e-88 
9.193596798399199 4.057631758919898e-88 
9.205602801400701 4.335806428050071e-88 
9.2176088044022 4.594558336372193e-88 
9.229614807403703 4.833362218236582e-88 
9.241620810405202 5.051847059487466e-88 
9.253626813406704 5.249789098958702e-88 
9.265632816408203 5.427104062695833e-88 
9.277638819409706 5.583838766552839e-88 
9.289644822411205 5.720162218023297e-88 
9.301650825412706 5.836356342275032e-88 
9.313656828414207 5.932806450549147e-88 
9.325662831415707 6.009991561540265e-88 
9.337668834417208 6.068474678244978e-88 
9.349674837418709 6.108893114231057e-88 
9.36168084042021 6.131948954461155e-88 
9.37368684342171 6.13839972687146e-88 
9.385692846423211 6.129049351940788e-88 
9.397698849424712 6.104739428637974e-88 
9.409704852426213 6.066340906475517e-88 
9.421710855427714 6.014746185024937e-88 
9.433716858429214 5.950861674226662e-88 
9.445722861430715 5.875600841225438e-88 
9.457728864432216 5.789877762316247e-88 
9.469734867433717 5.694601191943062e-88 
9.481740870435218 5.590669154573895e-88 
9.493746873436718 5.478964059700055e-88 
9.505752876438219 5.360348335183284e-88 
9.51775887943972 5.235660569701063e-88 
9.529764882441221 5.10571215111241e-88 
9.541770885442721 4.971284384170692e-88 
9.553776888444222 4.833126068129133e-88 
9.565782891445723 4.691951512395657e-88 
9.577788894447224 4.548438966472772e-88 
9.589794897448725 4.403229438933156e-88 
9.601800900450225 4.256925879107279e-88 
9.613806903451726 4.110092694459887e-88 
9.625812906453227 3.963255576271487e-88 
9.637818909454728 3.816901606196234e-88 
9.649824912456229 3.671479616493101e-88 
9.661830915457729 3.527400777200122e-88 
9.67383691845923 3.385039384203067e-88 
9.685842921460731 3.244733823014593e-88 
9.697848924462232 3.106787684095366e-88 
9.709854927463732 2.97147100668938e-88 
9.721860930465233 2.839021629382972e-88 
9.733866933466732 2.709646626911028e-88 
9.745872936468235 2.583523814099034e-88 
9.757878939469734 2.460803299227124e-88 
9.769884942471236 2.341609070515052e-88 
9.781890945472735 2.226040600837975e-88 
9.793896948474238 2.11417445717712e-88 
9.805902951475737 2.00606590267655e-88 
9.81790895447724 1.901750480505344e-88 
9.829914957478739 1.801245570004216e-88 
9.841920960480241 1.704551906821926e-88 
9.85392696348174 1.611655059911144e-88 
9.865932966483243 1.522526859352914e-88 
9.877938969484742 1.437126770010139e-88 
9.889944972486242 1.355403206970596e-88 
9.901950975487743 1.277294789629298e-88 
9.913956978489244 1.202731532076267e-88 
9.925962981490745 1.131635968201444e-88 
9.937968984492246 1.063924210603791e-88 
9.949974987493746 9.995069429983578e-89 
9.961980990495247 9.382903463561718e-89 
9.973986993496748 8.801769594892045e-89 
9.985992996498249 8.250664752099841e-89 
9.99799899949975 7.728564735556346e-89 
10.01000500250125 7.234430938726332e-89 
10.02201100550275 6.767216478151112e-89 
10.03401700850425 6.325871755195947e-89 
10.04602301150575 5.909349473864397e-89 
10.05802901450725 5.516609140261475e-89 
10.07003501750875 5.14662107021398e-89 
10.08204102051026 4.798369932158311e-89 
10.09404702351176 4.470857852720656e-89 
10.10605302651326 4.163107112472025e-89 
10.11805902951476 3.874162459175713e-89 
10.13006503251626 3.603093065477201e-89 
10.14207103551776 3.348994157455128e-89 
10.15407703851926 3.110988339772686e-89 
10.16608304152076 2.888226642370133e-89 
10.17808904452226 2.679889312741146e-89 
10.19009504752376 2.485186376858579e-89 
10.20210105052526 2.303357990777115e-89 
10.21410705352676 2.1336746038576e-89 
10.22611305652826 1.97543695344544e-89 
10.23811905952977 1.827975909705811e-89 
10.25012506253126 1.690652188184463e-89 
10.26213106553277 1.562855946533666e-89 
10.27413706853427 1.444006280727602e-89 
10.28614307153577 1.333550634998115e-89 
10.29814907453727 1.2309641386562e-89 
10.31015507753877 1.135748881932894e-89 
10.32216108054027 1.047433141979319e-89 
10.33416708354177 9.655705692130022e-90 
10.34617308654327 8.897393432896982e-90 
10.35817908954477 8.195413071179929e-90 
10.37018509254627 7.546010865197389e-90 
10.38219109554777 6.945652023739307e-90 
10.39419709854927 6.391011813648547e-90 
10.40620310155078 5.878966707876323e-90 
10.41820910455228 5.406585622448663e-90 
10.43021510755378 4.971121284965585e-90 
10.44222111055528 4.570001772006638e-90 
10.45422711355678 4.200822248025294e-90 
10.46623311655828 3.861336933966028e-90 
10.47823911955978 3.549451329920859e-90 
10.49024512256128 3.26321471263826e-90 
10.50225112556278 3.000812925594353e-90 
10.51425712856428 2.760561476618337e-90 
10.52626313156578 2.540898955717013e-90 
10.53826913456728 2.340380783752228e-90 
10.55027513756878 2.157673300977761e-90 
10.56228114057028 1.99154820312629e-90 
10.57428714357179 1.840877331741724e-90 
10.58629314657329 1.704627824768211e-90 
10.59829914957479 1.581857633026833e-90 
10.61030515257629 1.471711408129245e-90 
10.62231115557779 1.373416767589888e-90 
10.63431715857929 1.286280943404679e-90 
10.64632316158079 1.209687821164779e-90 
10.65832916458229 1.143095377873627e-90 
10.67033516758379 1.086033528040625e-90 
10.68234117058529 1.038102389345988e-90 
10.69434717358679 9.989709812220851e-91 
10.70635317658829 9.683763720944536e-91 
10.7183591795898 9.461232937921339e-91 
10.7303651825913 9.320842447985487e-91 
10.7423711855928 9.262001076014873e-91 
10.7543771885943 9.284813094507083e-91 
10.7663831915958 9.390095603866904e-91 
10.7783891945973 9.579402075130822e-91 
10.7903951975988 9.855052502051052e-91 
10.8024012006003 1.022017067340633e-90 
10.8144072036018 1.067872914783747e-90 
10.8264132066033 1.123560259325143e-90 
10.8384192096048 1.189663024184565e-90 
10.8504252126063 1.266868831114166e-90 
10.8624312156078 1.355977335228693e-90 
10.87443721860931 1.457909761064919e-90 
10.8864432216108 1.573719762191522e-90 
10.89844922461231 1.704605742124461e-90 
10.91045522761381 1.851924791545383e-90 
10.92246123061531 2.017208416090185e-90 
10.93446723361681 2.202180250516686e-90 
10.94647323661831 2.408775979150148e-90 
10.95847923961981 2.639165709452905e-90 
10.97048524262131 2.895779075718158e-90 
10.98249124562281 3.181333383638657e-90 
10.99449724862431 3.498865144289003e-90 
11.00650325162581 3.85176538837914e-90 
11.01850925462731 4.243819199041398e-90 
11.03051525762881 4.679249954528582e-90 
11.04252126063032 5.162768831726595e-90 
11.05452726363182 5.699630188110198e-90 
11.06653326663332 6.295693514580954e-90 
11.07853926963482 6.957492735516712e-90 
11.09054527263632 7.69231372645341e-90 
11.10255127563782 8.508281025369392e-90 
11.11455727863932 9.41445483196572e-90 
11.12656328164082 1.042093952222588e-89 
11.13856928464232 1.153900505468354e-89 
11.15057528764382 1.278122281224165e-89 
11.16258129064532 1.416161761133616e-89 
11.17458729364682 1.569583782127082e-89 
11.18659329664832 1.740134577353377e-89 
11.19859929964982 1.929763090706959e-89 
11.21060530265133 2.140644839445319e-89 
11.22261130565283 2.375208632978244e-89 
11.23461730865433 2.636166493647717e-89 
11.24662331165583 2.926547167722325e-89 
11.25862931465733 3.249733662486336e-89 
11.27063531765883 3.609505298868091e-89 
11.28264132066033 4.010084829264394e-89 
11.29464732366183 4.456191237910667e-89 
11.30665332666333 4.953098917258171e-89 
11.31865932966483 5.506703999407638e-89 
11.33066533266633 6.123598717902953e-89 
11.34267133566783 6.811154783451223e-89 
11.35467733866933 7.577616878918521e-89 
11.36668334167084 8.432207515956714e-89 
11.37868934467234 9.385244649766883e-89 
11.39069534767384 1.044827362196247e-88 
11.40270135067534 1.163421519670026e-88 
11.41470735367684 1.295753167494932e-88 
11.42671335667834 1.4434413319068e-88 
11.43871935967984 1.608298759825326e-88 
11.45072536268134 1.792355407885671e-88 
11.46273136568284 1.99788481364745e-88 
11.47473736868434 2.227433706412809e-88 
11.48674337168584 2.483855259841591e-88 
11.49874937468734 2.77034643896124e-88 
11.51075537768885 3.090489950951984e-88 
11.52276138069034 3.448301373056138e-88 
11.53476738369185 3.848282103030259e-88 
11.54677338669335 4.295478858765063e-88 
11.55877938969485 4.795550545206622e-88 
11.57078539269635 5.354843409841699e-88 
11.58279139569785 5.980475524246033e-88 
11.59479739869935 6.680431760215817e-88 
11.60680340170085 7.463670576704177e-88 
11.61880940470235 8.34024410030532e-88 
11.63081540770385 9.321433169784704e-88 
11.64282141070535 1.041989922687164e-87 
11.65482741370685 1.164985517429148e-87 
11.66683341670835 1.302725759129691e-87 
11.67883941970986 1.457002300069072e-87 
11.69084542271136 1.629827122395489e-87 
11.70285142571286 1.82345992476268e-87 
11.71485742871436 2.040438946015636e-87 
11.72686343171586 2.283615661054008e-87 
11.73886943471736 2.556193839528879e-87 
11.75087543771886 2.861773520691893e-87 
11.76288144072036 3.204400528439671e-87 
11.77488744372186 3.588622230424788e-87 
11.78689344672336 4.019550335217144e-87 
11.79889944972486 4.50293162322963e-87 
11.81090545272636 5.045227621977241e-87 
11.82291145572786 5.653704365923308e-87 
11.83491745872936 6.336533527607087e-87 
11.84692346173087 7.102906372122245e-87 
11.85892946473237 7.96316217378937e-87 
11.87093546773387 8.9289329448231e-87 
11.88294147073537 1.00133065640868e-86 
11.89494747373687 1.123101066321832e-86 
11.90695347673837 1.259861993152913e-86 
11.91895947973987 1.413478984468641e-86 
11.93096548274137 1.586052021044025e-86 
11.94297148574287 1.779945236339079e-86 
11.95497748874437 1.99782043366061e-86 
11.96698349174587 2.242674889826827e-86 
11.97898949474737 2.517883997489747e-86 
11.99099549774887 2.827249369864423e-86 
12.00300150075038 3.175053112547603e-86 
12.01500750375187 3.566119058606502e-86 
12.02701350675338 4.005881866567733e-86 
12.03901950975488 4.500464997906554e-86 
12.05102551275638 5.056768722904546e-86 
12.06303151575788 5.682569453320752e-86 
12.07503751875938 6.386631869484889e-86 
12.08704352176088 7.178835500749391e-86 
12.09904952476238 8.070317634649965e-86 
12.11105552776388 9.073634674927127e-86 
12.12306153076538 1.020294434549817e-85 
12.13506753376688 1.147421145077988e-85 
12.14707353676839 1.290544025724852e-85 
12.15907953976988 1.451693696222444e-85 
12.17108554277139 1.633160616974399e-85 
12.18309154577289 1.837528580701044e-85 
12.19509754877439 2.067712549620285e-85 
12.20710355177589 2.327001405432438e-85 
12.21910955477739 2.619106253843564e-85 
12.23111555777889 2.948215009654175e-85 
12.24312156078039 3.319054083861136e-85 
12.25512756378189 3.736958102246389e-85 
12.26713356678339 4.207948707229626e-85 
12.27913956978489 4.738823633239204e-85 
12.29114557278639 5.337257402655191e-85 
12.30315157578789 6.011915166935668e-85 
12.31515757878939 6.77258141861318e-85 
12.3271635817909 7.630305527571297e-85 
12.3391695847924 8.597566312929324e-85 
12.3511755877939 9.688458153997368e-85 
12.3631815907954 1.091890147467388e-84 
12.3751875937969 1.230688081051222e-84 
12.3871935967984 1.387271409234369e-84 
12.3991995997999 1.563935726145737e-84 
12.4112056028014 1.763274887643812e-84 
12.4232116058029 1.988219998940167e-84 
12.4352176088044 2.242083526923017e-84 
12.4472236118059 2.528609214249772e-84 
12.4592296148074 2.852028562155091e-84 
12.4712356178089 3.217124750781602e-84 
12.48324162081041 3.629304981288594e-84 
12.49524762381191 4.094682354849183e-84 
12.50725362681341 4.620168551973272e-84 
12.51925962981491 5.213578743733999e-84 
12.53126563281641 5.883750357086616e-84 
12.54327163581791 6.640677532565523e-84 
12.55527763881941 7.495663357648457e-84 
12.56728364182091 8.461492236868047e-84 
12.57928964482241 9.552625074735026e-84 
12.59129564782391 1.078542030471262e-83 
12.60330165082541 1.2178384202521e-83 
12.61530765382691 1.375245438139211e-83 
12.62731365682841 1.553132088784571e-83 
12.63931965982992 1.754178990741118e-83 
12.65132566283141 1.981419575988995e-83 
12.66333166583292 2.238286762392773e-83 
12.67533766883442 2.52866582929732e-83 
12.68734367183592 2.856954324291361e-83 
12.69934967483742 3.228129940143082e-83 
12.71135567783892 3.647827426816453e-83 
12.72336168084042 4.122425746325667e-83 
12.73536768384192 4.659146840266333e-83 
12.74737368684342 5.266167563774368e-83 
12.75937968984492 5.952746548357144e-83 
12.77138569284642 6.729367992866977e-83 
12.78339169584793 7.607904650649318e-83 
12.79539769884942 8.60180258591829e-83 
12.80740370185093 9.726290618597914e-83 
12.81940970485243 1.099861776979275e-82 
12.83141570785393 1.243832246604729e-82 
12.84342171085543 1.406753776681078e-82 
12.85542771385693 1.591133745421159e-82 
12.86743371685843 1.799812847664173e-82 
12.87943971985993 2.036009597829865e-82 
12.89144572286143 2.303370798770353e-82 
12.90345172586293 2.60602877929167e-82 
12.91545772886443 2.94866631151604e-82 
12.92746373186593 3.33659024233958e-82 
12.93946973486743 3.775815013004291e-82 
12.95147573786893 4.273157399514885e-82 
12.96348174087044 4.836343986866783e-82 
12.97548774387194 5.474133094739286e-82 
12.98749374687344 6.196453104774264e-82 
12.99949974987494 7.014559403587113e-82 
13.01150575287644 7.941212455539897e-82 
13.02351175587794 8.990879859930571e-82 
13.03551775887944 1.017996563416739e-81 
13.04752376188094 1.152707040401322e-81 
13.05952976488244 1.305328668127155e-81 
13.07153576788394 1.478253397649557e-81 
13.08354177088544 1.674193913870064e-81 
13.09554777388694 1.896226804618027e-81 
13.10755377688844 2.147841560434291e-81 
13.11955977988995 2.432996195161225e-81 
13.13156578289145 2.756180384834618e-81 
13.14357178589295 3.122487144402237e-81 
13.15557778889445 3.537694200462057e-81 
13.16758379189595 4.008356375794737e-81 
13.17958979489745 4.54191048054647e-81 
13.19159579789895 5.146794408440883e-81 
13.20360180090045 5.832582367706417e-81 
13.21560780390195 6.610138439301721e-81 
13.22761380690345 7.491790953830882e-81 
13.23961980990495 8.491530518181034e-81 
13.25162581290645 9.625234908980648e-81 
13.26363181590795 1.091092448882931e-80 
13.27563781890946 1.236905230012414e-80 
13.28764382191095 1.402283355843396e-80 
13.29964982491246 1.589861991210991e-80 
13.31165582791396 1.802632456781756e-80 
13.32366183091546 2.043990521504155e-80 
13.33566783391696 2.317791263012624e-80 
13.34767383691846 2.628411391774509e-80 
13.35967983991996 2.980820057266837e-80 
13.37168584292146 3.380659293760158e-80 
13.38369184592296 3.834335421677312e-80 
13.39569784892446 4.349122900610857e-80 
13.40770385192596 4.933282334910866e-80 
13.41970985492746 5.59619456569307e-80 
13.43171585792896 6.34851304803242e-80 
13.44372186093047 7.202337013398527e-80 
13.45572786393197 8.171408260063162e-80 
13.46773386693347 9.271334803962517e-80 
13.47973986993497 1.051984506581035e-79 
13.49174587293647 1.193707677450899e-79 
13.50375187593797 1.35459053404882e-79 
13.51575787893947 1.537231710506977e-79 
13.52776388194097 1.744583361418167e-79 
13.53976988494247 1.979999390910225e-79 
13.55177588794397 2.247290278748621e-79 
13.56378189094547 2.550785408073809e-79 
13.57578789394697 2.895403923709939e-79 
13.58779389694847 3.286735291436869e-79 
13.59979989994997 3.731130889561511e-79 
13.61180590295148 4.235808147248081e-79 
13.62381190595298 4.808968952432371e-79 
13.63581790895448 5.459934289239062e-79 
13.64782391195598 6.199297334612252e-79 
13.65982991495748 7.039097550875769e-79 
13.67183591795898 7.993018660305137e-79 
13.68384192096048 9.076613785373068e-79 
13.69584792396198 1.030756149079182e-78 
13.70785392696348 1.170595697840903e-78 
13.71985992996498 1.329464327206078e-78 
13.73186593296648 1.509958789648613e-78 
13.74387193596798 1.715031131356476e-78 
13.75587793896949 1.948037424321074e-78 
13.76788394197099 2.212793197976578e-78 
13.77988994497248 2.513636493422578e-78 
13.79189594797399 2.855499590693956e-78 
13.80390195097549 3.243990604598649e-78 
13.81590795397699 3.685486309769597e-78 
13.82791395697849 4.187237743552982e-78 
13.83991995997999 4.757490349348807e-78 
13.85192596298149 5.405620666639203e-78 
13.86393196598299 6.142291851293389e-78 
13.87593796898449 6.979630625505231e-78 
13.88794397198599 7.931428616229186e-78 
13.89994997498749 9.013371450303497e-78 
13.911955977989 1.024329944049924e-77 
13.92396198099049 1.164150422738539e-77 
13.935967983992 1.323106634612358e-77 
13.9479739869935 1.50382393753184e-77 
13.959979989995 1.709288710848932e-77 
13.9719859929965 1.942898108085565e-77 
13.983991995998 2.208516680003935e-77 
13.9959979989995 2.510540818619591e-77 
14.008004002001 2.853972104458048e-77 
14.0200100050025 3.244500789397221e-77 
14.032016008004 3.688600818315151e-77 
14.0440220110055 4.193637987373154e-77 
14.056028014007 4.767993058410347e-77 
14.0680340170085 5.421201901367927e-77 
14.08004002001 6.164115024186498e-77 
14.09204602301151 7.009079177109951e-77 
14.10405202601301 7.970144091348769e-77 
14.11605802901451 9.063297836943228e-77 
14.12806403201601 1.030673476864617e-76 
14.14007003501751 1.172116057994632e-76 
14.15207603801901 1.333013961335509e-76 
14.16408204102051 1.516049029046966e-76 
14.17608804402201 1.724273534028023e-76 
14.18809404702351 1.961161443258852e-76 
14.20010005002501 2.230666788106112e-76 
14.21210605302651 2.537290128537777e-76 
14.22411205602801 2.886154235469029e-76 
14.23611805902951 3.283090271858761e-76 
14.24812406203102 3.734735931364263e-76 
14.26013006503252 4.248647196379918e-76 
14.27213606803402 4.833425608598994e-76 
14.28414207103552 5.498863208795029e-76 
14.29614807403702 6.256107602821694e-76 
14.30815407703852 7.117849953007407e-76 
14.32016008004002 8.098539084020541e-76 
14.33216608304152 9.214625336567262e-76 
14.34417208604302 1.048483830855383e-75 
14.35617808904452 1.193050320025708e-75 
14.36818409204602 1.35759011374712e-75 
14.38019009504752 1.544867959578741e-75 
14.39219609804903 1.758031990293914e-75 
14.40420210105053 2.000666976913134e-75 
14.41620810405203 2.2768549904132e-75 
14.42821410705353 2.591244504363764e-75 
14.44022011005503 2.949129114769048e-75 
14.45222611305653 3.35653721754142e-75 
14.46423211605803 3.820334171119716e-75 
14.47623811905953 4.348338684977839e-75 
14.48824412206103 4.949455417806792e-75 
14.50025012506253 5.633826046167332e-75 
14.51225612806403 6.413001380156356e-75 
14.52426213106553 7.300137462530225e-75 
14.53626813406703 8.310218997964367e-75 
14.54827413706853 9.460313926749443e-75 
14.56028014007003 1.076986349026665e-74 
14.57228614307154 1.226101274321191e-74 
14.58429214607304 1.395898716019973e-74 
14.59629814907454 1.589252177398522e-74 
14.60830415207604 1.809435018268373e-74 
14.62031015507754 2.060176178953061e-74 
14.63231615807904 2.345723680857481e-74 
14.64432216108054 2.670916990337999e-74 
14.65632816408204 3.041269484628704e-74 
14.66833416708354 3.463062431926392e-74 
14.68034017008504 3.943452095370373e-74 
14.69234617308654 4.490591795979327e-74 
14.70435217608804 5.11377102651078e-74 
14.71635817908954 5.82357400111956e-74 
14.72836418209105 6.632060359662067e-74 
14.74037018509255 7.552971126285264e-74 
14.75237618809405 8.601963456124494e-74 
14.76438219109555 9.796878199006992e-74 
14.77638819409705 1.115804487356603e-73 
14.78839419709855 1.270862928886289e-73 
14.80040020010005 1.447502978460929e-73 
14.81240620310155 1.648732889806322e-73 
14.82441220610305 1.877980822010158e-73 
14.83641820910455 2.139153529135062e-73 
14.84842421210605 2.436703263040006e-73 
14.86043021510755 2.775704040150104e-73 
14.87243621810905 3.161938584323689e-73 
14.88444222111056 3.601997442038481e-73 
14.89644822411206 4.103391976041218e-73 
14.90845422711356 4.674683183011052e-73 
14.92046023011506 5.325628553821293e-73 
14.93246623311656 6.067349506375089e-73 
14.94447223611806 6.912522276132072e-73 
14.95647823911956 7.875595554487815e-73 
14.96848424212106 8.973038627135227e-73 
14.98049024512256 1.022362429143399e-72 
14.99249624812406 1.164875143277541e-72 
15.00450225112556 1.327281282537675e-72 
15.01650825412706 1.512361450475912e-72 
15.02851425712857 1.723285395092026e-72 
15.04052026013007 1.963666533837993e-72 
15.05252626313157 2.2376241269506e-72 
15.06453226613307 2.549854173096189e-72 
15.07653826913457 2.905710252273069e-72 
15.08854427213607 3.31129571311825e-72 
15.10055027513757 3.773568798197095e-72 
15.11255627813907 4.300462524929837e-72 
15.12456228114057 4.901021395421297e-72 
15.13656828414207 5.585557300052337e-72 
15.14857428714357 6.365827312332286e-72 
15.16058029014507 7.255236451984617e-72 
15.17258629314657 8.269068926142807e-72 
15.18459229614807 9.424751852399365e-72 
15.19659829914957 1.074215603087067e-71 
15.20860430215108 1.224393897521733e-71 
15.22061030515258 1.395593614588151e-71 
15.23261630815408 1.590760716543383e-71 
15.24462231115558 1.813254475043063e-71 
15.25662831415708 2.066905518318823e-71 
15.26863431715858 2.356082038935317e-71 
15.28064032016008 2.68576531047308e-71 
15.29264632316158 3.061635823222864e-71 
15.30465232616308 3.490171533516326e-71 
15.31665832916458 3.978759931873534e-71 
15.32866433216608 4.535825875390545e-71 
15.34067033516758 5.170977403909359e-71 
15.35267633816908 5.895172072288481e-71 
15.36468234117059 6.720906687981099e-71 
15.37668834417209 7.662433750355668e-71 
15.38869434717359 8.736008352866778e-71 
15.40070035017509 9.960169839411836e-71 
15.41270635317659 1.135606311124739e-70 
15.42471235617809 1.294780517125037e-70 
15.43671835917959 1.476290328015083e-70 
15.44872436218109 1.683273199839221e-70 
15.46073036518259 1.919307741319853e-70 
15.47273636818409 2.188475802116697e-70 
15.48474237118559 2.495433307271829e-70 
15.49674837418709 2.84549107093739e-70 
15.50875437718859 3.244706996473922e-70 
15.5207603801901 3.699991268567417e-70 
15.5327663831916 4.219226369614584e-70 
15.5447723861931 4.811404011231061e-70 
15.5567783891946 5.486781366870142e-70 
15.5687843921961 6.257059328362752e-70 
15.5807903951976 7.135585893596619e-70 
15.5927963981991 8.137588231270761e-70 
15.6048024012006 9.280437469369469e-70 
15.6168084042021 1.058395082546282e-69 
15.6288144072036 1.207073634916421e-69 
15.6408204102051 1.376658629148004e-69 
15.6528264132066 1.570092596541044e-69 
15.6648324162081 1.790732593188493e-69 
15.6768384192096 2.042408645193252e-69 
15.6888444222111 2.329490440928506e-69 
15.70085042521261 2.656963434953519e-69 
15.71285642821411 3.030515692778936e-69 
15.72486243121561 3.456636993532224e-69 
15.73686843421711 3.942731921998977e-69 
15.74887443721861 4.497248926269277e-69 
15.76088044022011 5.129827596592734e-69 
15.77288644322161 5.851466739941533e-69 
15.78489244622311 6.674716188792422e-69 
15.79689844922461 7.613895698152712e-69 
15.80890445222611 8.685344759163963e-69 
15.82091045522761 9.907707699044235e-69 
15.83291645822911 1.130225905518001e-68 
15.84492246123061 1.289327491670214e-68 
15.85692846423212 1.470845673226492e-68 
15.86893446723362 1.677941500213624e-68 
15.88094047023512 1.914222132224868e-68 
15.89294647323662 2.183803844599087e-68 
15.90495247623812 2.491383939728643e-68 
15.91695847923962 2.842322822994624e-68 
15.92896448224112 3.24273768108284e-68 
15.94097048524262 3.699609403932876e-68 
15.95297648824412 4.22090462389251e-68 
15.96498249124562 4.81571501087522e-68 
15.97698849424712 5.494416265112781e-68 
15.98899449724862 6.268849594782887e-68 
16.00100050025013 7.152528860453048e-68 
16.01300650325162 8.160877018858867e-68 
16.02501250625313 9.311496012953874e-68 
16.03701850925463 1.062447484248041e-67 
16.04902451225613 1.212274121985141e-67 
16.06103051525763 1.383246298170262e-67 
16.07303651825913 1.578350630054848e-67 
16.08504252126063 1.800995873894015e-67 
16.09704852426213 2.055072632795092e-67 
16.10905452726363 2.345021515276582e-67 
16.12106053026513 2.675910941353885e-67 
16.13306653326664 3.053525962566576e-67 
16.14507253626813 3.484469656007528e-67 
16.15707853926963 3.976278873518444e-67 
16.16908454227114 4.537556379674887e-67 
16.18109054527264 5.178121700445574e-67 
16.19309654827414 5.90918333355559e-67 
16.20510255127564 6.743535347412859e-67 
16.21710855427714 7.695781824596692e-67 
16.22911455727864 8.78259309592233e-67 
16.24112056028014 1.002299827062621e-66 
16.25312656328164 1.143871920712996e-66 
16.26513256628314 1.305455179840531e-66 
16.27713856928464 1.489880127904519e-66 
16.28914457228614 1.700377921244479e-66 
16.30115057528764 1.940637090279331e-66 
16.31315657828915 2.214868321704001e-66 
16.32516258129064 2.527878421851709e-66 
16.33716858429214 2.885154763147681e-66 
16.34917458729365 3.292961700298213e-66 
16.36118059029515 3.75845065379871e-66 
16.37318659329665 4.289785799229697e-66 
16.38519259629815 4.896287575893863e-66 
16.39719859929965 5.588596542487969e-66 
16.40920460230115 6.378860466248486e-66 
16.42121060530265 7.280947941695752e-66 
16.43321660830415 8.310692302965192e-66 
16.44522261130565 9.486170128021063e-66 
16.45722861430716 1.082801924323892e-65 
16.46923461730865 1.235980183369962e-65 
16.48124062031015 1.410841906037547e-65 
16.49324662331166 1.610458449427344e-65 
16.50525262631316 1.838336471559757e-65 
16.51725862931466 2.098479661145099e-65 
16.52926463231616 2.395459225947807e-65 
16.54127063531766 2.734494383108568e-65 
16.55327663831916 3.121544271382441e-65 
16.56528264132066 3.563412906938563e-65 
16.57728864432216 4.067869034715215e-65 
16.58929464732366 4.643782990407529e-65 
16.60130065032516 5.301282988638011e-65 
16.61330665332666 6.051933596038614e-65 
16.62531265632816 6.908939539929611e-65 
16.63731865932967 7.88737845095102e-65 
16.64932466233117 9.00446664930991e-65 
16.66133066533267 1.027986266830134e-64 
16.67333666833417 1.173601387577968e-64 
16.68534267133567 1.339855231610882e-64 
16.69734867433717 1.529674676529329e-64 
16.70935467733867 1.746401898589487e-64 
16.72136068034017 1.993853330357174e-64 
16.73336668334167 2.276386992374457e-64 
16.74537268634317 2.59897938879628e-64 
16.75737868934467 2.967313326124883e-64 
16.76938469234617 3.387878207400786e-64 
16.78139069534767 3.868084574924083e-64 
16.79339669834918 4.416394926689393e-64 
16.80540270135068 5.04247311968965e-64 
16.81740870435218 5.757355002181233e-64 
16.82941470735368 6.573643292735694e-64 
16.84142071035518 7.505730153091562e-64 
16.85342671335668 8.57005139207126e-64 
16.86543271635818 9.785376797834728e-64 
16.87743871935968 1.117314173543157e-63 
16.88944472236118 1.275782587733025e-63 
16.90145072536268 1.456738576930412e-63 
16.91345672836418 1.663374888754254e-63 
16.92546273136568 1.899337793204378e-63 
16.93746873436718 2.168791534555233e-63 
16.94947473736868 2.476491946860154e-63 
16.96148074037018 2.827870536482481e-63 
16.97348674337169 3.229130520541501e-63 
16.98549274637319 3.687356522035031e-63 
16.99749874937469 4.210639864436501e-63 
17.00950475237619 4.808221685057995e-63 
17.02151075537769 5.490656402329333e-63 
17.03351675837919 6.269998432973361e-63 
17.04552276138069 7.1600154672647e-63 
17.05752876438219 8.176432081461029e-63 
17.06953476738369 9.337208004453438e-63 
17.08154077038519 1.066285597024748e-62 
17.09354677338669 1.217680478997244e-62 
17.10555277638819 1.39058140791913e-62 
17.1175587793897 1.58804479925939e-62 
17.1295647823912 1.813561636497482e-62 
17.14157078539269 2.071119285332269e-62 
17.1535767883942 2.365272104112244e-62 
17.1655827913957 2.701222102687156e-62 
17.1775887943972 3.084911080206823e-62 
17.1895947973987 3.523125876123105e-62 
17.2016008004002 4.023618601406007e-62 
17.2136068034017 4.595243982901282e-62 
17.2256128064032 5.248116257560842e-62 
17.2376188094047 5.993788400368804e-62 
17.2496248124062 6.845456866335158e-62 
17.26163081540771 7.818195479985117e-62 
17.27363681840921 8.929222623390567e-62 
17.2856428214107 1.019820646517335e-61 
17.29764882441221 1.164761364857471e-61 
17.30965482741371 1.330310762864583e-61 
17.32166083041521 1.519400373060029e-61 
17.33366683341671 1.735378900906618e-61 
17.34567283641821 1.982071613930849e-61 
17.35767883941971 2.263848188694034e-61 
17.36968484242121 2.585700220560583e-61 
17.38169084542271 2.953329772933839e-61 
17.39369684842421 3.373250538832593e-61 
17.40570285142572 3.852903411856359e-61 
17.41770885442721 4.400788519723347e-61 
17.42971485742871 5.026616066220278e-61 
17.44172086043022 5.741478661786119e-61 
17.45372686343172 6.558048205013985e-61 
17.46573286643321 7.490800813897478e-61 
17.47773886943472 8.556273804440537e-61 
17.48974487243622 9.773359284173082e-61 
17.50175087543772 1.116363957931497e-60 
17.51375687843922 1.275177045840258e-60 
17.52576288144072 1.456591896538459e-60 
17.53776888444222 1.663826364664559e-60 
17.54977488744372 1.900556606642873e-60 
17.56178089044522 2.170982377346959e-60 
17.57378689344672 2.479901633091431e-60 
17.58579289644823 2.83279576775887e-60 
17.59779889944972 3.235926998091192e-60 
17.60980490245122 3.696449630391525e-60 
17.62181090545273 4.222537187945621e-60 
17.63381690845423 4.823527660782717e-60 
17.64582291145573 5.510089461985027e-60 
17.65782891445723 6.294411043370697e-60 
17.66983491745873 7.190417544586207e-60 
17.68184092046023 8.214018330957252e-60 
17.69384692346173 9.383389825440425e-60 
17.70585292646323 1.071929866849462e-59 
17.71785892946473 1.224547095785328e-59 
17.72986493246623 1.398901414082868e-59 
17.74187093546773 1.598089906954711e-59 
17.75387693846923 1.825651080111811e-59 
17.76588294147074 2.085627794928709e-59 
17.77788894447224 2.382639179344505e-59 
17.78989494747374 2.721962794992108e-59 
17.80190095047524 3.109628523778109e-59 
17.81390695347674 3.552525845948624e-59 
17.82591295647824 4.058526420296791e-59 
17.83791895947974 4.636624149851536e-59 
17.84992496248124 5.297095227998367e-59 
17.86193096548274 6.051681016080144e-59 
17.87393696848424 6.913797010461324e-59 
17.88594297148574 7.898771622073167e-59 
17.89794897448724 9.024119022886395e-59 
17.90995497748874 1.030985092106416e-58 
17.92196098049025 1.17788328205681e-58 
17.93396698349175 1.34571911141083e-58 
17.94597298649325 1.537477826469803e-58 
17.95797898949475 1.756570436687135e-58 
17.96998499249625 2.006894456233332e-58 
17.98199099549775 2.292903313756567e-58 
17.99399699849925 2.619685667685222e-58 
18.00600300150075 2.993056041091373e-58 
18.01800900450225 3.419658392039114e-58 
18.03001500750375 3.907084466083416e-58 
18.04202101050525 4.464009041283527e-58 
18.05402701350675 5.100344477458094e-58 
18.06603301650825 5.827417325818105e-58 
18.07803901950975 6.658170148718718e-58 
18.09004502251126 7.607392149100656e-58 
18.10205102551276 8.691982723279768e-58 
18.11405702851426 9.931252638270784e-58 
18.12606303151576 1.134726820629218e-57 
18.13806903451726 1.296524459648647e-57 
18.15007503751876 1.481399530091185e-57 
18.16208104052026 1.692644577418401e-57 
18.17408704352176 1.934022041167633e-57 
18.18609304652326 2.209831334038876e-57 
18.19809904952476 2.524985499286114e-57 
18.21010505252626 2.885098814456904e-57 
18.22211105552776 3.296586904965666e-57 
18.23411705852926 3.766781154355464e-57 
18.24612306153077 4.304059453391773e-57 
18.25812906453227 4.917995621902139e-57 
18.27013506753377 5.619530170742198e-57 
18.28214107053527 6.421165452391301e-57 
18.29414707353677 7.337188684272144e-57 
18.30615307653827 8.383926826734303e-57 
18.31815907953977 9.580037866640842e-57 
18.33016508254127 1.094684370782193e-56 
18.34217108554277 1.250871061293568e-56 
18.35417708854427 1.429348399079295e-56 
18.36618309154577 1.633298529414809e-56 
18.37818909454727 1.866357990269257e-56 
18.39019509754878 2.132682613435545e-56 
18.40220110055028 2.437021697769566e-56 
18.41420710355177 2.784802779508902e-56 
18.42621310655328 3.182228514020082e-56 
18.43821910955478 3.636387399776034e-56 
18.45022511255628 4.155380322763223e-56 
18.46223111555778 4.748465182285881e-56 
18.47423711855928 5.426222182330821e-56 
18.48624312156078 6.200742742061668e-56 
18.49824912456228 7.085845401234267e-56 
18.51025512756378 8.097322578918861e-56 
18.52226113056528 9.253222595513162e-56 
18.53426713356679 1.057417199850242e-55 
18.54627313656828 1.208374395304854e-55 
18.55827913956978 1.380887928216426e-55 
18.57028514257129 1.578036768268864e-55 
18.58229114557279 1.803339771937442e-55 
18.59429714857428 2.060818542938213e-55 
18.60630315157579 2.355069277536304e-55 
18.61830915457729 2.691344879226383e-55 
18.63031515757879 3.075648810976107e-55 
18.64232116058029 3.514842363170893e-55 
18.65432716358179 4.016767255373791e-55 
18.66633316658329 4.590385764313237e-55 
18.67833916958479 5.245940884044139e-55 
18.69034517258629 5.995139382606991e-55 
18.70235117558779 6.851361029151232e-55 
18.7143571785893 7.829897733726982e-55 
18.72636318159079 8.948226877166827e-55 
18.73836918459229 1.022632372025942e-54 
18.7503751875938 1.168701848071381e-54 
18.7623811905953 1.335640446574918e-54 
18.7743871935968 1.526430456183297e-54 
18.7863931965983 1.744480442749374e-54 
18.7983991995998 1.993686192895651e-54 
18.8104052026013 2.278500372296957e-54 
18.8224112056028 2.604012145105196e-54 
18.8344172086043 2.976038179243005e-54 
18.8464232116058 3.401226666108521e-54 
18.85842921460731 3.887176216211222e-54 
18.8704352176088 4.442571758572208e-54 
18.8824412206103 5.077339876142102e-54 
18.89444722361181 5.802826357469424e-54 
18.90645322661331 6.631999142626087e-54 
18.91845922961481 7.579680296090961e-54 
18.93046523261631 8.662811159054016e-54 
18.94247123561781 9.900755427745002e-54 
18.95447723861931 1.131564558355804e-53 
18.96648324162081 1.293277887710666e-53 
18.97848924462231 1.478106995581471e-53 
18.99049524762381 1.689356823913139e-53 
19.00250125062531 1.930804930513278e-53 
19.01450725362681 2.206769087792272e-53 
19.02651325662831 2.52218455206293e-53 
19.03851925962982 2.882692387107201e-53 
19.05052526263132 3.294740423739581e-53 
19.06253126563282 3.76569866346274e-53 
19.07453726863432 4.303991193078211e-53 
19.08654327163582 4.919246972922195e-53 
19.09854927463732 5.62247219954657e-53 
19.11055527763882 6.426247330220014e-53 
19.12256128064032 7.344952298513832e-53 
19.13456728364182 8.395023955384007e-53 
19.14657328664332 9.595250347622131e-53 
19.15857928964482 1.096710710567675e-52 
19.17058529264632 1.253514196747987e-52 
19.18259129564782 1.432741432758219e-52 
19.19459729864932 1.63759976870743e-52 
19.20660330165082 1.871755400713405e-52 
19.21860930465233 2.139399025780937e-52 
19.23061530765383 2.4453208926934e-52 
19.24262131065533 2.794996593830224e-52 
19.25462731365683 3.194685135360621e-52 
19.26663331665833 3.651541043369558e-52 
19.27863931965983 4.173742515093698e-52 
19.29064532266133 4.770637912095835e-52 
19.30265132566283 5.45291322104623e-52 
19.31465732866433 6.232783483706764e-52 
19.32666333166583 7.124211627472817e-52 
19.33866933466733 8.143158619127718e-52 
19.35067533766883 9.307869426119448e-52 
19.36268134067033 1.063919991175553e-51 
19.37468734367184 1.216099052474928e-51 
19.38669334667334 1.390049348270919e-51 
19.39869934967484 1.588886110849901e-51 
19.41070535267634 1.816170407512348e-51 
19.42271135567784 2.075972956859192e-51 
19.43471735867934 2.37294708115779e-51 
19.44672336168084 2.71241210293499e-51 
19.45872936468234 3.100448681280038e-51 
19.47073536768384 3.544007797507003e-51 
19.48274137068534 4.051035344668371e-51 
19.49474737368684 4.630614555322909e-51 
19.50675337668834 5.293128821965461e-51 
19.51875937968985 6.050447830367616e-51 
19.53076538269135 6.916140344322674e-51 
19.54277138569284 7.905717458443273e-51 
19.55477738869435 9.036910682308336e-51 
19.56678339169585 1.032998984421043e-50 
19.57878939469735 1.180812651723384e-50 
19.59079539769885 1.349780948722368e-50 
19.60280140070035 1.542931971605176e-50 
19.61480740370185 1.763727332120995e-50 
19.62681340670335 2.016124231333543e-50 
19.63881940970485 2.304646422870706e-50 
19.65082541270635 2.634465338910427e-50 
19.66283141570786 3.011492834533272e-50 
19.67483741870936 3.442487214594512e-50 
19.68684342171085 3.935174445666347e-50 
19.69884942471236 4.498386728154889e-50 
19.71085542771386 5.142220915301138e-50 
19.72286143071536 5.878219622026067e-50 
19.73486743371686 6.719578273874972e-50 
19.74687343671836 7.68138181196971e-50 
19.75887943971986 8.780875302252729e-50 
19.77088544272136 1.003777330596476e-49 
19.78289144572286 1.147461356417113e-49 
19.79489744872436 1.311716134473804e-49 
19.80690345172586 1.499487170974993e-49 
19.81890945472736 1.714141800129093e-49 
19.83091545772886 1.959529603246616e-49 
19.84292146073037 2.240051482987102e-49 
19.85492746373187 2.560738632784608e-49 
19.86693346673336 2.927342819170138e-49 
19.87893946973487 3.346439597857627e-49 
19.89094547273637 3.825546316721711e-49 
19.90295147573787 4.373257024343051e-49 
19.91495747873937 4.999396706401584e-49 
19.92696348174087 5.715197619314225e-49 
19.93896948474237 6.533500887378336e-49 
19.95097548774387 7.468986983426083e-49 
19.96298149074537 8.538439231770959e-49 
19.97498749374687 9.761045065357743e-49 
19.98699349674838 1.11587404471693e-48 
19.99899949974987 1.275660364128373e-48 
20.01100550275137 1.45833054054467e-48 
20.02301150575288 1.66716236905568e-48 
20.03501750875438 1.905903209127044e-48 
20.04702351175588 2.178837261684395e-48 
20.05902951475738 2.490862486615442e-48 
20.07103551775888 2.847578542280333e-48 
20.08304152076038 3.255387326643788e-48 
20.09504752376188 3.721607926051392e-48 
20.10705352676338 4.254608036536869e-48 
20.11905952976488 4.863954218519928e-48 
20.13106553276639 5.560583684155572e-48 
20.14307153576788 6.357000703508543e-48 
20.15507753876938 7.267501158105828e-48 
20.16708354177089 8.308429276218511e-48 
20.17908954477239 9.498471162534157e-48 
20.19109554777389 1.085899039609891e-47 
20.20310155077539 1.241441172642204e-47 
20.21510755377689 1.419265976203612e-47 
20.22711355677839 1.62256605341348e-47 
20.23911955977989 1.85499149479357e-47 
20.25112556278139 2.120715442645725e-47 
20.26313156578289 2.424509052868397e-47 
20.27513756878439 2.771827201318979e-47 
20.28714357178589 3.168906474956315e-47 
20.29914957478739 3.622877208815833e-47 
20.3111555777889 4.141891582349263e-47 
20.3231615807904 4.735270077341952e-47 
20.3351675837919 5.413668929694592e-47 
20.3471735867934 6.189271584758772e-47 
20.3591795897949 7.07600759743377e-47 
20.3711855927964 8.08980291162635e-47 
20.3831915957979 9.248866017819057e-47 
20.3951975987994 1.057401513253194e-46 
20.4072036018009 1.208905228099887e-46 
20.4192096048024 1.3821191007678e-46 
20.4312156078039 1.580154540344375e-46 
20.4432216108054 1.8065689240809e-46 
20.4552276138069 2.065429526913047e-46 
20.4672336168084 2.361386616313387e-46 
20.4792396198099 2.699757026618497e-46 
20.49124562281141 3.086619715417448e-46 
20.50325162581291 3.528925020057819e-46 
20.51525762881441 4.034619578695884e-46 
20.52726363181591 4.612789162021471e-46 
20.53926963481741 5.273821983893025e-46 
20.55127563781891 6.029595427419239e-46 
20.56328164082041 6.893689544146594e-46 
20.57528764382191 7.881631165533324e-46 
20.58729364682341 9.011173016473494e-46 
20.59929964982491 1.030261285018567e-45 
20.61130565282641 1.177915834362651e-45 
20.62331165582791 1.346734431568254e-45 
20.63531765882941 1.539750977154293e-45 
20.64732366183092 1.760434335279785e-45 
20.65932966483242 2.012750700330401e-45 
20.67133566783392 2.301234906785395e-45 
20.68334167083542 2.631071964949675e-45 
20.69534767383692 3.008190289093589e-45 
20.70735367683842 3.439368294887952e-45 
20.71935967983992 3.932356283539205e-45 
20.73136568284142 4.496015805047907e-45 
20.74337168584292 5.140479007482328e-45 
20.75537768884442 5.877330838737327e-45 
20.76738369184592 6.719817378408426e-45 
20.77938969484742 7.683084047551923e-45 
20.79139569784893 8.784447981685954e-45 
20.80340170085043 1.004370946709004e-44 
20.81540770385192 1.148350804334613e-44 
20.82741370685343 1.312972967878371e-44 
20.83941970985493 1.501197234451221e-44 
20.85142571285643 1.716407836358761e-44 
20.86343171585793 1.96247431134835e-44 
20.87543771885943 2.243821103404959e-44 
20.88744372186093 2.565507146427652e-44 
20.89944972486243 2.933316862772862e-44 
20.91145572786393 3.353864214079548e-44 
20.92346173086543 3.834711676693259e-44 
20.93546773386693 4.384506282609776e-44 
20.94747373686843 5.01313517400017e-44 
20.95947973986993 5.731903470587169e-44 
20.97148574287144 6.553737650740996e-44 
20.98349174587294 7.493418106381399e-44 
20.99549774887443 8.567845056879684e-44 
21.00750375187594 9.796342607604364e-44 
21.01950975487744 1.1201006425358e-43 
21.03151575787894 1.280710128807314e-43 
21.04352176088044 1.46435156639092e-43 
21.05552776388194 1.674328150148466e-43 
21.06753376688344 1.914416858687565e-43 
21.07953976988494 2.188936416535114e-43 
21.09154577288644 2.502825006076774e-43 
21.10355177588794 2.861729128075541e-43 
21.11555777888945 3.272105210289494e-43 
21.12756378189095 3.74133579321647e-43 
21.13956978489244 4.277862384434702e-43 
21.15157578789395 4.891337373109767e-43 
21.16358179089545 5.592797739404043e-43 
21.17558779389695 6.394863685935555e-43 
21.18759379689845 7.31196576715588e-43 
21.19959979989995 8.360604605633239e-43 
21.21160580290145 9.559647870978588e-43 
21.22361180590295 1.093066986810729e-42 
21.23561780890445 1.249833984877147e-42 
21.24762381190595 1.429086603764791e-42 
21.25962981490746 1.634050336752534e-42 
21.27163581790895 1.868413406537525e-42 
21.28364182091045 2.136393154297506e-42 
21.29564782391196 2.442811954591396e-42 
21.30765382691346 2.793184023027111e-42 
21.31965982991496 3.193814679791581e-42 
21.33166583291646 3.651913856457567e-42 
21.34367183591796 4.175725889996113e-42 
21.35567783891946 4.774677941253314e-42 
21.36768384192096 5.459549710579646e-42 
21.37968984492246 6.242667506872321e-42 
21.39169584792396 7.13812616491608e-42 
21.40370185092547 8.162042807487687e-42 
21.41570785392696 9.332847022260545e-42 
21.42771385692846 1.067161267944198e-41 
21.43971985992997 1.220243736611381e-41 
21.45172586293147 1.395287627094016e-41 
21.46373186593297 1.595443833370838e-41 
21.47573786893447 1.824315359575094e-41 
21.48774387193597 2.086022196986675e-41 
21.49974987493747 2.385275511502883e-41 
21.51175587793897 2.727462477835914e-41 
21.52376188094047 3.118743288479073e-41 
21.53576788394197 3.566162084808215e-41 
21.54777388694347 4.077773808492009e-41 
21.55977988994497 4.662789258193704e-41 
21.57178589294647 5.331740964526508e-41 
21.58379189594798 6.096672871284658e-41 
21.59579789894947 6.971357239871523e-41 
21.60780390195097 7.971542684313771e-41 
21.61980990495248 9.115237805125399e-41 
21.63181590795398 1.042303553167515e-40 
21.64382191095548 1.191848401617421e-40 
21.65582791395698 1.362851076115661e-40 
21.66783391695848 1.558390762148871e-40 
21.67983991995998 1.781988541880312e-40 
21.69184592296148 2.037670816057423e-40 
21.70385192596298 2.330041829044504e-40 
21.71585792896448 2.664366603672958e-40 
21.72786393196598 3.0466657801817e-40 
21.73986993496748 3.483824068030125e-40 
21.75187593796898 3.983714264671827e-40 
21.76388194097049 4.55533907590048e-40 
21.77588794397199 5.208993293176472e-40 
21.78789394697349 5.956449250196083e-40 
21.79989994997499 6.811168900487262e-40 
21.81190595297649 7.78854633756908e-40 
21.82391195597799 8.906185127844002e-40 
21.83591795897949 1.018421545379269e-39 
21.84792396198099 1.164565678252001e-39 
21.85992996498249 1.33168325951919e-39 
21.87193596798399 1.522784465119693e-39 
21.88394197098549 1.741311533387785e-39 
21.89594797398699 1.991200785175194e-39 
21.90795397698849 2.276953547239476e-39 
21.91995997999 2.60371725708984e-39 
21.9319659829915 2.977378210996293e-39 
21.943971985993 3.404667626732379e-39 
21.9559779889945 3.893282932619305e-39 
21.967983991996 4.452026468897e-39 
21.9799899949975 5.090964101313712e-39 
21.991995997999 5.821606605759073e-39 
22.0040020010005 6.657117093237705e-39 
22.016008004002 7.612548213892036e-39 
22.0280140070035 8.705113415597942e-39 
22.040020010005 9.954497146553915e-39 
22.0520260130065 1.138320959333303e-38 
22.064032016008 1.301699234872546e-38 
22.07603801900951 1.488528232184458e-38 
22.088044022011 1.702174225295683e-38 
22.10005002501251 1.946486739625864e-38 
22.11205602801401 2.225867930701393e-38 
22.12406203101551 2.545351923984565e-38 
22.13606803401701 2.910695546086214e-38 
22.14807403701851 3.328482083007894e-38 
22.16008004002001 3.806239935930416e-38 
22.17208604302151 4.352578313664713e-38 
22.18409204602301 4.977342408052201e-38 
22.19609804902451 5.691790849884632e-38 
22.20810405202601 6.508798644642826e-38 
22.22011005502752 7.443089246774697e-38 
22.23211605802901 8.511499956630806e-38 
22.24412206103052 9.733285425026027e-38 
22.25612806403202 1.113046473753486e-37 
22.26813406703352 1.272821833644839e-37 
22.28014007003502 1.45553419369953e-37 
22.29214607303652 1.664476562216612e-37 
22.30415207603802 1.903414747581527e-37 
22.31615807903952 2.176655245784738e-37 
22.32816408204102 2.489122876246748e-37 
22.34017008504252 2.846449565841267e-37 
22.35217608804402 3.255075882049494e-37 
22.36418209104552 3.72236714609323e-37 
22.37618809404702 4.256746219829873e-37 
22.38819409704853 4.867845360890982e-37 
22.40020010005003 5.566679884432061e-37 
22.41220610305152 6.365846763137322e-37 
22.42421210605303 7.279751746883715e-37 
22.43621810905453 8.32486909782625e-37 
22.44822411205603 9.520038624899985e-37 
22.46023011505753 1.088680537445421e-36 
22.47223611805903 1.244980810307639e-36 
22.48424212106053 1.423722353850622e-36 
22.49624812406203 1.628127444075488e-36 
22.50825412706353 1.86188106262844e-36 
22.52026013006503 2.129197343412515e-36 
22.53226613306653 2.434895561785779e-36 
22.54427213606803 2.784487036861188e-36 
22.55627813906953 3.184274514268721e-36 
22.56828414207104 3.641465821860084e-36 
22.58029014507254 4.164303848291471e-36 
22.59229614807404 4.762215188855519e-36 
22.60430215107554 5.445980139661772e-36 
22.61630815407704 6.227927106360782e-36 
22.62831415707854 7.122154934018432e-36 
22.64032016008004 8.144787168419992e-36 
22.65232616308154 9.314262835105518e-36 
22.66433216608304 1.065166898120214e-35 
22.67633816908454 1.218112097851087e-35 
22.68834417208604 1.393019744791885e-35 
22.70035017508754 1.593043765058938e-35 
22.71235617808905 1.821791031831038e-35 
22.72436218109054 2.083386418419238e-35 
22.73636818409205 2.382547194885325e-35 
22.74837418709355 2.724668110290622e-35 
22.76038019009505 3.115918695439616e-35 
22.77238619309655 3.563354541459359e-35 
22.78439219609805 4.075044561704086e-35 
22.79639819909955 4.660216532845057e-35 
22.80840420210105 5.329423540801835e-35 
22.82041020510255 6.094734334344487e-35 
22.83241620810405 6.969951020552694e-35 
22.84442221110555 7.970858029641648e-35 
22.85642821410705 9.115506840858466e-35 
22.86843421710855 1.042454160639797e-34 
22.88044022011006 1.192157154822763e-34 
22.89244622311156 1.363359684666516e-34 
22.90445222611306 1.559149570474971e-34 
22.91645822911456 1.783058137630712e-34 
22.92846423211606 2.039123920805329e-34 
22.94047023511756 2.331965518989045e-34 
22.95247623811906 2.666864915878692e-34 
22.96448224112056 3.049862769009195e-34 
22.97648824412206 3.487867386990665e-34 
22.98849424712356 3.988779361218969e-34 
23.00050025012506 4.561634100920167e-34 
23.01250625312656 5.216764843467187e-34 
23.02451225612806 5.965989081401477e-34 
23.03651825912956 6.822821770172267e-34 
23.04852426213106 7.80271916389843e-34 
23.06053026513257 8.923357679186079e-34 
23.07253626813407 1.020495281917497e-33 
23.08454227113557 1.167062391294889e-33 
23.09654827413707 1.334681125227819e-33 
23.10855427713857 1.526375315329137e-33 
23.12056028014007 1.745603155216538e-33 
23.13256628314157 1.996319598080261e-33 
23.14457228614307 2.28304771830527e-33 
23.15657828914457 2.610960324987337e-33 
23.16858429214607 2.985973300211025e-33 
23.18059029514757 3.41485234657103e-33 
23.19259629814907 3.9053350704366e-33 
23.20460230115058 4.466270604250573e-33 
23.21660830415207 5.107779287716495e-33 
23.22861430715358 5.841435289773775e-33 
23.24062031015508 6.68047546732764e-33 
23.25262631315658 7.640038230262388e-33 
23.26463231615808 8.737436723872219e-33 
23.27663831915958 9.99247125927083e-33 
23.28864432216108 1.14277866307715e-32 
23.30065032516258 1.30692807694527e-32 
23.31265632816408 1.494657210876703e-32 
23.32466233116558 1.70935340978432e-32 
23.33666833416708 1.954890651020317e-32 
23.34867433716859 2.235699458185343e-32 
23.36068034017008 2.556846859813605e-32 
23.37268634317159 2.924127836196507e-32 
23.38469234617309 3.344169904986407e-32 
23.39669834917459 3.824552733400056e-32 
23.40870435217609 4.373944936100481e-32 
23.42071035517759 5.002260528073846e-32 
23.43271635817909 5.720837856635487e-32 
23.44472236118059 6.542644242503011e-32 
23.45672836418209 7.482510023990985e-32 
23.46873436718359 8.557396229190969e-32 
23.48074037018509 9.786700708086426e-32 
23.49274637318659 1.119260825087582e-31 
23.50475237618809 1.280049101287525e-31 
23.5167583791896 1.463936647458266e-31 
23.5287643821911 1.674242120420772e-31 
23.5407703851926 1.914760987795988e-31 
23.5527763881941 2.189834037209354e-31 
23.5647823911956 2.504425729466602e-31 
23.5767883941971 2.864213810223208e-31 
23.5887943971986 3.275691797936813e-31 
23.6008004002001 3.746286198369593e-31 
23.6128064032016 4.284490561793667e-31 
23.6248124062031 4.90001880314857e-31 
23.6368184092046 5.603980553196615e-31 
23.6488244122061 6.409081706500188e-31 
23.6608304152076 7.329853786987613e-31 
23.6728364182091 8.382916272196503e-31 
23.6848424212106 9.587276612381656e-31 
23.69684842421211 1.096467336129491e-30 
23.70885442721361 1.253996861387798e-30 
23.72086043021511 1.434159683641363e-30 
23.73286643321661 1.640207819293323e-30 
23.74487243621811 1.875860563626873e-30 
23.75687843921961 2.145371636409531e-30 
23.76888444222111 2.453605976369203e-30 
23.78089044522261 2.806127571146294e-30 
23.79289644822411 3.209299908597559e-30 
23.80490245122561 3.670400863237561e-30 
23.81690845422711 4.197754092268557e-30 
23.82891445722861 4.800879313776958e-30 
23.84092046023012 5.490664180648383e-30 
23.85292646323161 6.279560853731961e-30 
23.86493246623312 7.181810823811042e-30 
23.87693846923462 8.213702042067333e-30 
23.88894447223612 9.393863002172165e-30 
23.90095047523762 1.074359908443947e-29 
23.91295647823912 1.228727723568264e-29 
23.92496248124062 1.40527659313155e-29 
23.93696848424212 1.60719383645931e-29 
23.94897448724362 1.838124794973095e-29 
23.96098049024512 2.102238653159726e-29 
23.97298649324662 2.404303718832783e-29 
23.98499249624813 2.749773522154708e-29 
23.99699849924962 3.144885288274635e-29 
24.00900450225113 3.596772561906439e-29 
24.02101050525263 4.113594017759727e-29 
24.03301650825413 4.704680783060304e-29 
24.04502251125563 5.380704932736067e-29 
24.05702851425713 6.153872200238436e-29 
24.06903451725863 7.038142384325556e-29 
24.08104052026013 8.049481432351466e-29 
24.09304652326163 9.206149752720936e-29 
24.10505252626313 1.052903196351693e-28 
24.11705852926463 1.204201403270645e-28 
24.12906453226613 1.377241462129991e-28 
24.14107053526763 1.575147841984069e-28 
24.15307653826913 1.801494038832051e-28 
24.16508254127064 2.060367109027858e-28 
24.17708854427213 2.356441477658282e-28 
24.18909454727364 2.695063354966936e-28 
24.20110055027514 3.082347285509447e-28 
24.21310655327664 3.525286573874498e-28 
24.22511255627814 4.031879581454735e-28 
24.23711855927964 4.611274175429145e-28 
24.24912456228114 5.273932939003147e-28 
24.26113056528264 6.031822126967513e-28 
24.27313656828414 6.898627779557288e-28 
24.28514257128564 7.890002898165396e-28 
24.29714857428714 9.023850147555551e-28 
24.30915457728864 1.032064519096138e-27 
24.32116058029014 1.180380649844738e-27 
24.33316658329165 1.350011830840226e-27 
24.34517258629315 1.544021438220328e-27 
24.35717858929465 1.7659131290277e-27 
24.36918459229615 2.019694122382924e-27 
24.38119059529765 2.309947576311522e-27 
24.39319659829915 2.641915367622647e-27 
24.40520260130065 3.021592770166788e-27 
24.41720860430215 3.455836741744022e-27 
24.42921460730365 3.952489775776439e-27 
24.44122061030515 4.520521555039984e-27 
24.45322661330665 5.170190966352261e-27 
24.46523261630815 5.91323140294444e-27 
24.47723861930966 6.763062701952886e-27 
24.48924462231115 7.735033545650879e-27 
24.50125062531266 8.846698705396605e-27 
24.51325662831416 1.011813613674432e-26 
24.52526263131566 1.157230965412431e-26 
24.53726863431716 1.323548373695271e-26 
24.54927463731866 1.513769796086209e-26 
24.56128064032016 1.731330962496626e-26 
24.57328664332166 1.980161437815072e-26 
24.58529264632316 2.264755605657645e-26 
24.59729864932466 2.590253855636103e-26 
24.60930465232616 2.962535440888076e-26 
24.62131065532767 3.38832468346303e-26 
24.63331665832916 3.875312446318046e-26 
24.64532266133067 4.432295066506682e-26 
24.65732866433217 5.069333259626165e-26 
24.66933466733367 5.797933866423506e-26 
24.68134067033517 6.63125772517009e-26 
24.69334667333667 7.584357425454206e-26 
24.70535267633817 8.674449238941766e-26 
24.71735867933967 9.921224140172864e-26 
24.72936468234117 1.134720353675457e-25 
24.74137068534267 1.297814613614131e-25 
24.75337668834417 1.484351330016085e-25 
24.76538269134567 1.69770012952431e-25 
24.77738869434717 1.941715005503733e-25 
24.78939469734867 2.220803945460368e-25 
24.80140070035018 2.540008567661935e-25 
24.81340670335167 2.905095205862433e-25 
24.82541270635318 3.322659087892775e-25 
24.83741870935468 3.800243490478589e-25 
24.84942471235618 4.346476023260437e-25 
24.86143071535768 4.971224504511111e-25 
24.87343671835918 5.685775245063054e-25 
24.88544272136068 6.50303696187381e-25 
24.89744872436218 7.437774005786318e-25 
24.90945472736368 8.506873117753375e-25 
24.92146073036518 9.729648533664596e-25 
24.93346673336668 1.112819095088904e-24 
24.94547273636818 1.272776666225079e-24 
24.95747873936968 1.455727406971236e-24 
24.96948474237119 1.664976582693556e-24 
24.98149074537269 1.904304604586037e-24 
24.99349674837419 2.17803533589234e-24 
25.00550275137569 2.491114218004356e-24 
25.01750875437719 2.84919762820737e-24 
25.02951475737869 3.258755083812535e-24 
25.04152076038019 3.727186139570126e-24 
25.05352676338169 4.26295409078758e-24 
25.06553276638319 4.87573889828351e-24 
25.07753876938469 5.576612098681769e-24 
25.08954477238619 6.378236860866496e-24 
25.10155077538769 7.295096803860786e-24 
25.1135567783892 8.343757711171523e-24 
25.12556278139069 9.543166871155683e-24 
25.1375687843922 1.091499545295373e-23 
25.1495747873937 1.248403010529425e-23 
25.1615807903952 1.427862085505755e-23 
25.1735867933967 1.633119339997324e-23 
25.1855927963982 1.867883505360843e-23 
25.1975987993997 2.136396493191319e-23 
25.2096048024012 2.443510049308813e-23 
25.2216108054027 2.794773428394354e-23 
25.2336168084042 3.196533673770596e-23 
25.2456228114057 3.656050314639741e-23 
25.25762881440721 4.181626553664294e-23 
25.2696348174087 4.782759315815166e-23 
25.28164082041021 5.47031087030364e-23 
25.29364682341171 6.256705127320436e-23 
25.30565282641321 7.156152157274277e-23 
25.31765882941471 8.184904990314992e-23 
25.32966483241621 9.3615533373626e-23 
25.34167083541771 1.070735954118981e-22 
25.35367683841921 1.224664282938357e-22 
25.36568284142071 1.400721881403838e-22 
25.37768884442221 1.602090218159104e-22 
25.38969484742371 1.832408165834297e-22 
25.40170085042521 2.095837764357814e-22 
25.41370685342671 2.39713943963854e-22 
25.42571285642821 2.741758037134387e-22 
25.43771885942972 3.135921225302242e-22 
25.44972486243121 3.586752047511441e-22 
25.46173086543272 4.102397656739491e-22 
25.47373686843422 4.6921765598777e-22 
25.48574287143572 5.36674703304343e-22 
25.49774887443722 6.138299751972632e-22 
25.50975487743872 7.020778119269078e-22 
25.52176088044022 8.030130270927392e-22 
25.53376688344172 9.184597317176015e-22 
25.54577288644322 1.050504302765504e-21 
25.55777888944472 1.201533092009261e-21 
25.56978489244622 1.374275556851526e-21 
25.58179089544772 1.571853592711143e-21 
25.59379689844922 1.797837958688297e-21 
25.60580290145073 2.056312816442946e-21 
25.61780890445223 2.351949548879722e-21 
25.62981490745373 2.690091192979932e-21 
25.64182091045523 3.076849012990206e-21 
25.65382691345673 3.51921295963622e-21 
25.66583291645823 4.025178012046341e-21 
25.67783891945973 4.603888686181776e-21 
25.68984492246123 5.265804321967606e-21 
25.70185092546273 6.022888136939653e-21 
25.71385692846423 6.888823463856407e-21 
25.72586293146573 7.879261081140187e-21 
25.73786893446723 9.012102107091827e-21 
25.74987493746874 1.03078215717299e-20 
25.76188094047023 1.178983851546224e-20 
25.77388694347174 1.348493930489863e-20 
25.78589294647324 1.542376181816532e-20 
25.79789894947474 1.764134925247819e-20 
25.80990495247624 2.01777835653655e-20 
25.82191095547774 2.307891000055932e-20 
25.83391695847924 2.639716579622453e-20 
25.84592296148074 3.019252805663592e-20 
25.85792896448224 3.453359792270067e-20 
25.86993496748374 3.949884064080268e-20 
25.88194097048524 4.517800394786873e-20 
25.89394697348675 5.167374041428003e-20 
25.90595297648824 5.910346307356198e-20 
25.91795897948974 6.760146788534646e-20 
25.92996498249125 7.732136140217011e-20 
25.94197098549274 8.843883752846753e-20 
25.95397698849425 1.011548535714065e-19 
25.96598299149575 1.15699263002101e-19 
25.97798899449725 1.323349706027532e-19 
25.98999499749875 1.513626851197029e-19 
26.00200100050025 1.731263553449718e-19 
26.01400700350175 1.980193879049957e-19 
26.02601300650325 2.26491759168248e-19 
26.03801900950475 2.590581498489193e-19 
26.05002501250625 2.963072493740074e-19 
26.06203101550775 3.389123982304269e-19 
26.07403701850926 3.876437606994562e-19 
26.08604302151075 4.43382248055421e-19 
26.09804902451226 5.071354439542529e-19 
26.11005502751376 5.800558199377276e-19 
26.12206103051526 6.634615703853319e-19 
26.13406703351676 7.58860443606522e-19 
26.14607303651826 8.679769999379789e-19 
26.15807903951976 9.927837896728781e-19 
26.17008504252126 1.135537014522547e-18 
26.18209104552276 1.298817317376731e-18 
26.19409704852426 1.485576437852866e-18 
26.20610305152576 1.699190577183876e-18 
26.21810905452726 1.943521437305939e-18 
26.23011505752876 2.222986037765891e-18 
26.24212106053027 2.542636572781622e-18 
26.25412706353177 2.908251752327865e-18 
26.26613306653327 3.32644127876687e-18 
26.27813906953477 3.804765348053355e-18 
26.29014507253627 4.351871336210785e-18 
26.30215107553777 4.977650142513739e-18 
26.31415707853927 5.693415016238124e-18 
26.32616308154077 6.512106100384236e-18 
26.33816908454227 7.448524390788927e-18 
26.35017508754377 8.519599340930901e-18 
26.36218109054527 9.744694951116041e-18 
26.37418709354677 1.114595987660883e-17 
26.38619309654828 1.274872788523545e-17 
26.39819909954977 1.458197590541731e-17 
26.41020510255128 1.667884794696521e-17 
26.42221110555278 1.907725436810406e-17 
26.43421710855428 2.182055732464855e-17 
26.44622311155578 2.495835479564719e-17 
26.45822911455728 2.854737736233895e-17 
26.47023511755878 3.265251395615782e-17 
26.48224112056028 3.734798512364677e-17 
26.49424712356178 4.271868502367851e-17 
26.50625312656328 4.886171642356566e-17 
26.51825912956478 5.58881464506559e-17 
26.53026513256628 6.392501484796176e-17 
26.54227113556778 7.311763104846296e-17 
26.55427713856928 8.36322016055146e-17 
26.56628314157079 9.565883549075013e-17 
26.57828914457228 1.094149816040192e-16 
26.59029514757379 1.251493606558209e-16 
26.60230115057529 1.431464625227337e-16 
26.61430715357679 1.637316904021792e-16 
26.62631315657829 1.872772447894223e-16 
26.63831915957979 2.142088536785365e-16 
26.65032516258129 2.450134706921044e-16 
26.66233116558279 2.802480803484342e-16 
26.67433716858429 3.205497696966197e-16 
26.68634317158579 3.666472484509437e-16 
26.69834917458729 4.193740259510912e-16 
26.7103551775888 4.796834832371563e-16 
26.72236118059029 5.486661128003664e-16 
26.7343671835918 6.275692377716347e-16 
26.7463731865933 7.17819567149472e-16 
26.7583791895948 8.210489949573685e-16 
26.7703851925963 9.391241098861084e-16 
26.7823911955978 1.074179949079587e-15 
26.7943971985993 1.228658606477185e-15 
26.8064032016008 1.405353393919815e-15 
26.8184092046023 1.607459353648153e-15 
26.8304152076038 1.838631035686629e-15 
26.8424212106053 2.103048584992862e-15 
26.8544272136068 2.405493333535659e-15 
26.8664332166083 2.751434264363539e-15 
26.87843921960981 3.147126911349026e-15 
26.89044522261131 3.599726483197763e-15 
26.90245122561281 4.117417257563715e-15 
26.91445722861431 4.709560585364965e-15 
26.92646323161581 5.386864181971016e-15 
26.93846923461731 6.161575766919576e-15 
26.95047523761881 7.047704554181609e-15 
26.96248124062031 8.061274598692853e-15 
26.97448724362181 9.220614581018115e-15 
26.98649324662331 1.054668927103242e-14 
26.99849924962481 1.206347866530992e-14 
27.01050525262631 1.379841165514172e-14 
27.02251125562782 1.578286206835252e-14 
27.03451725862931 1.805271605619141e-14 
27.04652326163082 2.064902108693954e-14 
27.05852926463232 2.361872828384424e-14 
27.07053526763382 2.701554153325399e-14 
27.08254127063532 3.090088871992557e-14 
27.09454727363682 3.534503265533425e-14 
27.10655327663832 4.042834179139197e-14 
27.11855927963982 4.62427437019663e-14 
27.13056528264132 5.289338762026944e-14 
27.14257128564282 6.050054610134174e-14 
27.15457728864432 6.920179020388247e-14 
27.16658329164582 7.915447753281186e-14 
27.17858929464732 9.053859814266575e-14 
27.19059529764882 1.035600297745834e-13 
27.20260130065033 1.184542613033267e-13 
27.21460730365182 1.354906517393842e-13 
27.22661330665333 1.549773018179491e-13 
27.23861930965483 1.772666262866308e-13 
27.25062531265633 2.027617276775837e-13 
27.26263131565783 2.319236868465701e-13 
27.27463731865933 2.652799021435282e-13 
27.28664332166083 3.034336280464527e-13 
27.29864932466233 3.47074885785887e-13 
27.31065532766383 3.969929433035283e-13 
27.32266133066533 4.540905902742405e-13 
27.33466733366683 5.194004663896286e-13 
27.34667333666833 5.941037382405675e-13 
27.35867933966983 6.795514626175015e-13 
27.37068534267134 7.772890226393969e-13 
27.38269134567284 8.890840787038987e-13 
27.39469734867434 1.016958539827948e-12 
27.40670335167584 1.163225133669897e-12 
27.41870935467734 1.330529236706504e-12 
27.43071535767884 1.521896721185762e-12 
27.44272136068034 1.740788684310543e-12 
27.45472736368184 1.991164049597149e-12 
27.46673336668334 2.277551172749125e-12 
27.47873936968484 2.605129747265811e-12 
27.49074537268634 2.979824491313662e-12 
27.50275137568784 3.408412310496464e-12 
27.51475737868935 3.898644874923352e-12 
27.52676338169085 4.459388827800475e-12 
27.53876938469235 5.100786161707357e-12 
27.55077538769385 5.834437663531719e-12 
27.56278139069535 6.673612746326314e-12 
27.57478739369685 7.633489463666908e-12 
27.58679339669835 8.73142904806651e-12 
27.59879939969985 9.987289939514043e-12 
27.61080540270135 1.142378698455339e-11 
27.62281140570285 1.30669023034237e-11 
27.63481740870435 1.494635525742592e-11 
27.64682341170585 1.709614001777104e-11 
27.65882941470735 1.955514046004354e-11 
27.67083541770885 2.236783350720056e-11 
27.68284142071035 2.55850936440287e-11 
27.69484742371186 2.926511315614001e-11 
27.70685342671336 3.347445474001679e-11 
27.71885942971486 3.828925552518052e-11 
27.73086543271636 4.379660428858503e-11 
27.74287143571786 5.009611677436719e-11 
27.75487743871936 5.730173761580961e-11 
27.76688344172086 6.554380145561196e-11 
27.77888944472236 7.497139054948828e-11 
27.79089544772386 8.575503150153502e-11 
27.80290145072536 9.808977991477838e-11 
27.81490745372686 1.12198748757796e-10 
27.82691345672836 1.283371442752743e-10 
27.83891945972987 1.467968824520212e-10 
27.85092546273136 1.67911869542419e-10 
27.86293146573287 1.920640421905664e-10 
27.87493746873437 2.196902764077696e-10 
27.88694347173587 2.512902903921904e-10 
27.89894947473737 2.87435684154717e-10 
27.91095547773887 3.287802794807503e-10 
27.92296148074037 3.760719472816764e-10 
27.93496748374187 4.301661362978906e-10 
27.94697348674337 4.920413478941804e-10 
27.95897948974487 5.628168368948948e-10 
27.97098549274637 6.437728586775788e-10 
27.98299149574787 7.363738288082159e-10 
27.99499749874937 8.422948141922825e-10 
28.00700350175088 9.63451834986767e-10 
28.01900950475238 1.102036525459546e-09 
28.03101550775388 1.260555780841348e-09 
28.04302151075538 1.441877107418673e-09 
28.05502751375688 1.649280496295423e-09 
28.06703351675838 1.886517759273432e-09 
28.07903951975988 2.157880400302754e-09 
28.09104552276138 2.468277250374057e-09 
28.10305152576288 2.823323270361488e-09 
28.11505752876438 3.229441128370814e-09 
28.12706353176588 3.693977389259921e-09 
28.13906953476738 4.225335418358267e-09 
28.15107553776889 4.833127403801627e-09 
28.16308154077038 5.528348247789344e-09 
28.17508754377189 6.323574472721479e-09 
28.18709354677339 7.233191740740983e-09 
28.19909954977489 8.273655102879622e-09 
28.21110555277639 9.463786686151825e-09 
28.22311155577789 1.082511620427168e-08 
28.23511755877939 1.238227045243963e-08 
28.24712356178089 1.416341883287497e-08 
28.25912956478239 1.620078297149267e-08 
28.27113556778389 1.853121964567922e-08 
28.28314157078539 2.119688756949263e-08 
28.29514757378689 2.424601009979389e-08 
28.30715357678839 2.773374766226227e-08 
28.31915957978989 3.172319568135437e-08 
28.3311655827914 3.628652606895354e-08 
28.34317158579289 4.150629292380721e-08 
28.3551775887944 4.747692606485816e-08 
28.3671835917959 5.43064394199994e-08 
28.3791895947974 6.211838517910804e-08 
28.3911955977989 7.105408906677869e-08 
28.4032016008004 8.127520717643381e-08 
28.4152076038019 9.29666506254671e-08 
28.4272136068034 1.063399309460437e-07 
28.4392196098049 1.216369867385509e-07 
28.4512256128064 1.391345608222023e-07 
28.4632316158079 1.591492070774958e-07 
28.47523761880941 1.820430175683327e-07 
28.4872436218109 2.082301735637656e-07 
28.49924962481241 2.381844389863573e-07 
28.51125562781391 2.724477318657312e-07 
28.52326163081541 3.116399288806091e-07 
28.53526763381691 3.564700803833741e-07 
28.54727363681841 4.077492388216732e-07 
28.55927963981991 4.664051326635415e-07 
28.57128564282141 5.334989513242013e-07 
28.58329164582291 6.102445447882616e-07 
28.59529764882441 6.980303853116304e-07 
28.60730365182591 7.984446885636145e-07 
28.61930965482741 9.133041487356997e-07 
28.63131565782891 1.044686807533765e-06 
28.64332166083042 1.19496965176819e-06 
28.65532766383192 1.366871619814898e-06 
28.66733366683342 1.563502795087942e-06 
28.67933966983492 1.788420676611778e-06 
28.69134567283642 2.045694544834301e-06 
28.70335167583792 2.339979087297438e-06 
28.71535767883942 2.6765986163307e-06 
28.72736368184092 3.061643402586627e-06 
28.73936968484242 3.502079867463248e-06 
28.75137568784392 4.005876628224528e-06 
28.76338169084542 4.582148676472748e-06 
28.77538769384692 5.241322298737403e-06 
28.78739369684843 5.995323723260495e-06 
28.79939969984992 6.857794906369587e-06 
28.81140570285143 7.844340362905854e-06 
28.82341170585293 8.972809506900941e-06 
28.83541770885443 1.026361961123805e-05 
28.84742371185593 1.17401252300163e-05 
28.85942971485743 1.342904076806277e-05 
28.87143571785893 1.536092384371712e-05 
28.88344172086043 1.757072819105036e-05 
28.89544772386193 2.009843610597929e-05 
28.90745372686343 2.298978188006915e-05 
28.91945972986493 2.629707931222553e-05 
28.93146573286643 3.008016827175506e-05 
28.94347173586793 3.440749744050114e-05 
28.95547773886943 3.93573628259186e-05 
28.96748374187094 4.501932445563013e-05 
28.97948974487243 5.149582688821257e-05 
28.99149574787394 5.890405286303904e-05 
29.00350175087544 6.737804363068834e-05 
29.01550775387694 7.707112433107109e-05 
29.02751375687844 8.815867830633247e-05 
29.03951975987994 0.0001008413205496641 
29.05152576288144 0.000115348527713651 
29.06353176588294 0.000131942790363391 
29.07553776888444 0.0001509243626098554 
29.08754377188594 0.0001726366950688247 
29.09954977488744 0.0001974726494558449 
29.11155577788895 0.00022588160727177 
29.12356178089044 0.0002583776012125421 
29.13556778389195 0.0002955486164436825 
29.14757378689345 0.0003380672300494437 
29.15957978989495 0.0003867027811817776 
29.17158579289645 0.0004423352921334205 
29.18359179589795 0.0005059713922437426 
29.19559779889945 0.0005787625327889128 
29.20760380190095 0.0006620258224652746 
29.21960980490245 0.0007572678604968328 
29.23161580790395 0.0008662119986425998 
29.24362181090545 0.0009908295254288709 
29.25562781390695 0.00113337533690819 
29.26763381690845 0.001296428739435261 
29.27963981990996 0.001482940122819586 
29.29164582291146 0.001696284348445827 
29.30365182591296 0.001940321818468205 
29.31565782891446 0.002219468331183706 
29.32766383191596 0.002538774986685951 
29.33966983491746 0.002904019588774504 
29.35167583791896 0.003321811197134682 
29.36368184092046 0.00379970972177527 
29.37568784392196 0.004346362723922705 
29.38769384692346 0.004971661898946303 
29.39969984992496 0.005686922073065109 
29.41170585292646 0.006505085953008595 
29.42371185592796 0.007440958333843866 
29.43571785892946 0.00851147400327542 
29.44772386193096 0.009736004190517069 
29.45972986493247 0.01113670710536521 
29.47173586793397 0.01273892891099152 
29.48374187093547 0.01457166238666078 
29.49574787393697 0.01666807158058358 
29.50775387693847 0.01906609194732746 
29.51975987993997 0.02180911683024571 
29.53176588294147 0.02494678271196309 
29.54377188594297 0.02853586744335974 
29.55577788894447 0.03264131770606736 
29.56778389194597 0.03733742430223592 
29.57978989494747 0.04270916654057148 
29.59179589794897 0.04885375004780085 
29.60380190095048 0.0558823658351688 
29.61580790395197 0.0639222024536692 
29.62781390695348 0.07311874765191573 
29.63981990995498 0.08363842118976551 
29.65182591295648 0.09567158645383493 
29.66383191595798 0.1094359953763547 
29.67583791895948 0.1251807290004656 
29.68784392196098 0.143190705004976 
29.69984992496248 0.1637918337621231 
29.71185592796398 0.1873569162387003 
29.72386193096548 0.2143123904764407 
29.73586793396698 0.2451460487447613 
29.74787393696849 0.2804158650258123 
29.75987993996998 0.320760092586162 
29.77188594297149 0.3669088143750576 
29.78389194597299 0.4196971552820286 
29.79589794897449 0.4800803953625027 
29.80790395197599 0.5491512575434002 
29.81990995497749 0.6281596826740035 
29.83191595797899 0.7185354498030008 
29.84392196098049 0.8219140510551731 
29.85592796398199 0.94016628938268 
29.86793396698349 1.075432134842318 
29.87993996998499 1.230159452120879 
29.89194597298649 1.407148300190726 
29.90395197598799 1.609601605822423 
29.9159579789895 1.841183128035968 
29.927963981991 2.106083762524489 
29.9399699849925 2.409097386022511 
29.951975987994 2.755707613246672 
29.9639819909955 3.15218703653509 
29.975987993997 3.605710744226812 
29.9879939969985 4.124486172243734 
30 4.717901638941179 
