6 0
6.012006003001501 1.833501407733923e-102
6.024012006003002 4.93243684726557e-102
6.036018009004502 1.136008063248259e-101
6.048024012006003 2.527500735985986e-101
6.060030015007504 5.545527737467491e-101
6.072036018009005 1.204778463642862e-100
6.084042021010506 2.593992320736156e-100
6.096048024012006 5.536457786015607e-100
6.108054027013507 1.171504314490956e-99
6.120060030015008 2.457756627865498e-99
6.132066033016509 5.112680803817638e-99
6.144072036018009 1.05464016136529e-98
6.156078039019509 2.157428704650495e-98
6.16808404202101 4.376990512650401e-98
6.180090045022511 8.807487709730018e-98
6.192096048024012 1.757906829954071e-97
6.204102051025512 3.480462013781669e-97
6.216108054027013 6.836043770946918e-97
6.228114057028514 1.332076289718726e-96
6.240120060030015 2.575365643226961e-96
6.252126063031516 4.940412518037778e-96
6.264132066033016 9.404393491032412e-96
6.276138069034517 1.776520175103134e-95
6.288144072036018 3.330500772860923e-95
6.300150075037519 6.196935910314288e-95
6.31215607803902 1.144459226720757e-94
6.32416208104052 2.098007499015921e-94
6.336168084042021 3.817898932470603e-94
6.348174087043522 6.897306706608576e-94
6.360180090045023 1.237083909163759e-93
6.372186093046524 2.202976297099261e-93
6.384192096048024 3.89527231230897e-93
6.396198099049525 6.839261210939087e-93
6.408204102051026 1.192476166916074e-92
6.420210105052527 2.064832868045422e-92
6.432216108054027 3.550913225779556e-92
6.444222111055527 6.065131184061107e-92
6.456228114057028 1.028987496586115e-91
6.468234117058529 1.734100568042383e-91
6.48024012006003 2.903066750993023e-91
6.49224612306153 4.828167701522524e-91
6.504252126063031 7.977632588059632e-91
6.516258129064532 1.309651074783582e-90
6.528264132066033 2.136241494699129e-90
6.540270135067534 3.462432339921892e-90
6.552276138069034 5.576622430714866e-90
6.564282141070535 8.925709144995613e-90
6.576288144072036 1.419770237285281e-89
6.588294147073537 2.244498473472235e-89
6.600300150075038 3.526698160648946e-89
6.612306153076538 5.507906756993917e-89
6.624312156078039 8.550578938143706e-89
6.63631815907954 1.319520733317426e-88
6.648324162081041 2.024275130285775e-88
6.660330165082541 3.087280668643327e-88
6.672336168084042 4.681190716817605e-88
6.684342171085543 7.057166499821489e-88
6.696348174087044 1.057835470444492e-87
6.708354177088545 1.576664580996281e-87
6.720360180090045 2.33675608120175e-87
6.732366183091546 3.443971605619751e-87
6.744372186093047 5.047738499685441e-87
6.756378189094547 7.357732627533989e-87
6.768384192096048 1.066644149239378e-86
6.780390195097548 1.537948556058342e-86
6.792396198099049 2.205610548514274e-86
6.80440220110055 3.146287878463828e-86
6.816408204102051 4.464453408660766e-86
6.828414207103552 6.301670878333687e-86
6.840420210105052 8.848667263773508e-86
6.852426213106553 1.236094416920782e-85
6.864432216108054 1.71788359139466e-85
6.876438219109555 2.375311455481003e-85
6.888444222111056 3.26774638394936e-85
6.900450225112556 4.472939615677695e-85
6.912456228114057 6.09214690431772e-85
6.924462231115558 8.2564969450517e-85
6.936468234117059 1.113485717050853e-84
6.948474237118559 1.494348335932086e-84
6.96048024012006 1.995777662479412e-84
6.972486243121561 2.652650862629921e-84
6.984492246123062 3.50889117785483e-84
6.996498249124563 4.619506392417782e-84
7.008504252126063 6.053002403351713e-84
7.020510255127563 7.894219419371769e-84
7.032516258129064 1.024763901646053e-83
7.044522261130565 1.324120943808852e-83
7.056528264132066 1.703073373421018e-83
7.068534267133566 2.180486013963283e-83
7.080540270135067 2.779070603429037e-83
7.092546273136568 3.526013543521736e-83
7.104552276138069 4.453669479107996e-83
7.11655827913957 5.600319247086335e-83
7.12856428214107 7.010988341861095e-83
7.140570285142571 8.7383191745649e-83
7.152576288144072 1.084348704518239e-82
7.164582291145573 1.339714590782021e-82
7.176588294147074 1.648038571915562e-82
7.188594297148574 2.018567847127542e-82
7.200600300150075 2.46177850057226e-82
7.212606303151576 2.989458949725619e-82
7.224612306153077 3.614782322936975e-82
7.236618309154577 4.352363413762656e-82
7.248624312156078 5.218295378063942e-82
7.260630315157579 6.23016091557568e-82
7.27263631815908 7.407012336923664e-82
7.284642321160581 8.769314689110223e-82
7.296648324162081 1.033884602652727e-81
7.308654327163582 1.213854900089776e-81
7.320660330165083 1.419232823107412e-81
7.332666333166584 1.652478842867924e-81
7.344672336168085 1.916090902098303e-81
7.356678339169584 2.212565204506711e-81
7.368684342171085 2.54435013983439e-81
7.380690345172586 2.913793311986493e-81
7.392696348174087 3.323081823856358e-81
7.404702351175588 3.774176183737118e-81
7.416708354177088 4.268738431553413e-81
7.428714357178589 4.808055334213448e-81
7.44072036018009 5.392957762409898e-81
7.452726363181591 6.023737629420967e-81
7.464732366183092 6.700064037846882e-81
7.476738369184592 7.420900533790187e-81
7.488744372186093 8.184425600133137e-81
7.500750375187594 8.987958720939627e-81
7.512756378189095 9.827894507271176e-81
7.524762381190595 1.069964748088212e-80
7.536768384192096 1.159761015630243e-80
7.548774387193597 1.251512703563761e-80
7.560780390195098 1.34444870264888e-80
7.572786393196599 1.437693660637495e-80
7.584792396198099 1.530271578397904e-80
7.596798399199599 1.621111854751468e-80
7.6088044022011 1.709057904589781e-80
7.620810405202601 1.792878422403443e-80
7.632816408204102 1.871281303803369e-80
7.644822411205602 1.942930172006919e-80
7.656828414207103 2.006463386073411e-80
7.668834417208604 2.060515334536263e-80
7.680840420210105 2.103739743908285e-80
7.692846423211606 2.13483465844129e-80
7.704852426213106 2.152568677679114e-80
7.716858429214607 2.155807974044344e-80
7.728864432216108 2.143543556229322e-80
7.740870435217609 2.114918197631093e-80
7.75287643821911 2.069252414545958e-80
7.76488244122061 2.006068858061236e-80
7.776888444222111 1.925114478015264e-80
7.788894447223612 1.826379828125573e-80
7.800900450225113 1.710114909046134e-80
7.812906453226613 1.576840990923769e-80
7.824912456228114 1.427357918642106e-80
7.836918459229615 1.262746480530061e-80
7.848924462231116 1.084365513567208e-80
7.860930465232617 8.93843523192964e-81
7.872936468234117 6.930647114569882e-81
7.884942471235618 4.841494307860014e-81
7.896948474237119 2.694292090781023e-81
7.90895447723862 5.141662194667385e-82
7.920960480240121 -1.672295836540105e-81
7.932966483241621 -3.837435869361558e-81
7.944972486243121 -5.952951697220531e-81
7.956978489244622 -7.99035226703007e-81
7.968984492246123 -9.921432762561912e-81
7.980990495247624 -1.171876067859048e-80
7.992996498249124 -1.33561633111575e-80
8.005002501250626 -1.480920681778908e-80
8.017008504252125 -1.605565693109585e-80
8.029014507253628 -1.7075911570403e-80
8.041020510255127 -1.785339598881236e-80
8.053026513256629 -1.837491171067169e-80
8.065032516258128 -1.863093134453789e-80
8.077038519259631 -1.861583238099323e-80
8.08904452226113 -1.83280642797822e-80
8.101050525262632 -1.777024448856723e-80
8.113056528264131 -1.694918048462403e-80
8.125062531265632 -1.587581645599744e-80
8.137068534267133 -1.456510480396968e-80
8.149074537268634 -1.303580421618655e-80
8.161080540270135 -1.131020759240582e-80
8.173086543271635 -9.413804566282209e-81
8.185092546273136 -7.374884722616473e-81
8.197098549274637 -5.22408882905712e-81
8.209104552276138 -2.993916456716537e-81
8.221110555277638 -7.181992326785133e-82
8.233116558279139 1.568450369337631e-81
8.24512256128064 3.831204348550458e-81
8.257128564282141 6.035588035252836e-81
8.269134567283642 8.148041922738697e-81
8.281140570285142 1.013646613831804e-80
8.293146573286643 1.197073766290051e-80
8.305152576288144 1.362319105298416e-80
8.317158579289645 1.506905424504833e-80
8.329164582291146 1.628683200816326e-80
8.341170585292646 1.725863073079415e-80
8.353176588294147 1.797041945461128e-80
8.365182591295648 1.841222337214627e-80
8.377188594297149 1.857824735626406e-80
8.389194597298649 1.846692845721692e-80
8.40120060030015 1.808091765779025e-80
8.413206603301651 1.742699249043026e-80
8.425212606303152 1.651590336574587e-80
8.437218609304653 1.536215761552464e-80
8.449224612306153 1.398374629433942e-80
8.461230615307654 1.240181969444016e-80
8.473236618309155 1.064031829466419e-80
8.485242621310656 8.725566475386818e-81
8.497248624312157 6.685836781534847e-81
8.509254627313657 4.550892801580319e-81
8.521260630315158 2.351518853306222e-81
8.533266633316659 1.190446311559993e-82
8.54527263631816 -2.115127217146598e-81
8.55727863931966 -4.319982945033467e-81
8.569284642321161 -6.465341808957564e-81
8.58129064532266 -8.522275803304296e-81
8.593296648324163 -1.046349907997833e-80
8.605302651325662 -1.226372184951535e-80
8.617308654327164 -1.389996436675084e-80
8.629314657328663 -1.535182745270292e-80
8.641320660330166 -1.660171687709146e-80
8.653326663331665 -1.76350198050276e-80
8.665332666333168 -1.844023237995e-80
8.677338669334667 -1.900903835719027e-80
8.689344672336169 -1.933633950442653e-80
8.701350675337668 -1.942023923403881e-80
8.713356678339169 -1.926198161731669e-80
8.72536268134067 -1.886584854275655e-80
8.737368684342171 -1.823901831332867e-80
8.749374687343671 -1.739138942575717e-80
8.761380690345172 -1.633537363556648e-80
8.773386693346673 -1.508566268368332e-80
8.785392696348174 -1.365897324450003e-80
8.797398699349674 -1.20737747536591e-80
8.809404702351175 -1.03500047901585e-80
8.821410705352676 -8.508776626631216e-81
8.833416708354177 -6.572083429900015e-81
8.845422711355678 -4.562503398051243e-81
8.857428714357178 -2.502909867928908e-81
8.869434717358679 -4.161901261985239e-82
8.88144072036018 1.675023683661764e-81
8.893446723361681 3.748608538441288e-81
8.905452726363182 5.783186771866606e-81
8.917458729364682 7.758342356872699e-81
8.929464732366183 9.654815437120029e-81
8.941470735367684 1.145467372882914e-80
8.953476738369185 1.314145982441769e-80
8.965482741370685 1.470031382672798e-80
8.977488744372186 1.611807112133719e-80
8.989494747373687 1.738333544994784e-80
9.001500750375188 1.848652777616388e-80
9.013506753376689 1.94199117330231e-80
9.025512756378189 2.017759670703053e-80
9.03751875937969 2.075551984453499e-80
9.049524762381191 2.115140846218436e-80
9.061530765382692 2.136472450358465e-80
9.073536768384193 2.139659280957191e-80
9.085542771385693 2.124971506046913e-80
9.097548774387194 2.092827130683716e-80
9.109554777388695 2.043781103220949e-80
9.121560780390196 1.978513568929448e-80
9.133566783391696 1.89781746225245e-80
9.145572786393197 1.80258562372852e-80
9.157578789394698 1.693797620234262e-80
9.169584792396197 1.572506437985312e-80
9.1815907953977 1.439825206967701e-80
9.193596798399199 1.296914103446416e-80
9.205602801400701 1.144967564188022e-80
9.2176088044022 9.852019323103358e-81
9.229614807403703 8.188436404926415e-81
9.241620810405202 6.471180228787331e-81
9.253626813406704 4.712388326087008e-81
9.265632816408203 2.923985277169974e-81
9.277638819409706 1.117593743170284e-81
9.289644822411205 -6.955459729023797e-82
9.301650825412706 -2.504647605612151e-81
9.313656828414207 -4.299441735216715e-81
9.325662831415707 -6.070229722275561e-81
9.337668834417208 -7.807928866892968e-81
9.349674837418709 -9.504108981240022e-81
9.36168084042021 -1.115102064436183e-80
9.37368684342171 -1.274161547841121e-80
9.385692846423211 -1.426955884535128e-80
9.397698849424712 -1.572923541305794e-80
9.409704852426213 -1.711574807989059e-80
9.421710855427714 -1.84249107776125e-80
9.433716858429214 -1.965323569450091e-80
9.445722861430715 -2.079791547418349e-80
9.457728864432216 -2.185680095175667e-80
9.469734867433717 -2.282837498777117e-80
9.481740870435218 -2.371172295338119e-80
9.493746873436718 -2.450650040705441e-80
9.505752876438219 -2.521289848543486e-80
9.51775887943972 -2.583160750893317e-80
9.529764882441221 -2.636377927707258e-80
9.541770885442721 -2.681098850019797e-80
9.553776888444222 -2.717519378348746e-80
9.565782891445723 -2.745869854687441e-80
9.577788894447224 -2.766411223105197e-80
9.589794897448725 -2.779431210567744e-80
9.601800900450225 -2.785240596170896e-80
9.613806903451726 -2.78416959358862e-80
9.625812906453227 -2.776564368205301e-80
9.637818909454728 -2.762783707169942e-80
9.649824912456229 -2.743195857496558e-80
9.661830915457729 -2.718175544369459e-80
9.67383691845923 -2.688101179008333e-80
9.685842921460731 -2.653352262824136e-80
9.697848924462232 -2.614306992161395e-80
9.709854927463732 -2.571340065684756e-80
9.721860930465233 -2.524820694429025e-80
9.733866933466732 -2.475110812697664e-80
9.745872936468235 -2.422563486360233e-80
9.757878939469734 -2.367521513662542e-80
9.769884942471236 -2.310316212419391e-80
9.781890945472735 -2.251266386401303e-80
9.793896948474238 -2.190677462844043e-80
9.805902951475737 -2.128840792295688e-80
9.81790895447724 -2.066033101458757e-80
9.829914957478739 -2.00251608927287e-80
9.841920960480241 -1.938536156207685e-80
9.85392696348174 -1.874324256581843e-80
9.865932966483243 -1.810095863681331e-80
9.877938969484742 -1.746051037508377e-80
9.889944972486242 -1.682374585137284e-80
9.901950975487743 -1.619236303877192e-80
9.913956978489244 -1.556791297730528e-80
9.925962981490745 -1.495180357981916e-80
9.937968984492246 -1.434530399144885e-80
9.949974987493746 -1.374954941923538e-80
9.961980990495247 -1.316554635305952e-80
9.973986993496748 -1.25941781038684e-80
9.985992996498249 -1.203621059012432e-80
9.99799899949975 -1.149229830844005e-80
10.01000500250125 -1.096299042942172e-80
10.02201100550275 -1.044873696476983e-80
10.03401700850425 -9.949894956645267e-81
10.04602301150575 -9.46673464515388e-81
10.05802901450725 -8.999445574500493e-81
10.07003501750875 -8.548142602894713e-81
10.08204102051026 -8.112871785621922e-81
10.09404702351176 -7.693616104812993e-81
10.10605302651326 -7.290301023337434e-81
10.11805902951476 -6.902799843904993e-81
10.13006503251626 -6.530938857867668e-81
10.14207103551776 -6.174502271384575e-81
10.15407703851926 -5.833236899529734e-81
10.16608304152076 -5.506856621598109e-81
10.17808904452226 -5.195046593299665e-81
10.19009504752376 -4.897467213731043e-81
10.20210105052526 -4.613757846987794e-81
10.21410705352676 -4.343540300035448e-81
10.22611305652826 -4.086422060005292e-81
10.23811905952977 -3.84199929543e-81
10.25012506253126 -3.609859627098909e-81
10.26213106553277 -3.389584675202012e-81
10.27413706853427 -3.180752390258676e-81
10.28614307153577 -2.982939176003561e-81
10.29814907453727 -2.795721812939634e-81
10.31015507753877 -2.618679191679316e-81
10.32216108054027 -2.451393865489898e-81
10.33416708354177 -2.293453431649879e-81
10.34617308654327 -2.144451751320575e-81
10.35817908954477 -2.003990017651009e-81
10.37018509254627 -1.871677681773967e-81
10.38219109554777 -1.74713324622721e-81
10.39419709854927 -1.629984935153396e-81
10.40620310155078 -1.519871250404638e-81
10.41820910455228 -1.416441422409421e-81
10.43021510755378 -1.319355764358334e-81
10.44222111055528 -1.228285937936793e-81
10.45422711355678 -1.14291513848362e-81
10.46623311655828 -1.062938207088896e-81
10.47823911955978 -9.880616767684621e-82
10.49024512256128 -9.18003759469143e-82
10.50225112556278 -8.524942802725464e-82
10.51425712856428 -7.912745647794124e-82
10.52626313156578 -7.340972852737824e-82
10.53826913456728 -6.807262708892309e-82
10.55027513756878 -6.309362866302319e-82
10.56228114057028 -5.84512785742365e-82
10.57428714357179 -5.412516395767883e-82
10.58629314657329 -5.009588487586386e-82
10.59829914957479 -4.634502391465413e-82
10.61030515257629 -4.285511457621786e-82
10.62231115557779 -3.960960875751269e-82
10.63431715857929 -3.659284357494976e-82
10.64632316158079 -3.379000776953138e-82
10.65832916458229 -3.118710790191153e-82
10.67033516758379 -2.877093452348362e-82
10.68234117058529 -2.65290284877352e-82
10.69434717358679 -2.444964754569334e-82
10.70635317658829 -2.252173335027315e-82
10.7183591795898 -2.073487897668549e-82
10.7303651825913 -1.907929704971636e-82
10.7423711855928 -1.754578855358685e-82
10.7543771885943 -1.612571238618881e-82
10.7663831915958 -1.481095570669917e-82
10.7783891945973 -1.359390511383597e-82
10.7903951975988 -1.246741868126987e-82
10.8024012006003 -1.142479886687028e-82
10.8144072036018 -1.045976630348314e-82
10.8264132066033 -9.566434470731954e-83
10.8384192096048 -8.739285239839533e-83
10.8504252126063 -7.97314527661561e-83
10.8624312156078 -7.263163281474938e-83
10.87443721860931 -6.604788039576411e-83
10.8864432216108 -5.993747248836575e-83
10.89844922461231 -5.426027088606203e-83
10.91045522761381 -4.897852487138188e-83
10.92246123061531 -4.405668041554767e-83
10.93446723361681 -3.946119539775183e-83
10.94647323661831 -3.516036029725683e-83
10.95847923961981 -3.112412377055606e-83
10.97048524262131 -2.732392248459398e-83
10.98249124562281 -2.373251453484971e-83
10.99449724862431 -2.032381573324794e-83
11.00650325162581 -1.707273800463589e-83
11.01850925462731 -1.395502908120215e-83
11.03051525762881 -1.094711263092092e-83
11.04252126063032 -8.025927898043986e-84
11.05452726363182 -5.168767869945855e-84
11.06653326663332 -2.35311491430744e-84
11.07853926963482 4.435272473214766e-85
11.09054527263632 3.243806450208443e-84
11.10255127563782 6.070701198588367e-84
11.11455727863932 8.947707404299473e-84
11.12656328164082 1.189903429737794e-83
11.13856928464232 1.494981118874033e-83
11.15057528764382 1.812630691566252e-83
11.16258129064532 2.145616396916322e-83
11.17458729364682 2.496864949071198e-83
11.18659329664832 2.869492553622635e-83
11.19859929964982 3.266834124066896e-83
11.21060530265133 3.692474977955632e-83
11.22261130565283 4.150285331751613e-83
11.23461730865433 4.644457946220343e-83
11.24662331165583 5.179549310833059e-83
11.25862931465733 5.760524796564527e-83
11.27063531765883 6.392808252127134e-83
11.28264132066033 7.082336569632791e-83
11.29464732366183 7.835619802521069e-83
11.30665332666333 8.659807482007975e-83
11.31865932966483 9.56276184904901e-83
11.33066533266633 1.055313879770838e-82
11.34267133566783 1.164047741382124e-82
11.35467733866933 1.283529909097136e-82
11.36668334167084 1.414921731524725e-82
11.37868934467234 1.559505933228863e-82
11.39069534767384 1.718700104624373e-82
11.40270135067534 1.894071665204973e-82
11.41470735367684 2.087354467173429e-82
11.42671335667834 2.300467225424093e-82
11.43871935967984 2.535533980886434e-82
11.45072536268134 2.794906827726819e-82
11.46273136568284 3.081191161107066e-82
11.47473736868434 3.397273731427191e-82
11.48674337168584 3.746353823588642e-82
11.49874937468734 4.131977916196676e-82
11.51075537768885 4.558078216216334e-82
11.52276138069034 5.029015509897492e-82
11.53476738369185 5.549626821339905e-82
11.54677338669335 6.125278426494198e-82
11.55877938969485 6.76192483337508e-82
11.57078539269635 7.466174409568119e-82
11.58279139569785 8.245362416598637e-82
11.59479739869935 9.107632298361778e-82
11.60680340170085 1.006202616866059e-81
11.61880940470235 1.111858555216451e-81
11.63081540770385 1.228846355512876e-81
11.64282141070535 1.358404977850761e-81
11.65482741370685 1.50191094383338e-81
11.66683341670835 1.660893832830359e-81
11.67883941970986 1.83705354495062e-81
11.69084542271136 2.032279534452479e-81
11.70285142571286 2.248672241034868e-81
11.71485742871436 2.488566972962281e-81
11.72686343171586 2.754560525602498e-81
11.73886943471736 3.049540852069701e-81
11.75087543771886 3.37672013968034e-81
11.76288144072036 3.739671687308093e-81
11.77488744372186 4.142371024986093e-81
11.78689344672336 4.589241768830225e-81
11.79889944972486 5.085206762196669e-81
11.81090545272636 5.635745118668444e-81
11.82291145572786 6.246955854805084e-81
11.83491745872936 6.925628881500011e-81
11.84692346173087 7.679324213295119e-81
11.85892946473237 8.516460356247706e-81
11.87093546773387 9.446412948214974e-81
11.88294147073537 1.047962485215489e-80
11.89494747373687 1.16277290448511e-80
11.90695347673837 1.290368580215945e-80
11.91895947973987 1.43219358594693e-80
11.93096548274137 1.589857142484197e-80
11.94297148574287 1.765152714477363e-80
11.95497748874437 1.960079337158003e-80
11.96698349174587 2.176865436020988e-80
11.97898949474737 2.417995433444264e-80
11.99099549774887 2.686239471192804e-80
12.00300150075038 2.984686616888086e-80
12.01500750375187 3.316781966349816e-80
12.02701350675338 3.686368102797815e-80
12.03901950975488 4.097731428873069e-80
12.05102551275638 4.555653949009722e-80
12.06303151575788 5.065471148662006e-80
12.07503751875938 5.633136694156714e-80
12.08704352176088 6.265294763506623e-80
12.09904952476238 6.969360915509547e-80
12.11105552776388 7.753612513134126e-80
12.12306153076538 8.627289838974663e-80
12.13506753376688 9.600709177032978e-80
12.14707353676839 1.068538928803923e-79
12.15907953976988 1.189419287695796e-79
12.17108554277139 1.324148484348633e-79
12.18309154577289 1.474330932175894e-79
12.19509754877439 1.641758775695813e-79
12.20710355177589 1.828434053726394e-79
12.21910955477739 2.036593500312823e-79
12.23111555777889 2.268736299622491e-79
12.24312156078039 2.527655149210028e-79
12.25512756378189 2.816471028856964e-79
12.26713356678339 3.138672120193458e-79
12.27913956978489 3.4981573761487e-79
12.29114557278639 3.89928529966561e-79
12.30315157578789 4.346928558855263e-79
12.31515757878939 4.846535141757161e-79
12.3271635817909 5.404196839123071e-79
12.3391695847924 6.026725939289541e-79
12.3511755877939 6.721741126521826e-79
12.3631815907954 7.497763694631222e-79
12.3751875937969 8.364325322796436e-79
12.3871935967984 9.332088812164201e-79
12.3991995997999 1.041298335199336e-78
12.4112056028014 1.162035607511971e-78
12.4232116058029 1.296914187691737e-78
12.4352176088044 1.447605371259277e-78
12.4472236118059 1.615979585780399e-78
12.4592296148074 1.80413029208825e-78
12.4712356178089 2.014400773542961e-78
12.48324162081041 2.249414164435476e-78
12.49524762381191 2.512107111567067e-78
12.50725362681341 2.805767511235949e-78
12.51925962981491 3.134076817988425e-78
12.53126563281641 3.501157482276517e-78
12.54327163581791 3.911626142429725e-78
12.55527763881941 4.370653273020744e-78
12.56728364182091 4.884030077823341e-78
12.57928964482241 5.458243512294614e-78
12.59129564782391 6.100560429177698e-78
12.60330165082541 6.819121962892915e-78
12.61530765382691 7.623049405526852e-78
12.62731365682841 8.522562981308811e-78
12.63931965982992 9.529115099583527e-78
12.65132566283141 1.065553986081126e-77
12.66333166583292 1.191622080870867e-77
12.67533766883442 1.332727916727479e-77
12.68734367183592 1.49067850774885e-77
12.69934967483742 1.667499465869633e-77
12.71135567783892 1.865461606838695e-77
12.72336168084042 2.087110812595404e-77
12.73536768384192 2.335301550656436e-77
12.74737368684342 2.613234500642677e-77
12.75937968984492 2.924498793741192e-77
12.77138569284642 3.27311943347636e-77
12.78339169584793 3.663610536519325e-77
12.79539769884942 4.101035111365984e-77
12.80740370185093 4.591072181652292e-77
12.81940970485243 5.140092160880074e-77
12.83141570785393 5.755241497778848e-77
12.84342171085543 6.444537737984987e-77
12.85542771385693 7.216976289929308e-77
12.86743371685843 8.082650342757945e-77
12.87943971985993 9.052885563986678e-77
12.89144572286143 1.014039140690129e-76
12.90345172586293 1.135943108527539e-76
12.91545772886443 1.272601252894446e-76
12.92746373186593 1.425810292171025e-76
12.93946973486743 1.597586974696029e-76
12.95147573786893 1.790195163078378e-76
12.96348174087044 2.006176268232683e-76
12.97548774387194 2.248383449237417e-76
12.98749374687344 2.520020047010853e-76
12.99949974987494 2.824682778193258e-76
13.01150575287644 3.166410281330153e-76
13.02351175587794 3.549737681389976e-76
13.03551775887944 3.979757921854891e-76
13.04752376188094 4.46219070726143e-76
13.05952976488244 5.003460004450388e-76
13.07153576788394 5.610781169391196e-76
13.08354177088544 6.292258899939383e-76
13.09554777388694 7.056997365141768e-76
13.10755377688844 7.915224030834404e-76
13.11955977988995 8.878428891661598e-76
13.13156578289145 9.959521033959996e-76
13.14357178589295 1.117300469521772e-75
13.15557778889445 1.253517725743469e-75
13.16758379189595 1.406435191750664e-75
13.17958979489745 1.578110812204687e-75
13.19159579789895 1.770857324170703e-75
13.20360180090045 1.987273939653808e-75
13.21560780390195 2.230281983541624e-75
13.22761380690345 2.503164982599665e-75
13.23961980990495 2.809613763488599e-75
13.25162581290645 3.153777187956841e-75
13.26363181590795 3.540319232402636e-75
13.27563781890946 3.974483208017492e-75
13.28764382191095 4.462164017980826e-75
13.29964982491246 5.009989461097255e-75
13.31165582791396 5.62541171845743e-75
13.32366183091546 6.316810302968531e-75
13.33566783391696 7.093607912979236e-75
13.34767383691846 7.966400813012759e-75
13.35967983991996 8.947105569409108e-75
13.37168584292146 1.00491241993817e-74
13.38369184592296 1.128753005190294e-74
13.39569784892446 1.267927703165573e-74
13.40770385192596 1.424343510720206e-74
13.41970985492746 1.600145541623786e-74
13.43171585792896 1.797746869963505e-74
13.44372186093047 2.019862126790666e-74
13.45572786393197 2.269545323551772e-74
13.46773386693347 2.550232435771563e-74
13.47973986993497 2.86578934798494e-74
13.49174587293647 3.220565837016226e-74
13.50375187593797 3.61945635646868e-74
13.51575787893947 4.067968481944645e-74
13.52776388194097 4.572299985454132e-74
13.53976988494247 5.139425630251386e-74
13.55177588794397 5.777194915728475e-74
13.56378189094547 6.494442157981541e-74
13.57578789394697 7.301110467491969e-74
13.58779389694847 8.208391383561133e-74
13.59979989994997 9.228882148556464e-74
13.61180590295148 1.037676285688625e-73
13.62381190595298 1.166799599754959e-73
13.63581790895448 1.31205512291998e-73
13.64782391195598 1.475465858753115e-73
13.65982991495748 1.659309373165722e-73
13.67183591795898 1.866149929486932e-73
13.68384192096048 2.098874692237054e-73
13.69584792396198 2.360734516174981e-73
13.70785392696348 2.655389902952297e-73
13.71985992996498 2.986962781853539e-73
13.73186593296648 3.360094854712456e-73
13.74387193596798 3.780013339378653e-73
13.75587793896949 4.252605052433518e-73
13.76788394197099 4.784499891759708e-73
13.77988994497248 5.383164914793215e-73
13.79189594797399 6.057010360792627e-73
13.80390195097549 6.81550913745996e-73
13.81590795397699 7.669331486238358e-73
13.82791395697849 8.630496759412116e-73
13.83991995997999 9.712544488923124e-73
13.85192596298149 1.093072720518295e-72
13.86393196598299 1.230222777815008e-72
13.87593796898449 1.384640440712593e-72
13.88794397198599 1.558506678525741e-72
13.89994997498749 1.754278741543623e-72
13.911955977989 1.974725256272249e-72
13.92396198099049 2.222965790200351e-72
13.935967983992 2.502515456669176e-72
13.9479739869935 2.817335203430871e-72
13.959979989995 3.171888510844763e-72
13.9719859929965 3.571205318588489e-72
13.983991995998 4.020954104608727e-72
13.9959979989995 4.527523158336428e-72
14.008004002001 5.098112223673205e-72
14.0200100050025 5.740835837870898e-72
14.032016008004 6.464839862378819e-72
14.0440220110055 7.280432893510152e-72
14.056028014007 8.199234457188214e-72
14.0680340170085 9.234342136244752e-72
14.08004002001 1.040052005433427e-71
14.09204602301151 1.171441145154066e-71
14.10405202601301 1.319477843774548e-71
14.11605802901451 1.486277240595047e-71
14.12806403201601 1.674223903481332e-71
14.14007003501751 1.886006231422868e-71
14.15207603801901 2.124655259727631e-71
14.16408204102051 2.39358843246322e-71
14.17608804402201 2.696658979304276e-71
14.18809404702351 3.038211615836511e-71
14.20010005002501 3.423145378802063e-71
14.21210605302651 3.856984512109678e-71
14.22411205602801 4.345958437211887e-71
14.23611805902951 4.89709197440431e-71
14.24812406203102 5.518307131687572e-71
14.26013006503252 6.218537947261626e-71
14.27213606803402 7.00786006299285e-71
14.28414207103552 7.897636922126408e-71
14.29614807403702 8.900684728294888e-71
14.30815407703852 1.003145857809645e-70
14.32016008004002 1.13062624902435e-70
14.33216608304152 1.27434864051048e-70
14.34417208604302 1.436387362456081e-70
14.35617808904452 1.619082260931756e-70
14.36818409204602 1.825072755578686e-70
14.38019009504752 2.057336274480798e-70
14.39219609804903 2.3192316298289e-70
14.40420210105053 2.614547970681113e-70
14.41620810405203 2.94756003121244e-70
14.42821410705353 3.323090485542144e-70
14.44022011005503 3.746580324903482e-70
14.45222611305653 4.224168291126923e-70
14.46423211605803 4.762780533896985e-70
14.47623811905953 5.370231809992871e-70
14.48824412206103 6.055339712969701e-70
14.50025012506253 6.8280536140053e-70
14.51225612806403 7.699600211780164e-70
14.52426213106553 8.682647834497937e-70
14.53626813406703 9.791491914131741e-70
14.54827413706853 1.104226436581096e-69
14.56028014007003 1.245316995859115e-69
14.57228614307154 1.404475316292709e-69
14.58429214607304 1.584019941092683e-69
14.59629814907454 1.786567521460668e-69
14.60830415207604 2.015071216246402e-69
14.62031015507754 2.272864046429442e-69
14.63231615807904 2.563707844796797e-69
14.64432216108054 2.891848524077068e-69
14.65632816408204 3.262078480425313e-69
14.66833416708354 3.67980705492563e-69
14.68034017008504 4.151140095266293e-69
14.69234617308654 4.682969794725908e-69
14.70435217608804 5.283076138100829e-69
14.71635817908954 5.960241456477676e-69
14.72836418209105 6.724379787380103e-69
14.74037018509255 7.586682956699391e-69
14.75237618809405 8.559785547235827e-69
14.76438219109555 9.657951199340263e-69
14.77638819409705 1.089728300624374e-68
14.78839419709855 1.229596112493378e-68
14.80040020010005 1.387451112823154e-68
14.81240620310155 1.565610708109344e-68
14.82441220610305 1.766691384094169e-68
14.83641820910455 1.993647366574601e-68
14.84842421210605 2.249814287336803e-68
14.86043021510755 2.538958504120963e-68
14.87243621810905 2.865332807763322e-68
14.88444222111056 3.233739344855466e-68
14.89644822411206 3.649600691829911e-68
14.90845422711356 4.119040137936639e-68
14.92046023011506 4.648972371938166e-68
14.93246623311656 5.24720592257909e-68
14.94447223611806 5.922558878306167e-68
14.95647823911956 6.684989609956285e-68
14.96848424212106 7.545744444164765e-68
14.98049024512256 8.517524488435002e-68
14.99249624812406 9.614674094950805e-68
15.00450225112556 1.085339377359825e-67
15.01650825412706 1.225198073014801e-67
15.02851425712857 1.383110061861836e-67
15.04052026013007 1.56140945636962e-67
15.05252626313157 1.762732603674968e-67
15.06453226613307 1.990057276534862e-67
15.07653826913457 2.246746953027886e-67
15.08854427213607 2.536600846592483e-67
15.10055027513757 2.863910434105493e-67
15.11255627813907 3.233523327042497e-67
15.12456228114057 3.650915440785579e-67
15.13656828414207 4.122272541509353e-67
15.14857428714357 4.654582390653755e-67
15.16058029014507 5.255738865897872e-67
15.17258629314657 5.934659617175064e-67
15.18459229614807 6.701419019320393e-67
15.19659829914957 7.567398412474827e-67
15.20860430215108 8.545455880844467e-67
15.22061030515258 9.650118113736499e-67
15.23261630815408 1.089779722438695e-66
15.24462231115558 1.230703577695698e-66
15.25662831415708 1.389878369585575e-66
15.26863431715858 1.569671121063932e-66
15.28064032016008 1.772756253136272e-66
15.29264632316158 2.002155556159674e-66
15.30465232616308 2.261283364860276e-66
15.31665832916458 2.553997615283449e-66
15.32866433216608 2.884657550382095e-66
15.34067033516758 3.258188940994046e-66
15.35267633816908 3.68015780207281e-66
15.36468234117059 4.156853711925622e-66
15.37668834417209 4.69538398681082e-66
15.38869434717359 5.303780126738058e-66
15.40070035017509 5.991118133170784e-66
15.41270635317659 6.767654508344949e-66
15.42471235617809 7.644979982251538e-66
15.43671835917959 8.636193280557023e-66
15.44872436218109 9.756097548897266e-66
15.46073036518259 1.102142239064785e-65
15.47273636818409 1.245107486161743e-65
15.48474237118559 1.406642320197716e-65
15.49674837418709 1.589161757974179e-65
15.50875437718859 1.795395267873566e-65
15.5207603801901 2.028427759566857e-65
15.5327663831916 2.291745922528003e-65
15.5447723861931 2.589290612030645e-65
15.5567783891946 2.925516072652395e-65
15.5687843921961 3.305456892616228e-65
15.5807903951976 3.734803699123166e-65
15.5927963981991 4.219988736946287e-65
15.6048024012006 4.768282621966473e-65
15.6168084042021 5.387903730301032e-65
15.6288144072036 6.088141874770179e-65
15.6408204102051 6.879498136562547e-65
15.6528264132066 7.773842964378395e-65
15.6648324162081 8.784594929757313e-65
15.6768384192096 9.926922839931822e-65
15.6888444222111 1.121797426313533e-64
15.70085042521261 1.267713392120139e-64
15.71285642821411 1.432631585659414e-64
15.72486243121561 1.619029379257729e-64
15.73686843421711 1.829707468383256e-64
15.74887443721861 2.06783211092694e-64
15.76088044022011 2.336982889897133e-64
15.77288644322161 2.641206722445093e-64
15.78489244622311 2.985078932836257e-64
15.79689844922461 3.37377231409476e-64
15.80890445222611 3.813135224204918e-64
15.82091045522761 4.309779899796023e-64
15.83291645822911 4.871182325250481e-64
15.84492246123061 5.505795170518421e-64
15.85692846423212 6.223175509262617e-64
15.86893446723362 7.034129253314372e-64
15.88094047023512 7.950874493209018e-64
15.89294647323662 8.987226221652539e-64
15.90495247623812 1.015880524151962e-63
15.91695847923962 1.148327442734383e-63
15.92896448224112 1.298060592482776e-63
15.94097048524262 1.467338334300539e-63
15.95297648824412 1.658714352549304e-63
15.96498249124562 1.875076308887266e-63
15.97698849424712 2.119689559683081e-63
15.98899449724862 2.396246600860186e-63
16.00100050025013 2.708922991127296e-63
16.01300650325162 3.062440603088078e-63
16.02501250625313 3.462139163199336e-63
16.03701850925463 3.914057167662547e-63
16.04902451225613 4.425023404012221e-63
16.06103051525763 5.00276046958282e-63
16.07303651825913 5.656001860657117e-63
16.08504252126063 6.394624412709601e-63
16.09704852426213 7.229798105912476e-63
16.10905452726363 8.174155514537172e-63
16.12106053026513 9.241983478098677e-63
16.13306653326664 1.04494399106224e-62
16.14507253626813 1.181479904743342e-62
16.15707853926963 1.335872886222618e-62
16.16908454227114 1.510460487748853e-62
16.18109054527264 1.707886514611928e-62
16.19309654827414 1.931141180976858e-62
16.20510255127564 2.183606534963969e-62
16.21710855427714 2.469107844907253e-62
16.22911455727864 2.791971729646828e-62
16.24112056028014 3.157091918591135e-62
16.25312656328164 3.570003643692999e-62
16.26513256628314 4.036967797201255e-62
16.27713856928464 4.565066138090733e-62
16.28914457228614 5.162308998717942e-62
16.30115057528764 5.837757134077648e-62
16.31315657828915 6.601659571966651e-62
16.32516258129064 7.465609566699538e-62
16.33716858429214 8.442721035506652e-62
16.34917458729365 9.547828169608832e-62
16.36118059029515 1.07977112659963e-61
16.37318659329665 1.221135222656051e-61
16.38519259629815 1.381022362457245e-61
16.39719859929965 1.561861575151151e-61
16.40920460230115 1.766400663778252e-61
16.42121060530265 1.997748069780802e-61
16.43321660830415 2.259420239341253e-61
16.44522261130565 2.555395215071606e-61
16.45722861430716 2.89017327178174e-61
16.46923461730865 3.268845522796469e-61
16.48124062031015 3.697171545219531e-61
16.49324662331166 4.181667210527047e-61
16.50525262631316 4.729704063028562e-61
16.51725862931466 5.349621765455033e-61
16.52926463231616 6.05085533092996e-61
16.54127063531766 6.844079086919561e-61
16.55327663831916 7.741369572912125e-61
16.56528264132066 8.756389863474976e-61
16.57728864432216 9.904598136427343e-61
16.58929464732366 1.120348367718299e-60
16.60130065032516 1.267283393055593e-60
16.61330665332666 1.433503668693502e-60
16.62531265632816 1.621542202801942e-60
16.63731865932967 1.834264926652955e-60
16.64932466233117 2.074914480382026e-60
16.66133066533267 2.347159760971174e-60
16.67333666833417 2.655151991210244e-60
16.68534267133567 3.003588168360181e-60
16.69734867433717 3.397782864387281e-60
16.70935467733867 3.843749477698584e-60
16.72136068034017 4.348292181252989e-60
16.73336668334167 4.919109975977337e-60
16.74537268634317 5.564914444102494e-60
16.75737868934467 6.29556300720489e-60
16.76938469234617 7.12220973162423e-60
16.78139069534767 8.057475993184725e-60
16.79339669834918 9.115643617914267e-60
16.80540270135068 1.031287346041908e-59
16.81740870435218 1.166745277203475e-59
16.82941470735368 1.320007515284196e-59
16.84142071035518 1.493415738190474e-59
16.85342671335668 1.689619798635331e-59
16.86543271635818 1.911618305090546e-59
16.87743871935968 2.162804549495754e-59
16.88944472236118 2.447018486564353e-59
16.90145072536268 2.768605562489376e-59
16.91345672836418 3.132483296082914e-59
16.92546273136568 3.544216634499812e-59
16.93746873436718 4.010103240533411e-59
16.94947473736868 4.537270021103866e-59
16.96148074037018 5.133782379337435e-59
16.97348674337169 5.808767868218467e-59
16.98549274637319 6.572556145195928e-59
16.99749874937469 7.436837377752606e-59
17.00950475237619 8.4148415336574e-59
17.02151075537769 9.521541310788945e-59
17.03351675837919 1.077388182498953e-58
17.04552276138069 1.219104058598235e-58
17.05752876438219 1.379472175730362e-58
17.06953476738369 1.560948922364277e-58
17.08154077038519 1.766314358607607e-58
17.09354677338669 1.998714888162331e-58
17.10555277638819 2.261711558877183e-58
17.1175587793897 2.559334734689047e-58
17.1295647823912 2.89614597981534e-58
17.14157078539269 3.277308107082754e-58
17.1535767883942 3.708664467966532e-58
17.1655827913957 4.196828704206707e-58
17.1775887943972 4.749286341957618e-58
17.1895947973987 5.374509791798874e-58
17.2016008004002 6.082088524402549e-58
17.2136068034017 6.882876425397349e-58
17.2256128064032 7.789158597601716e-58
17.2376188094047 8.814840178396645e-58
17.2496248124062 9.975660079198145e-58
17.26163081540771 1.128943293800202e-57
17.27363681840921 1.277632301073635e-57
17.2856428214107 1.445915421937873e-57
17.29764882441221 1.636376113207357e-57
17.30965482741371 1.851938628142031e-57
17.32166083041521 2.095912994143754e-57
17.33366683341671 2.372045929246612e-57
17.34567283641821 2.684578481894571e-57
17.35767883941971 3.038311282172e-57
17.36968484242121 3.438678410030629e-57
17.38169084542271 3.891831018953159e-57
17.39369684842421 4.404732003961448e-57
17.40570285142572 4.98526317324014e-57
17.41770885442721 5.642346575536201e-57
17.42971485742871 6.386081853891061e-57
17.44172086043022 7.227901743538739e-57
17.45372686343172 8.180748111781379e-57
17.46573286643321 9.259271254658854e-57
17.47773886943472 1.048005552416049e-56
17.48974487243622 1.186187476613142e-56
17.50175087543772 1.342598150918477e-56
17.51375687843922 1.519643436595637e-56
17.52576288144072 1.720046869798517e-56
17.53776888444222 1.946891626348933e-56
17.54977488744372 2.203668032366356e-56
17.56178089044522 2.494327353954086e-56
17.57378689344672 2.82334269611844e-56
17.58579289644823 3.195777950899901e-56
17.59779889944972 3.617365859025641e-56
17.60980490245122 4.09459639017443e-56
17.62181090545273 4.634816806355106e-56
17.63381690845423 5.246344953404385e-56
17.64582291145573 5.938597530001179e-56
17.65782891445723 6.722235315034817e-56
17.66983491745873 7.609327596234537e-56
17.68184092046023 8.613538339722227e-56
17.69384692346173 9.750336976181845e-56
17.70585292646323 1.103723705984729e-55
17.71785892946473 1.249406648738468e-55
17.72986493246623 1.414327345165386e-55
17.74187093546773 1.601027285782989e-55
17.75387693846923 1.812383855500016e-55
17.76588294147074 2.051654744481297e-55
17.77788894447224 2.322528233100587e-55
17.78989494747374 2.629180128210974e-55
17.80190095047524 2.976338230837227e-55
17.81390695347674 3.369355331890496e-55
17.82591295647824 3.814291864426873e-55
17.83791895947974 4.318009490360937e-55
17.84992496248124 4.888277068716953e-55
17.86193096548274 5.533890644074601e-55
17.87393696848424 6.264809310810239e-55
17.88594297148574 7.09230905440975e-55
17.89794897448724 8.029156949341024e-55
17.90995497748874 9.089808408033626e-55
17.92196098049025 1.029063053230181e-54
17.93396698349175 1.165015502259361e-54
17.94597298649325 1.318936455801441e-54
17.95797898949475 1.493201707824962e-54
17.96998499249625 1.690501298532855e-54
17.98199099549775 1.913881094772627e-54
17.99399699849925 2.166789874189247e-54
18.00600300150075 2.453132641859352e-54
18.01800900450225 2.777331004666805e-54
18.03001500750375 3.144391537989183e-54
18.04202101050525 3.559983203057387e-54
18.05402701350675 4.030525013545494e-54
18.06603301650825 4.563285308719397e-54
18.07803901950975 5.1664941702827e-54
18.09004502251126 5.849470723695385e-54
18.10205102551276 6.622767295363305e-54
18.11405702851426 7.498332658281495e-54
18.12606303151576 8.489696894513179e-54
18.13806903451726 9.612180737887469e-54
18.15007503751876 1.088313263969934e-53
18.16208104052026 1.232219722988133e-53
18.17408704352176 1.395161933275443e-53
18.18609304652326 1.579658824760653e-53
18.19809904952476 1.788562762854213e-53
18.21010505252626 2.025103700498407e-53
18.22211105552776 2.292939178485611e-53
18.23411705852926 2.596210948926203e-53
18.24612306153077 2.939609099447433e-53
18.25812906453227 3.328444672019645e-53
18.27013506753377 3.768731902041927e-53
18.28214107053527 4.267281352520811e-53
18.29414707353677 4.831805387158945e-53
18.30615307653827 5.471037617559612e-53
18.31815907953977 6.194868176518677e-53
18.33016508254127 7.014496914884042e-53
18.34217108554277 7.942606897525944e-53
18.35417708854427 8.993560888897563e-53
18.36618309154577 1.018362387536506e-52
18.37818909454727 1.153121507548923e-52
18.39019509754878 1.305719334702175e-52
18.40220110055028 1.478518041764541e-52
18.41420710355177 1.674192695348873e-52
18.42621310655328 1.895772714430106e-52
18.43821910955478 2.146688823721105e-52
18.45022511255628 2.430826230390965e-52
18.46223111555778 2.752584849214883e-52
18.47423711855928 3.116947510663875e-52
18.48624312156078 3.529557210376155e-52
18.49824912456228 3.996804598825551e-52
18.51025512756378 4.525927068997437e-52
18.52226113056528 5.125120979970014e-52
18.53426713356679 5.803668758277287e-52
18.54627313656828 6.57208284996987e-52
18.55827913956978 7.442268757982042e-52
18.57028514257129 8.427709695825661e-52
18.58229114557279 9.543675724371492e-52
18.59429714857428 1.080746061876513e-51
18.60630315157579 1.223865014327019e-51
18.61830915457729 1.385942589973237e-51
18.63031515757879 1.569490946800022e-51
18.64232116058029 1.777355218261453e-51
18.65432716358179 2.012757659912184e-51
18.66633316658329 2.279347650650421e-51
18.67833916958479 2.581258325193619e-51
18.69034517258629 2.92317071745292e-51
18.70235117558779 3.310386411192783e-51
18.7143571785893 3.748909826573722e-51
18.72636318159079 4.245541420934792e-51
18.73836918459229 4.807983251807982e-51
18.7503751875938 5.444958542307737e-51
18.7623811905953 6.166347106694451e-51
18.7743871935968 6.983338740457108e-51
18.7863931965983 7.908606958532878e-51
18.7983991995998 8.956505781625421e-51
18.8104052026013 1.014329262892096e-50
18.8224112056028 1.148738078140749e-50
18.8344172086043 1.300962533979378e-50
18.8464232116058 1.473364712185637e-50
18.85842921460731 1.668619953401917e-50
18.8704352176088 1.889758412027367e-50
18.8824412206103 2.140212124857902e-50
18.89444722361181 2.423868325242268e-50
18.90645322661331 2.745129831662183e-50
18.91845922961481 3.108983449682316e-50
18.93046523261631 3.521077450864328e-50
18.94247123561781 3.987809333438717e-50
18.95447723861931 4.516425229476957e-50
18.96648324162081 5.115132504494551e-50
18.97848924462231 5.793227300663987e-50
18.99049524762381 6.561239007320909e-50
19.00250125062531 7.431093905827259e-50
19.01450725362681 8.416300534212812e-50
19.02651325662831 9.532159654997346e-50
19.03851925962982 1.079600209246293e-49
19.05052526263132 1.222745813936179e-49
19.06253126563282 1.384876272436456e-49
19.07453726863432 1.568510108812863e-49
19.08654327163582 1.776500034636497e-49
19.09854927463732 2.012077303252566e-49
19.11055527763882 2.278901952184753e-49
19.12256128064032 2.581119715507459e-49
19.13456728364182 2.923426491852103e-49
19.14657328664332 3.311141371340316e-49
19.15857928964482 3.750289357988803e-49
19.17058529264632 4.247695075083883e-49
19.18259129564782 4.811088912030143e-49
19.19459729864932 5.449227264901702e-49
19.20660330165082 6.172028742384794e-49
19.21860930465233 6.990728457416518e-49
19.23061530765383 7.918052806470577e-49
19.24262131065533 8.968417457506101e-49
19.25462731365683 1.015815162905194e-48
19.26663331665833 1.150575215238013e-48
19.27863931965983 1.30321712726095e-48
19.29064532266133 1.476114267010508e-48
19.30265132566283 1.671955077889041e-48
19.31465732866433 1.893784915325e-48
19.32666333166583 2.145053439777962e-48
19.33866933466733 2.42966830417546e-48
19.35067533766883 2.752055971932507e-48
19.36268134067033 3.117230612799859e-48
19.37468734367184 3.530872149645709e-48
19.38669334667334 3.999414671859663e-48
19.39869934967484 4.530146592600746e-48
19.41070535267634 5.131324110111431e-48
19.42271135567784 5.812299740640689e-48
19.43471735867934 6.583667925393615e-48
19.44672336168084 7.457429980015983e-48
19.45872936468234 8.447180956578447e-48
19.47073536768384 9.568321329548507e-48
19.48274137068534 1.083829680415466e-47
19.49474737368684 1.227686998389118e-47
19.50675337668834 1.39064281305201e-47
19.51875937968985 1.57523318125449e-47
19.53076538269135 1.78433098755342e-47
19.54277138569284 2.021190688980526e-47
19.55477738869435 2.289499004910126e-47
19.56678339169585 2.593432342077505e-47
19.57878939469735 2.937721849808549e-47
19.59079539769885 3.327727119490176e-47
19.60280140070035 3.769519677095717e-47
19.61480740370185 4.269977570282608e-47
19.62681340670335 4.83689252458398e-47
19.63881940970485 5.479091339220445e-47
19.65082541270635 6.206573415121806e-47
19.66283141570786 7.030666559335679e-47
19.67483741870936 7.964203495036971e-47
19.68684342171085 9.021721829286836e-47
19.69884942471236 1.021969059656161e-46
19.71085542771386 1.157676691059122e-46
19.72286143071536 1.311408672668189e-46
19.73486743371686 1.485559424877914e-46
19.74687343671836 1.682841511835885e-46
19.75887943971986 1.90632792052254e-46
19.77088544272136 2.159499959410757e-46
19.78289144572286 2.446301523765286e-46
19.79489744872436 2.771200573971524e-46
19.80690345172586 3.139258785821534e-46
19.81890945472736 3.556210459189291e-46
19.83091545772886 4.028551915987603e-46
19.84292146073037 4.563642781971071e-46
19.85492746373187 5.169820732388221e-46
19.86693346673336 5.856531491586866e-46
19.87893946973487 6.634476114719935e-46
19.89094547273637 7.515777849401518e-46
19.90295147573787 8.514171180735727e-46
19.91495747873937 9.645216009355648e-46
19.92696348174087 1.092654030437246e-45
19.93896948474237 1.237811501757127e-45
19.95097548774387 1.402256554874036e-45
19.96298149074537 1.588552462254921e-45
19.97498749374687 1.799603208380641e-45
19.98699349674838 2.038698785032856e-45
19.99899949974987 2.309566509247289e-45
20.01100550275137 2.61642916485917e-45
20.02301150575288 2.964070875093925e-45
20.03501750875438 3.357911734354286e-45
20.04702351175588 3.804092364109071e-45
20.05902951475738 4.309569712735287e-45
20.07103551775888 4.88222559472417e-45
20.08304152076038 5.530989663576072e-45
20.09504752376188 6.265978738085823e-45
20.10705352676338 7.098654657080661e-45
20.11905952976488 8.042003127006126e-45
20.13106553276639 9.110736354582258e-45
20.14307153576788 1.032152262819447e-44
20.15507753876938 1.169324643254457e-44
20.16708354177089 1.324730315794296e-44
20.17908954477239 1.50079330059248e-44
20.19109554777389 1.700259930506218e-44
20.20310155077539 1.926241714448885e-44
20.21510755377689 2.182263901859173e-44
20.22711355677839 2.472320506683696e-44
20.23911955977989 2.800936650170363e-44
20.25112556278139 3.173239196096492e-44
20.26313156578289 3.595036781595029e-44
20.27513756878439 4.072910493519077e-44
20.28714357178589 4.614316606593067e-44
20.29914957478739 5.227702988037789e-44
20.3111555777889 5.9226409868714e-44
20.3231615807904 6.709974868016785e-44
20.3351675837919 7.601991125468958e-44
20.3471735867934 8.612610319379212e-44
20.3591795897949 9.757604433851154e-44
20.3711855927964 1.105484315101877e-43
20.3831915957979 1.252457288882253e-43
20.3951975987994 1.418973296187972e-43
20.4072036018009 1.607631380496403e-43
20.4192096048024 1.821376285593612e-43
20.4312156078039 2.063544443977886e-43
20.4432216108054 2.33791608393323e-43
20.4552276138069 2.648774269459058e-43
20.4672336168084 3.000971795596621e-43
20.4792396198099 3.400006984469073e-43
20.49124562281141 3.852109566469981e-43
20.50325162581291 4.364337988670255e-43
20.51525762881441 4.944689671130503e-43
20.52726363181591 5.602225934198175e-43
20.53926963481741 6.347213549201397e-43
20.55127563781891 7.191285124810511e-43
20.56328164082041 8.147620835788098e-43
20.57528764382191 9.231154334493371e-43
20.58729364682341 1.045880606356565e-42
20.59929964982491 1.184974761659677e-42
20.61130565282641 1.342570127901424e-42
20.62331165582791 1.521127943142731e-42
20.63531765882941 1.723436912094096e-42
20.64732366183092 1.952656781216576e-42
20.65932966483242 2.212367712989256e-42
20.67133566783392 2.506626231217586e-42
20.68334167083542 2.840028612006594e-42
20.69534767383692 3.217782711451657e-42
20.70735367683842 3.645789353029045e-42
20.71935967983992 4.130734547162331e-42
20.73136568284142 4.680193984838031e-42
20.74337168584292 5.302751439094403e-42
20.75537768884442 6.008132925714504e-42
20.76738369184592 6.807358720921175e-42
20.77938969484742 7.712915613153849e-42
20.79139569784893 8.738952082474696e-42
20.80340170085043 9.901499459756106e-42
20.81540770385192 1.121872252415409e-41
20.82741370685343 1.271120345783096e-41
20.83941970985493 1.440226359866099e-41
20.85142571285643 1.631832802289899e-41
20.86343171585793 1.848933865976603e-41
20.87543771885943 2.094922239909343e-41
20.88744372186093 2.37364215134456e-41
20.89944972486243 2.68944946909777e-41
20.91145572786393 3.04727980799312e-41
20.92346173086543 3.452725699741723e-41
20.93546773386693 3.912124037357456e-41
20.94747373686843 4.432655160951534e-41
20.95947973986993 5.022455134884554e-41
20.97148574287144 5.690742972647329e-41
20.98349174587294 6.447964799720398e-41
20.99549774887443 7.30595720968707e-41
21.00750375187594 8.278132369194896e-41
21.01950975487744 9.379687767675982e-41
21.03151575787894 1.06278438933752e-40
21.04352176088044 1.204211355423324e-40
21.05552776388194 1.364460705736958e-40
21.06753376688344 1.546037802206091e-40
21.07953976988494 1.751781523699762e-40
21.09154577288644 1.984908669317984e-40
21.10355177588794 2.249064274036569e-40
21.11555777888945 2.548378624029185e-40
21.12756378189095 2.887531863843683e-40
21.13956978489244 3.271827206430653e-40
21.15157578789395 3.707273891669349e-40
21.16358179089545 4.200681191617769e-40
21.17558779389695 4.759764933618679e-40
21.18759379689845 5.393268208329196e-40
21.19959979989995 6.111098151775942e-40
21.21160580290145 6.924480942147655e-40
21.22361180590295 7.846137437162081e-40
21.23561780890445 8.890482200949057e-40
21.24762381190595 1.007384903553613e-39
21.25962981490746 1.141474654694089e-39
21.27163581790895 1.293414774606263e-39
21.28364182091045 1.465581821738857e-39
21.29564782391196 1.660668799233065e-39
21.30765382691346 1.881727294824409e-39
21.31965982991496 2.132215232956439e-39
21.33166583291646 2.416050986617847e-39
21.34367183591796 2.737674695988083e-39
21.35567783891946 3.102117753815107e-39
21.36768384192096 3.515081545319893e-39
21.37968984492246 3.983026675328477e-39
21.39169584792396 4.513274079543425e-39
21.40370185092547 5.114119602954578e-39
21.41570785392696 5.794963839268761e-39
21.42771385692846 6.566459264212903e-39
21.43971985992997 7.44067696637812e-39
21.45172586293147 8.431295586165848e-39
21.46373186593297 9.553815421178722e-39
21.47573786893447 1.082580105051622e-38
21.48774387193597 1.22671562770626e-38
21.49974987493747 1.390043569298867e-38
21.51175587793897 1.575119774725895e-38
21.52376188094047 1.78484048439272e-38
21.53576788394197 2.022487673659913e-38
21.54777388694347 2.291780431918231e-38
21.55977988994497 2.59693318590069e-38
21.57178589294647 2.942721679040823e-38
21.58379189594798 3.33455774017093e-38
21.59579789894947 3.778574012526253e-38
21.60780390195097 4.28171997003755e-38
21.61980990495248 4.851870724700184e-38
21.63181590795398 5.497950329172878e-38
21.64382191095548 6.230071505823225e-38
21.65582791395698 7.059693990757926e-38
21.66783391695848 7.999803972985692e-38
21.67983991995998 9.065117439329279e-38
21.69184592296148 1.027231061020879e-37
21.70385192596298 1.164028107583002e-37
21.71585792896448 1.319044372327972e-37
21.72786393196598 1.494706609009232e-37
21.73986993496748 1.693764839755064e-37
21.75187593796898 1.919335421699799e-37
21.76388194097049 2.174949851574059e-37
21.77588794397199 2.464610072814049e-37
21.78789394697349 2.792851151632999e-37
21.79989994997499 3.164812303958728e-37
21.81190595297649 3.586317385989482e-37
21.82391195597799 4.063966109406633e-37
21.83591795897949 4.60523741033161e-37
21.84792396198099 5.21860659155954e-37
21.85992996498249 5.913678073428623e-37
21.87193596798399 6.701335833275138e-37
21.88394197098549 7.59391389061298e-37
21.89594797398699 8.605389509308921e-37
21.90795397698849 9.751602144024072e-37
21.91995997999 1.105050156163905e-36
21.9319659829915 1.252242902559929e-36
21.943971985993 1.419043594927499e-36
21.9559779889945 1.608064501165055e-36
21.967983991996 1.822265939414569e-36
21.9799899949975 2.06500265515586e-36
21.991995997999 2.340076378483256e-36
22.0040020010005 2.651795385198186e-36
22.016008004002 3.005041995125587e-36
22.0280140070035 3.405349065468219e-36
22.040020010005 3.85898667800144e-36
22.0520260130065 4.373060378692292e-36
22.064032016008 4.95562250940588e-36
22.07603801900951 5.615798376578179e-36
22.088044022011 6.363929234305002e-36
22.10005002501251 7.211734322868675e-36
22.11205602801401 8.172494502429375e-36
22.12406203101551 9.261260360130882e-36
22.13606803401701 1.049508805251864e-35
22.14807403701851 1.189330657995716e-35
22.16008004002001 1.347782068248163e-35
22.17208604302151 1.527345410495177e-35
22.18409204602301 1.730833861225103e-35
22.19609804902451 1.961435485251578e-35
22.20810405202601 2.222763197923391e-35
22.22011005502752 2.518911386426775e-35
22.23211605802901 2.854520077787839e-35
22.24412206103052 3.234847659502979e-35
22.25612806403202 3.665853292818722e-35
22.26813406703352 4.154290310652421e-35
22.28014007003502 4.707812064374918e-35
22.29214607303652 5.335091878866746e-35
22.30415207603802 6.045958996471939e-35
22.31615807903952 6.851552641177305e-35
22.32816408204102 7.764496618472287e-35
22.34017008504252 8.79909718835128e-35
22.35217608804402 9.97156731385703e-35
22.36418209104552 1.130028080115437e-34
22.37618809404702 1.280606031585485e-34
22.38819409704853 1.451250379153716e-34
22.40020010005003 1.644635434845722e-34
22.41220610305152 1.863791952275994e-34
22.42421210605303 2.112154637979266e-34
22.43621810905453 2.393615996151001e-34
22.44822411205603 2.712587351119598e-34
22.46023011505753 3.07406800443937e-34
22.47223611805903 3.483723611068261e-34
22.48424212106053 3.947975003678981e-34
22.49624812406203 4.474098858014752e-34
22.50825412706353 5.070341777911722e-34
22.52026013006503 5.746049589082583e-34
22.53226613306653 6.5118138692919e-34
22.54427213606803 7.379638012895078e-34
22.55627813906953 8.363125434100925e-34
22.56828414207104 9.477692860559123e-34
22.58029014507254 1.074081206241613e-33
22.59229614807404 1.217228380800021e-33
22.60430215107554 1.379454834278627e-33
22.61630815407704 1.563303726118358e-33
22.62831415707854 1.771657228997421e-33
22.64032016008004 2.007781723809192e-33
22.65232616308154 2.275379020141766e-33
22.66433216608304 2.578644405646226e-33
22.67633816908454 2.922332434804089e-33
22.68834417208604 3.3118314890124e-33
22.70035017508754 3.753248277502594e-33
22.71235617808905 4.253503604555582e-33
22.72436218109054 4.820440905217289e-33
22.73636818409205 5.462949252029561e-33
22.74837418709355 6.191102762313938e-33
22.76038019009505 7.016318592842636e-33
22.77238619309655 7.951536000339644e-33
22.78439219609805 9.011419276750907e-33
22.79639819909955 1.021258774279238e-32
22.80840420210105 1.157387640780616e-32
22.82041020510255 1.311663138508961e-32
22.83241620810405 1.486504469716089e-32
22.84442221110555 1.684653372344355e-32
22.85642821410705 1.909217124329177e-32
22.86843421710855 2.163717282112854e-32
22.88044022011006 2.452144918018955e-32
22.89244622311156 2.779023223107606e-32
22.90445222611306 3.149478457702363e-32
22.91645822911456 3.569320362762759e-32
22.92846423211606 4.045133293728804e-32
22.94047023511756 4.584379506714493e-32
22.95247623811906 5.195516217617441e-32
22.96448224112056 5.888128270833882e-32
22.97648824412206 6.673078499214543e-32
22.98849424712356 7.562678134511809e-32
23.00050025012506 8.570879942209263e-32
23.01250625312656 9.713497111229819e-32
23.02451225612806 1.100845133318527e-31
23.03651825912956 1.247605396390182e-31
23.04852426213106 1.413932467912345e-31
23.06053026513257 1.60243526247061e-31
23.07253626813407 1.81607057285074e-31
23.08454227113557 2.058189459701619e-31
23.09654827413707 2.332589827641869e-31
23.10855427713857 2.64357601287094e-31
23.12056028014007 2.996026317386684e-31
23.13256628314157 3.395469549629935e-31
23.14457228614307 3.848171772730288e-31
23.15657828914457 4.36123462173504e-31
23.16858429214607 4.942706732779963e-31
23.18059029514757 5.60171003295682e-31
23.19259629814907 6.34858287287872e-31
23.20460230115058 7.195042248302409e-31
23.21660830415207 8.154367656786212e-31
23.22861430715358 9.24160947494748e-31
23.24062031015508 1.047382512676508e-30
23.25262631315658 1.187034674959302e-30
23.26463231615808 1.345308455895915e-30
23.27663831915958 1.524687067358013e-30
23.28864432216108 1.727984879712745e-30
23.30065032516258 1.9583915873101e-30
23.31265632816408 2.219522264500731e-30
23.32466233116558 2.515474097870774e-30
23.33666833416708 2.850890685181612e-30
23.34867433716859 3.231034910283901e-30
23.36068034017008 3.661871537901519e-30
23.37268634317159 4.150160824766132e-30
23.38469234617309 4.703564616522568e-30
23.39669834917459 5.330766595834487e-30
23.40870435217609 6.041608569276609e-30
23.42071035517759 6.847244932392119e-30
23.43271635817909 7.760317737675539e-30
23.44472236118059 8.795155113693217e-30
23.45672836418209 9.967996150154665e-30
23.46873436718359 1.129724577925453e-29
23.48074037018509 1.280376365454172e-29
23.49274637318659 1.451119156233381e-29
23.50475237618809 1.644632450566289e-29
23.5167583791896 1.863953128641353e-29
23.5287643821911 2.112523118846105e-29
23.5407703851926 2.39424342454434e-29
23.5527763881941 2.713535357513363e-29
23.5647823911956 3.075409939390062e-29
23.5767883941971 3.485546560722142e-29
23.5887943971986 3.950382132577969e-29
23.6008004002001 4.477212130417848e-29
23.6128064032016 5.074305116658349e-29
23.6248124062031 5.751032540002053e-29
23.6368184092046 6.518015849481505e-29
23.6488244122061 7.387293233045316e-29
23.6608304152076 8.372508598666234e-29
23.6728364182091 9.48912576521496e-29
23.6848424212106 1.075467122620478e-28
23.69684842421211 1.218900929818804e-28
23.70885442721361 1.381465397412219e-28
23.72086043021511 1.565712237840844e-28
23.73286643321661 1.77453353735911e-28
23.74487243621811 2.011207160915266e-28
23.75687843921961 2.279448214207603e-28
23.76888444222111 2.583467371005451e-28
23.78089044522261 2.92803698163499e-28
23.79289644822411 3.318566000726472e-28
23.80490245122561 3.761184910819838e-28
23.81690845422711 4.262841975405235e-28
23.82891445722861 4.831412332899427e-28
23.84092046023012 5.475821644723085e-28
23.85292646323161 6.206186239215086e-28
23.86493246623312 7.033971952188507e-28
23.87693846923462 7.972174158568241e-28
23.88894447223612 9.035521822364533e-28
23.90095047523762 1.024070876945783e-27
23.91295647823912 1.160665581522381e-27
23.92496248124062 1.315480786362906e-27
23.93696848424212 1.49094706436901e-27
23.94897448724362 1.68981923717393e-27
23.96098049024512 1.915219633355979e-27
23.97298649324662 2.170687118022264e-27
23.98499249624813 2.460232663794638e-27
23.99699849924962 2.788402335974113e-27
24.00900450225113 3.160348681113857e-27
24.02101050525263 3.581911640223716e-27
24.03301650825413 4.05971025743459e-27
24.04502251125563 4.601246624519125e-27
24.05702851425713 5.215023693859988e-27
24.06903451725863 5.910678810297681e-27
24.08104052026013 6.699135059198858e-27
24.09304652326163 7.59277280794232e-27
24.10505252626313 8.605624135219787e-27
24.11705852926463 9.753593202075842e-27
24.12906453226613 1.10547060261139e-26
24.14107053526763 1.252939358217559e-26
24.15307653826913 1.420081267631509e-26
24.16508254127064 1.609520963326384e-26
24.17708854427213 1.824233251013559e-26
24.18909454727364 2.067589831142544e-26
24.20110055027514 2.343412254438465e-26
24.21310655327664 2.65603194331814e-26
24.22511255627814 3.010358222027295e-26
24.23711855927964 3.411955424155785e-26
24.24912456228114 3.867130288791375e-26
24.26113056528264 4.383031018206565e-26
24.27313656828414 4.967759553176459e-26
24.28514257128564 5.630498829677516e-26
24.29714857428714 6.381657016079765e-26
24.30915457728864 7.233030996716947e-26
24.32116058029014 8.197991670091655e-26
24.33316658329165 9.291693972697153e-26
24.34517258629315 1.053131492789918e-25
24.35717858929465 1.193632345962377e-25
24.36918459229615 1.352878620965929e-25
24.38119059529765 1.533371416304479e-25
24.39319659829915 1.737945552717048e-25
24.40520260130065 1.969814103693448e-25
24.41720860430215 2.232618868200326e-25
24.42921460730365 2.530487578585335e-25
24.44122061030515 2.868098742450125e-25
24.45322661330665 3.25075513722859e-25
24.46523261630815 3.684467112160107e-25
24.47723861930966 4.176047006444941e-25
24.48924462231115 4.733216167031958e-25
24.50125062531266 5.364726247462117e-25
24.51325662831416 6.080496693586036e-25
24.52526263131566 6.891770576316424e-25
24.53726863431716 7.811291219863492e-25
24.54927463731866 8.853502400663874e-25
24.56128064032016 1.003477526258643e-24
24.57328664332166 1.137366551380183e-24
24.58529264632316 1.289120494653473e-24
24.59729864932466 1.461123186025533e-24
24.60930465232616 1.656076558018729e-24
24.62131065532767 1.877043095591891e-24
24.63331665832916 2.12749395102935e-24
24.64532266133067 2.411363479896669e-24
24.65732866433217 2.733111055004286e-24
24.66933466733367 3.097791129689957e-24
24.68134067033517 3.511132651365019e-24
24.69334667333667 3.979629073205785e-24
24.70535267633817 4.51064037841886e-24
24.71735867933967 5.112508720285678e-24
24.72936468234117 5.794689495163899e-24
24.74137068534267 6.567899908154534e-24
24.75337668834417 7.444287366045708e-24
24.76538269134567 8.437620343737383e-24
24.77738869434717 9.563504723533742e-24
24.78939469734867 1.083962900701219e-23
24.80140070035018 1.228604225293238e-23
24.81340670335167 1.392546910896685e-23
24.82541270635318 1.578366688800155e-23
24.83741870935468 1.788983030053142e-23
24.84942471235618 2.027705020365065e-23
24.86143071535768 2.298283357608125e-23
24.87343671835918 2.604969289094025e-23
24.88544272136068 2.952581414864208e-23
24.89744872436218 3.346581406861006e-23
24.90945472736368 3.793159833976485e-23
24.92146073036518 4.299333441809132e-23
24.93346673336668 4.873055415992869e-23
24.94547273636818 5.523340362027847e-23
24.95747873936968 6.260405965845919e-23
24.96948474237119 7.095833561521524e-23
24.98149074537269 8.042750129711975e-23
24.99349674837419 9.116034587251472e-23
25.00550275137569 1.033255161012523e-22
25.01750875437719 1.171141666481582e-22
25.02951475737869 1.327429641354608e-22
25.04152076038019 1.504574921495285e-22
25.05352676338169 1.705361107195341e-22
25.06553276638319 1.932943309291962e-22
25.07753876938469 2.190897734198239e-22
25.08954477238619 2.483277887208044e-22
25.10155077538769 2.814678277467015e-22
25.1135567783892 3.190306625918159e-22
25.12556278139069 3.616065711187659e-22
25.1375687843922 4.098646139875007e-22
25.1495747873937 4.645631499433168e-22
25.1615807903952 5.265617546468793e-22
25.1735867933967 5.968347303919484e-22
25.1855927963982 6.764864190643243e-22
25.1975987993997 7.667685590416041e-22
25.2096048024012 8.690999588633327e-22
25.2216108054027 9.850887969201304e-22
25.2336168084042 1.116557897690988e-21
25.2456228114057 1.265573381849094e-21
25.25762881440721 1.434477140593942e-21
25.2696348174087 1.625923644684945e-21
25.28164082041021 1.842921666794385e-21
25.29364682341171 2.088881573036797e-21
25.30565282641321 2.36766892708193e-21
25.31765882941471 2.683665249495949e-21
25.32966483241621 3.04183688744062e-21
25.34167083541771 3.447813077361448e-21
25.35367683841921 3.907974427817758e-21
25.36568284142071 4.429553213422706e-21
25.37768884442221 5.020747056544887e-21
25.38969484742371 5.690847783894885e-21
25.40170085042521 6.450387483689177e-21
25.41370685342671 7.311304059501053e-21
25.42571285642821 8.287128883425603e-21
25.43771885942972 9.39319949862267e-21
25.44972486243121 1.064690071512077e-20
25.46173086543272 1.206793788915863e-20
25.47373686843422 1.367864668232772e-20
25.48574287143572 1.550434417031526e-20
25.49774887443722 1.757372682115032e-20
25.50975487743872 1.991932159974808e-20
25.52176088044022 2.257799729081556e-20
25.53376688344172 2.559154407896035e-20
25.54577288644322 2.900733049801841e-20
25.55777888944472 3.287904807806321e-20
25.56978489244622 3.726755539740368e-20
25.58179089544772 4.224183480980385e-20
25.59379689844922 4.788007688873882e-20
25.60580290145073 5.427090963859697e-20
25.61780890445223 6.151479179892354e-20
25.62981490745373 6.972559214786708e-20
25.64182091045523 7.903237963551107e-20
25.65382691345673 8.958145249273224e-20
25.66583291645823 1.015386382187554e-19
25.67783891945973 1.150919006097574e-19
25.68984492246123 1.304542948186861e-19
25.70185092546273 1.478673169088232e-19
25.71385692846423 1.676047005665856e-19
25.72586293146573 1.899767206701732e-19
25.73786893446723 2.153350713804999e-19
25.74987493746874 2.440783954547153e-19
25.76188094047023 2.766585517226058e-19
25.77388694347174 3.13587719273284e-19
25.78589294647324 3.554464500563603e-19
25.79789894947474 4.028927965151563e-19
25.80990495247624 4.566726577739744e-19
25.82191095547774 5.176315070628448e-19
25.83391695847924 5.867276847828402e-19
25.84592296148074 6.650474662345704e-19
25.85792896448224 7.538221409390065e-19
25.86993496748374 8.544473721122133e-19
25.88194097048524 9.685051407113404e-19
25.89394697348675 1.097788619112261e-18
25.90595297648824 1.244330365548688e-18
25.91795897948974 1.410434282663002e-18
25.92996498249125 1.598711842711619e-18
25.94197098549274 1.812123149063483e-18
25.95397698849425 2.054023479684323e-18
25.96598299149575 2.328216044507847e-18
25.97798899449725 2.639011786313856e-18
25.98999499749875 2.991297165499165e-18
26.00200100050025 3.390610994682336e-18
26.01400700350175 3.843231531402092e-18
26.02601300650325 4.356275198490451e-18
26.03801900950475 4.937808484561973e-18
26.05002501250625 5.596974784336304e-18
26.06203101550775 6.344138173462257e-18
26.07403701850926 7.191046378833295e-18
26.08604302151075 8.151015507265195e-18
26.09804902451226 9.239139437594833e-18
26.11005502751376 1.047252716913642e-17
26.12206103051526 1.187057185909867e-17
26.13406703351676 1.345525577993877e-17
26.14607303651826 1.525149599254463e-17
26.15807903951976 1.728753617148163e-17
26.17008504252126 1.959539074438538e-17
26.18209104552276 2.221134833034375e-17
26.19409704852426 2.51765423947319e-17
26.20610305152576 2.853759809511066e-17
26.21810905452726 3.234736549110026e-17
26.23011505752876 3.666575064944527e-17
26.24212106053027 4.156065771515804e-17
26.25412706353177 4.710905676488356e-17
26.26613306653327 5.339819423692142e-17
26.27813906953477 6.052696497478528e-17
26.29014507253627 6.860746746305133e-17
26.30215107553777 7.776676671552443e-17
26.31415707853927 8.814889254175721e-17
26.32616308154077 9.991710462006356e-17
26.33816908454227 1.132564600016085e-16
26.35017508754377 1.283767234269387e-16
26.36218109054527 1.455156662282644e-16
26.37418709354677 1.649428057027336e-16
26.38619309654828 1.869636437699808e-16
26.39819909954977 2.119244715803832e-16
26.41020510255128 2.402178156422222e-16
26.42221110555278 2.722886111263809e-16
26.43421710855428 3.086411994450092e-16
26.44622311155578 3.498472601656914e-16
26.45822911455728 3.965548020190007e-16
26.47023511755878 4.494983544160935e-16
26.48224112056028 5.095105197762444e-16
26.49424712356178 5.775350683689874e-16
26.50625312656328 6.54641781638524e-16
26.51825912956478 7.420432774809603e-16
26.53026513256628 8.411140821203831e-16
26.54227113556778 9.534122485681938e-16
26.55427713856928 1.080703861707407e-15
26.56628314157079 1.224990815449915e-15
26.57828914457228 1.388542298884317e-15
26.59029514757379 1.57393048667449e-15
26.60230115057529 1.784070995102461e-15
26.61430715357679 2.022268740113602e-15
26.62631315657829 2.292269918697168e-15
26.63831915957979 2.598320931257338e-15
26.65032516258129 2.94523517181459e-15
26.66233116558279 3.338468736642134e-15
26.67433716858429 3.784206242234092e-15
26.68634317158579 4.289458102528455e-15
26.69834917458729 4.86217079557005e-15
26.7103551775888 5.511351854132894e-15
26.72236118059029 6.247211546441899e-15
26.7343671835918 7.081323475684684e-15
26.7463731865933 8.026806624615919e-15
26.7583791895948 9.09853170891108e-15
26.7703851925963 1.031335508533109e-14
26.7823911955978 1.169038389423027e-14
26.7943971985993 1.32512766072967e-14
26.8064032016008 1.502058370838682e-14
26.8184092046023 1.702613386666756e-14
26.8304152076038 1.929947167694175e-14
26.8424212106053 2.187635385326629e-14
26.8544272136068 2.479731168153913e-14
26.8664332166083 2.81082885790992e-14
26.87843921960981 3.186136279095121e-14
26.89044522261131 3.611556659158528e-14
26.90245122561281 4.093781487958107e-14
26.91445722861431 4.640395777315361e-14
26.92646323161581 5.25999737655903e-14
26.93846923461731 5.962332221083687e-14
26.95047523761881 6.758447641610563e-14
26.96248124062031 7.660866145974046e-14
26.97448724362181 8.683782407338196e-14
26.98649324662331 9.843286557840942e-14
26.99849924962481 1.115761730051343e-13
27.01050525262631 1.26474488214397e-13
27.02251125562782 1.433621601588832e-13
27.03451725862931 1.625048314492948e-13
27.04652326163082 1.842036172233265e-13
27.05852926463232 2.087998420607102e-13
27.07053526763382 2.366804094672724e-13
27.08254127063532 2.682838884031338e-13
27.09454727363682 3.041074126114516e-13
27.10655327663832 3.447145012919792e-13
27.11855927963982 3.90743924159381e-13
27.13056528264132 4.429197503577818e-13
27.14257128564282 5.020627393289924e-13
27.15457728864432 5.6910325284529e-13
27.16658329164582 6.450958913507577e-13
27.17858929464732 7.312360848845896e-13
27.19059529764882 8.288788996122803e-13
27.20260130065033 9.395603558501641e-13
27.21460730365182 1.065021592983808e-12
27.22661330665333 1.207236261473093e-12
27.23861930965483 1.36844157291118e-12
27.25062531265633 1.551173496659975e-12
27.26263131565783 1.758306656826667e-12
27.27463731865933 1.993099557301154e-12
27.28664332166083 2.259245846406227e-12
27.29864932466233 2.56093242774051e-12
27.31065532766383 2.902905331513456e-12
27.32266133066533 3.290544382777369e-12
27.33466733366683 3.729947841374625e-12
27.34667333666833 4.228028345317094e-12
27.35867933966983 4.792621667168096e-12
27.37068534267134 5.432609994603529e-12
27.38269134567284 6.158061674860645e-12
27.39469734867434 6.980389621836232e-12
27.40670335167584 7.91253087824711e-12
27.41870935467734 8.969150158135791e-12
27.43071535767884 1.016687057233051e-11
27.44272136068034 1.152453516718957e-11
27.45472736368184 1.306350339180532e-11
27.46673336668334 1.480798715844241e-11
27.47873936968484 1.678543178398755e-11
27.49074537268634 1.902694780639609e-11
27.50275137568784 2.156780047064861e-11
27.51475737868935 2.444796458617483e-11
27.52676338169085 2.771275348634234e-11
27.53876938469235 3.141353198663094e-11
27.55077538769385 3.560852455986889e-11
27.56278139069535 4.036373144519433e-11
27.57478739369685 4.575396710580118e-11
27.58679339669835 5.186403737576204e-11
27.59879939969985 5.879007381858477e-11
27.61080540270135 6.664104629400075e-11
27.62281140570285 7.554047753372903e-11
27.63481740870435 8.562838670574206e-11
27.64682341170585 9.706349254989943e-11
27.65882941470736 1.100257107524201e-10
27.67083541770885 1.247189848568126e-10
27.68284142071035 1.413744952574355e-10
27.69484742371186 1.602542967714224e-10
27.70685342671336 1.816554420288941e-10
27.71885942971486 2.059146555663388e-10
27.73086543271636 2.33413632174077e-10
27.74287143571786 2.645850428722142e-10
27.75487743871936 2.999193430250242e-10
27.76688344172086 3.399724897265411e-10
27.77888944472236 3.853746898989133e-10
27.79089544772386 4.368403167649779e-10
27.80290145072536 4.95179150742805e-10
27.81490745372686 5.613091216520006e-10
27.82691345672836 6.362707527473295e-10
27.83891945972987 7.212435338765737e-10
27.85092546273136 8.175644814179046e-10
27.86293146573287 9.267491770652472e-10
27.87493746873437 1.050515616539694e-09
27.88694347173587 1.190811243524929e-09
27.89894947473737 1.349843594250803e-09
27.91095547773887 1.53011503497047e-09
27.92296148074037 1.734462138987219e-09
27.93496748374187 1.966100322900883e-09
27.94697348674337 2.228674444509706e-09
27.95897948974487 2.526316158624266e-09
27.97098549274637 2.863708933402163e-09
27.98299149574787 3.246161750369414e-09
27.99499749874937 3.679692647954241e-09
28.00700350175088 4.171123423271981e-09
28.01900950475238 4.728186982504378e-09
28.03101550775388 5.359649029276051e-09
28.04302151075538 6.075446006078672e-09
28.05502751375688 6.886841459580454e-09
28.06703351675838 7.806603290610836e-09
28.07903951975988 8.84920467829115e-09
28.09104552276138 1.003105184036463e-08
28.10305152576288 1.137074221412727e-08
28.11505752876438 1.288935712112231e-08
28.12706353176588 1.461079352147009e-08
28.13906953476738 1.656214007890421e-08
28.15107553776889 1.877410345495621e-08
28.16308154077038 2.128149154125021e-08
28.17508754377189 2.412376123497948e-08
28.18709354677339 2.734563937844077e-08
28.19909954977489 3.099782663498873e-08
28.21110555277639 3.513779537906547e-08
28.22311155577789 3.983069415760227e-08
28.23511755877939 4.515037295737178e-08
28.24712356178089 5.11805454141883e-08
28.25912956478239 5.801610625513644e-08
28.27113556778389 6.576462470817811e-08
28.28314157078539 7.454803738299863e-08
28.29514757378689 8.450456726639483e-08
28.30715357678839 9.579089903429686e-08
28.31915957978989 1.085846449166623e-07
28.3311655827914 1.230871399244856e-07
28.34317158579289 1.395266104320038e-07
28.3551775887944 1.581617659834417e-07
28.3671835917959 1.792858708548259e-07
28.3791895947974 2.03231359452339e-07
28.3911955977989 2.303750681882513e-07
28.4032016008004 2.611441661783721e-07
28.4152076038019 2.960228781039355e-07
28.4272136068034 3.355601050490019e-07
28.4392196098049 3.803780632580641e-07
28.4512256128064 4.311820767800646e-07
28.4632316158079 4.887716781266352e-07
28.47523761880941 5.540531916599411e-07
28.4872436218109 6.280539977630872e-07
28.49924962481241 7.119387023009831e-07
28.51125562781391 8.070274658682679e-07
28.52326163081541 9.148167813154005e-07
28.53526763381691 1.037003026579424e-06
28.54727363681841 1.175509163528775e-06
28.55927963981991 1.332515003049429e-06
28.57128564282141 1.510491512732081e-06
28.58329164582291 1.712239707150568e-06
28.59529764882441 1.94093473285183e-06
28.60730365182591 2.20017584194291e-06
28.61930965482741 2.494043040847732e-06
28.63131565782891 2.827161305874702e-06
28.64332166083042 3.20477337633945e-06
28.65532766383192 3.632822270999979e-06
28.66733366683342 4.11804482660945e-06
28.67933966983492 4.668077730883898e-06
28.69134567283642 5.291577718849221e-06
28.70335167583792 5.998357824469774e-06
28.71535767883942 6.799541832178868e-06
28.72736368184092 7.707739359407735e-06
28.73936968484242 8.737244325953495e-06
28.75137568784392 9.904259934150078e-06
28.76338169084542 1.122715370110409e-05
28.77538769384692 1.272674655729846e-05
28.78739369684843 1.44266405620976e-05
28.79939969984992 1.635359039454856e-05
28.81140570285143 1.853792446693358e-05
28.82341170585293 2.101402228963561e-05
28.83541770885443 2.382085560132705e-05
28.84742371185593 2.700260178222084e-05
28.85942971485743 3.060933920593284e-05
28.87143571785893 3.469783547530574e-05
28.88344172086043 3.933244094964219e-05
28.89544772386193 4.458610162820343e-05
28.90745372686343 5.054150733364105e-05
28.91945972986493 5.729239326881859e-05
28.93146573286643 6.494501543477529e-05
28.94347173586793 7.361982313438941e-05
28.95547773886943 8.345335488869924e-05
28.96748374187094 9.460038760967147e-05
28.97948974487243 0.0001072363728598335
28.99149574787394 0.0001215601985483641
29.00350175087544 0.0001377973195361123
29.01550775387694 0.0001562033064292225
29.02751375687844 0.00017706786842402
29.03951975987994 0.0002007194135281661
29.05152576288144 0.0002275302179423193
29.06353176588294 0.0002579222859757931
29.07553776888444 0.0002923739927399521
29.08754377188594 0.0003314276141854443
29.09954977488744 0.0003756978630178373
29.11155577788895 0.0004258815648606789
29.12356178089044 0.0004827686269847449
29.13556778389195 0.000547254472269817
29.14757378689345 0.0006203541341310958
29.15957978989495 0.000703218234289407
29.17158579289645 0.0007971510949043255
29.18359179589795 0.0009036312701888522
29.19559779889945 0.001024334820712264
29.20760380190095 0.001161161696773841
29.21960980490245 0.001316265646174088
29.23161580790395 0.001492088117192287
29.24362181090545 0.001691396690473261
29.25562781390695 0.001917328644822185
29.26763381690845 0.002173440342726561
29.27963981990996 0.002463763213041535
29.29164582291146 0.002792867212130736
29.30365182591296 0.003165932762485004
29.31565782891446 0.003588832301298956
29.32766383191596 0.004068222722771607
29.33966983491746 0.004611650169393772
29.35167583791896 0.005227668821891725
29.36368184092046 0.005925975557874257
29.37568784392196 0.00671756259904816
29.38769384692346 0.007614890550058518
29.39969984992496 0.008632084553033178
29.41170585292646 0.009785156645819576
29.42371185592796 0.01109225782442588
29.43571785892946 0.01257396377781178
29.44772386193096 0.01425359879327927
29.45972986493247 0.01615760293163694
29.47173586793397 0.01831594825251183
29.48374187093547 0.02076261064238746
29.49574787393697 0.02353610467331102
29.50775387693847 0.02668008991251884
29.51975987993997 0.03024405822810069
29.53176588294147 0.03428411291096867
29.54377188594297 0.03886385187889223
29.55577788894447 0.04405536886696465
29.56778389194597 0.04994038836637611
29.57978989494747 0.05661155217902916
29.59179589794897 0.06417387784249542
29.60380190095048 0.07274641188565881
29.61580790395197 0.08246410394271983
29.62781390695348 0.0934799312303434
29.63981990995498 0.1059673068343596
29.65182591295648 0.1201228097206328
29.66383191595798 0.1361692794498499
29.67583791895948 0.1543593243177833
29.68784392196098 0.1749792981514711
29.69984992496248 0.1983538083701902
29.71185592796398 0.2248508262842581
29.72386193096548 0.2548874800862699
29.73586793396698 0.2889366217376405
29.74787393696849 0.3275342711375035
29.75987993996998 0.3712880547729595
29.77188594297149 0.4208867717068169
29.78389194597299 0.4771112375078592
29.79589794897449 0.540846576848737
29.80790395197599 0.613096158304626
29.81990995497749 0.6949973907408942
29.83191595797899 0.7878396299872857
29.84392196098049 0.8930844777210161
29.85592796398199 1.012388792144792
29.86793396698349 1.147630772741152
29.87993996998499 1.300939529783876
29.89194597298649 1.474728604152589
29.90395197598799 1.671733965191969
29.9159579789895 1.895057084861325
29.927963981991 2.148213766344009
29.9399699849925 2.435189495887332
29.951975987994 2.760502189349118
29.9639819909955 3.129273321353731
29.975987993997 3.547308556941475
29.9879939969985 4.021189155208929
30 4.558375584039497
