6 0 
6.012006003001501 5.126814130998983e-95 
6.024012006003002 1.377964607866977e-94 
6.036018009004502 3.16986585199178e-94 
6.048024012006003 7.0433764668337e-94 
6.060030015007504 1.543268053108436e-93 
6.072036018009005 3.348140741328979e-93 
6.084042021010506 7.198721086775224e-93 
6.096048024012006 1.534269551928316e-92 
6.108054027013507 3.241824921618648e-92 
6.120060030015008 6.791308538146349e-92 
6.132066033016509 1.410668684900638e-91 
6.144072036018009 2.905595453235769e-91 
6.156078039019509 5.934913815649177e-91 
6.16808404202101 1.202245629191048e-90 
6.180090045022511 2.415470218272298e-90 
6.192096048024012 4.813598037553105e-90 
6.204102051025512 9.515406848241282e-90 
6.216108054027013 1.86596650847437e-89 
6.228114057028514 3.630183526512519e-89 
6.240120060030015 7.006976469066498e-89 
6.252126063031516 1.341958020416569e-88 
6.264132066033016 2.550245637352345e-88 
6.276138069034517 4.809371070197838e-88 
6.288144072036018 9.000898961120979e-88 
6.300150075037519 1.671870768023777e-87 
6.31215607803902 3.082239515234389e-87 
6.32416208104052 5.640327477079629e-87 
6.336168084042021 1.024574766366516e-86 
6.348174087043522 1.847614163381828e-86 
6.360180090045023 3.307758840823116e-86 
6.372186093046524 5.87946361872103e-86 
6.384192096048024 1.037645523033686e-85 
6.396198099049525 1.818417656268448e-85 
6.408204102051026 3.164442389003315e-85 
6.420210105052527 5.468711833847263e-85 
6.432216108054027 9.386037458604009e-85 
6.444222111055527 1.599977127648293e-84 
6.456228114057028 2.70896945057317e-84 
6.468234117058529 4.555936079110049e-84 
6.48024012006003 7.611292350191629e-84 
6.49224612306153 1.263194664572256e-83 
6.504252126063031 2.082748533716049e-83 
6.516258129064532 3.411782938162073e-83 
6.528264132066033 5.552991681763804e-83 
6.540270135067534 8.980417950412018e-83 
6.552276138069034 1.443153556668212e-82 
6.564282141070535 2.304609402577839e-82 
6.576288144072036 3.657404366109123e-82 
6.588294147073537 5.768479030819739e-82 
6.600300150075038 9.042404390031538e-82 
6.612306153076538 1.408841487854015e-81 
6.624312156078039 2.181810487286019e-81 
6.63631815907954 3.358686310246365e-81 
6.648324162081041 5.139726225132855e-81 
6.660330165082541 7.818960226300771e-81 
6.672336168084042 1.18254208663521e-80 
6.684342171085543 1.778126519608456e-80 
6.696348174087044 2.658317110102412e-80 
6.708354177088545 3.951558080350919e-80 
6.720360180090045 5.840722159178454e-80 
6.732366183091546 8.584603034629469e-80 
6.744372186093047 1.254723508027213e-79 
6.756378189094547 1.823763050616903e-79 
6.768384192096048 2.636328482860692e-79 
6.780390195097548 3.790175241042946e-79 
6.792396198099049 5.41957715142776e-79 
6.80440220110055 7.707886330743153e-79 
6.816408204102051 1.090400850638407e-78 
6.828414207103552 1.534387297995643e-78 
6.840420210105052 2.147822782476232e-78 
6.852426213106553 2.990838676016613e-78 
6.864432216108054 4.143189824878211e-78 
6.876438219109555 5.710050251861362e-78 
6.888444222111056 7.829318975766227e-78 
6.900450225112556 1.06807671927501e-77 
6.912456228114057 1.449741279934195e-77 
6.924462231115558 1.957956708205084e-77 
6.936468234117059 2.631206020698447e-77 
6.948474237118559 3.518521524031902e-77 
6.96048024012006 4.682020251875742e-77 
6.972486243121561 6.199946427231655e-77 
6.984492246123062 8.170294969876171e-77 
6.996498249124563 1.071509385981574e-76 
7.008504252126063 1.398542517262242e-76 
7.020510255127563 1.816726419167394e-76 
7.032516258129064 2.348821246591871e-76 
7.044522261130565 3.022519324426607e-76 
7.056528264132066 3.871316555665518e-76 
7.068534267133566 4.935489548152773e-76 
7.080540270135067 6.263179900967546e-76 
7.092546273136568 7.911583960864845e-76 
7.104552276138069 9.948242444657138e-76 
7.11655827913957 1.245241957444007e-75 
7.12856428214107 1.551655576278028e-75 
7.140570285142571 1.924777141762278e-75 
7.152576288144072 2.376939215313841e-75 
7.164582291145573 2.922245767739786e-75 
7.176588294147074 3.576716801875284e-75 
7.188594297148574 4.358421174059644e-75 
7.200600300150075 5.287591163443035e-75 
7.212606303151576 6.386711438710555e-75 
7.224612306153077 7.680574226809232e-75 
7.236618309154577 9.196291741230618e-75 
7.248624312156078 1.096325632660991e-74 
7.260630315157579 1.301303837504908e-74 
7.27263631815908 1.537921192173708e-74 
7.284642321160581 1.809709799002678e-74 
7.296648324162081 2.12034162819239e-74 
7.308654327163582 2.47358367494178e-74 
7.320660330165083 2.87324239777562e-74 
7.332666333166584 3.323096919567288e-74 
7.344672336168085 3.826820711919282e-74 
7.356678339169584 4.387891773710963e-74 
7.368684342171085 5.00949165430191e-74 
7.380690345172586 5.694394056965732e-74 
7.392696348174087 6.444844182951317e-74 
7.404702351175588 7.262430432181511e-74 
7.416708354177088 8.147950552156403e-74 
7.428714357178589 9.10127480884139e-74 
7.44072036018009 1.012120922638178e-73 
7.452726363181591 1.120536238915643e-73 
7.464732366183092 1.235001970101556e-73 
7.476738369184592 1.355002933277842e-73 
7.488744372186093 1.479870434041799e-73 
7.500750375187594 1.608774558313669e-73 
7.512756378189095 1.740719009470975e-73 
7.524762381190595 1.874538944750407e-73 
7.536768384192096 2.008902238279186e-73 
7.548774387193597 2.142314555529297e-73 
7.560780390195098 2.273128564930263e-73 
7.572786393196599 2.399557536923382e-73 
7.584792396198099 2.519693489599067e-73 
7.596798399199599 2.631529934458187e-73 
7.6088044022011 2.732989157719628e-73 
7.620810405202601 2.821953844422155e-73 
7.632816408204102 2.89630271750216e-73 
7.644822411205602 2.953949725560033e-73 
7.656828414207103 2.992886175294288e-73 
7.668834417208604 3.011225071851338e-73 
7.680840420210105 3.007246807160584e-73 
7.692846423211606 2.97944522730634e-73 
7.704852426213106 2.926573019537877e-73 
7.716858429214607 2.847685291846822e-73 
7.728864432216108 2.742180176919714e-73 
7.740870435217609 2.609835280750798e-73 
7.75287643821911 2.450838816749579e-73 
7.76488244122061 2.265814320271849e-73 
7.776888444222111 2.055837926689444e-73 
7.788894447223612 1.822447317881982e-73 
7.800900450225113 1.567641595763903e-73 
7.812906453226613 1.293871524501825e-73 
7.824912456228114 1.00401979165865e-73 
7.836918459229615 7.013711678943539e-74 
7.848924462231116 3.895726895041677e-74 
7.860930465232617 7.258424165202436e-75 
7.872936468234117 -2.453798241754885e-74 
7.884942471235618 -5.599171543911238e-74 
7.896948474237119 -8.665108169316784e-74 
7.90895447723862 -1.160608343434051e-73 
7.920960480240121 -1.43770485698454e-73 
7.932966483241621 -1.693428593072066e-73 
7.944972486243121 -1.923627000219135e-73 
7.956978489244622 -2.124451528369836e-73 
7.968984492246123 -2.292439180885077e-73 
7.980990495247624 -2.424588922022348e-73 
7.992996498249124 -2.518431096886207e-73 
8.005002501250626 -2.572088134336407e-73 
8.017008504252125 -2.584324963252284e-73 
8.029014507253628 -2.554587775444039e-73 
8.041020510255127 -2.483030009753887e-73 
8.053026513256629 -2.370524705652946e-73 
8.065032516258128 -2.218662674174018e-73 
8.077038519259631 -2.029736251735397e-73 
8.08904452226113 -1.806708730198099e-73 
8.101050525262632 -1.553169885892391e-73 
8.113056528264131 -1.273278352849957e-73 
8.125062531265632 -9.716918926876175e-74 
8.137068534267133 -6.534868976162576e-74 
8.149074537268634 -3.240687165354113e-74 
8.161080540270135 1.092538931234162e-75 
8.173086543271635 3.457286805678559e-74 
8.185092546273136 6.745506559330416e-74 
8.197098549274637 9.916838647175529e-74 
8.209104552276138 1.291609603913133e-73 
8.221110555277638 1.569100313392727e-73 
8.233116558279139 1.819316558915085e-73 
8.24512256128064 2.037896616994378e-73 
8.257128564282141 2.221036844799965e-73 
8.269134567283642 2.36556122743136e-73 
8.281140570285142 2.468978738555763e-73 
8.293146573286643 2.529527422137916e-73 
8.305152576288144 2.546204395877063e-73 
8.317158579289645 2.518781283653803e-73 
8.329164582291146 2.447804897270563e-73 
8.341170585292646 2.33458329955501e-73 
8.353176588294147 2.181157684222794e-73 
8.365182591295648 1.990260795882628e-73 
8.377188594297149 1.76526287994006e-73 
8.389194597298649 1.51010639131376e-73 
8.40120060030015 1.22923089806394e-73 
8.413206603301651 9.274897874190918e-74 
8.425212606303152 6.100605144126746e-74 
8.437218609304653 2.823502255772409e-74 
8.449224612306153 -5.010135892593961e-75 
8.461230615307654 -3.817199115392539e-74 
8.473236618309155 -7.069934488444616e-74 
8.485242621310656 -1.020566473412284e-73 
8.497248624312157 -1.317329614143673e-73 
8.509254627313657 -1.592503208015209e-73 
8.521260630315158 -1.841713428351141e-73 
8.533266633316659 -2.06105974986347e-73 
8.54527263631816 -2.247172743874076e-73 
8.55727863931966 -2.397261413291833e-73 
8.569284642321161 -2.509149500942668e-73 
8.58129064532266 -2.581300431701668e-73 
8.593296648324163 -2.612830773664932e-73 
8.605302651325662 -2.603512321747926e-73 
8.617308654327164 -2.553763114385811e-73 
8.629314657328663 -2.464627886670441e-73 
8.641320660330166 -2.337748638042932e-73 
8.653326663331665 -2.175326146866102e-73 
8.665332666333168 -1.980073395710257e-73 
8.677338669334667 -1.755161978488018e-73 
8.689344672336169 -1.50416264275198e-73 
8.701350675337668 -1.230981177167351e-73 
8.713356678339169 -9.397908856131061e-74 
8.72536268134067 -6.349628962719417e-74 
8.737368684342171 -3.20995537620071e-74 
8.749374687343671 -2.443975026500136e-76 
8.761380690345172 3.161487563414146e-74 
8.773386693346673 6.303182622107556e-74 
8.785392696348174 9.357418741412257e-74 
8.797398699349674 1.228297442649297e-73 
8.809404702351175 1.504117085624811e-73 
8.821410705352676 1.759635259482704e-73 
8.833416708354177 1.991630645333329e-73 
8.845422711355678 2.197261469219625e-73 
8.857428714357178 2.374094001713973e-73 
8.869434717358679 2.520124105621181e-73 
8.88144072036018 2.633791819133502e-73 
8.893446723361681 2.71398907370408e-73 
8.905452726363182 2.760060749564981e-73 
8.917458729364682 2.771799365921378e-73 
8.929464732366183 2.749433786347983e-73 
8.941470735367684 2.69361239205597e-73 
8.953476738369185 2.60538123596956e-73 
8.965482741370685 2.486157738726235e-73 
8.977488744372186 2.337700523768668e-73 
8.989494747373687 2.162076012868715e-73 
9.001500750375188 1.961622416108137e-73 
9.013506753376689 1.738911752146002e-73 
9.025512756378189 1.496710526254706e-73 
9.03751875937969 1.237939675976903e-73 
9.049524762381191 9.65634368303103e-74 
9.061530765382692 6.829041990233548e-74 
9.073536768384193 3.928943054485963e-74 
9.085542771385693 9.874785912227159e-75 
9.097548774387194 -1.964296434414331e-74 
9.109554777388695 -4.896039254751559e-74 
9.121560780390196 -7.778429970208202e-74 
9.133566783391696 -1.05834548553012e-73 
9.145572786393197 -1.328466025474361e-73 
9.157578789394698 -1.585737555837708e-73 
9.169584792396197 -1.827890426134671e-73 
9.1815907953977 -2.05286826104765e-73 
9.193596798399199 -2.258840580350088e-73 
9.205602801400701 -2.44421221398019e-73 
9.2176088044022 -2.607629591572481e-73 
9.229614807403703 -2.747984021151411e-73 
9.241620810405202 -2.864412102831366e-73 
9.253626813406704 -2.956293450145393e-73 
9.265632816408203 -3.023245913987957e-73 
9.277638819409706 -3.065118522150169e-73 
9.289644822411205 -3.081982361144701e-73 
9.301650825412706 -3.07411963661659e-73 
9.313656828414207 -3.042011154323585e-73 
9.325662831415707 -2.986322465696718e-73 
9.337668834417208 -2.907888920629989e-73 
9.349674837418709 -2.807699865716841e-73 
9.36168084042021 -2.686882218961304e-73 
9.37368684342171 -2.546683642397334e-73 
9.385692846423211 -2.388455522372246e-73 
9.397698849424712 -2.213635953848685e-73 
9.409704852426213 -2.023732910275461e-73 
9.421710855427714 -1.82030776470167e-73 
9.433716858429214 -1.60495931116556e-73 
9.445722861430715 -1.379308418274738e-73 
9.457728864432216 -1.144983429573283e-73 
9.469734867433717 -9.036064080151161e-74 
9.481740870435218 -6.56780304853191e-74 
9.493746873436718 -4.06077116709648e-74 
9.505752876438219 -1.530270786855814e-74 
9.51775887943972 1.008910737523121e-74 
9.529764882441221 3.542587555849422e-74 
9.541770885442721 6.057250904394993e-74 
9.553776888444222 8.540133829883056e-74 
9.565782891445723 1.097926523359199e-73 
9.577788894447224 1.336351351200895e-73 
9.589794897448725 1.568262015700335e-73 
9.601800900450225 1.792722375328413e-73 
9.613806903451726 2.008887487414202e-73 
9.625812906453227 2.216004242846187e-73 
9.637818909454728 2.413411205319301e-73 
9.649824912456229 2.600537717637643e-73 
9.661830915457729 2.77690233970943e-73 
9.67383691845923 2.942110684097145e-73 
9.685842921460731 3.095852715386533e-73 
9.697848924462232 3.237899579286382e-73 
9.709854927463732 3.3681000263455e-73 
9.721860930465233 3.486376493548584e-73 
9.733866933466732 3.592720904909735e-73 
9.745872936468235 3.687190249593283e-73 
9.757878939469734 3.769901993130533e-73 
9.769884942471236 3.841029374039192e-73 
9.781890945472735 3.900796634655463e-73 
9.793896948474238 3.949474231317631e-73 
9.805902951475737 3.987374065255702e-73 
9.81790895447724 4.014844771695554e-73 
9.829914957478739 4.032267100824993e-73 
9.841920960480241 4.040049420441298e-73 
9.85392696348174 4.038623366338334e-73 
9.865932966483243 4.028439662832617e-73 
9.877938969484742 4.009964132300933e-73 
9.889944972486242 3.983673909229135e-73 
9.901950975487743 3.950053871076355e-73 
9.913956978489244 3.909593295251647e-73 
9.925962981490745 3.862782748697563e-73 
9.937968984492246 3.810111213983583e-73 
9.949974987493746 3.752063453435938e-73 
9.961980990495247 3.689117610673451e-73 
9.973986993496748 3.621743046978898e-73 
9.985992996498249 3.550398408210533e-73 
9.99799899949975 3.47552991644358e-73 
10.01000500250125 3.397569879219376e-73 
10.02201100550275 3.316935408163009e-73 
10.03401700850425 3.234027337799087e-73 
10.04602301150575 3.149229334639816e-73 
10.05802901450725 3.062907186027125e-73 
10.07003501750875 2.975408257772692e-73 
10.08204102051026 2.887061109341219e-73 
10.09404702351176 2.798175255153029e-73 
10.10605302651326 2.709041060528959e-73 
10.11805902951476 2.619929760854207e-73 
10.13006503251626 2.531093592681034e-73 
10.14207103551776 2.442766025718678e-73 
10.15407703851926 2.355162084956091e-73 
10.16608304152076 2.268478752521579e-73 
10.17808904452226 2.1828954392925e-73 
10.19009504752376 2.098574516718535e-73 
10.20210105052526 2.015661899805388e-73 
10.21410705352676 1.934287672713907e-73 
10.22611305652826 1.854566748955509e-73 
10.23811905952977 1.776599558701149e-73 
10.25012506253126 1.700472756263016e-73 
10.26213106553277 1.626259941349265e-73 
10.27413706853427 1.554022388228171e-73 
10.28614307153577 1.483809777464878e-73 
10.29814907453727 1.415660925407683e-73 
10.31015507753877 1.349604507098915e-73 
10.32216108054027 1.285659768764851e-73 
10.33416708354177 1.223837226497785e-73 
10.34617308654327 1.164139348180234e-73 
10.35817908954477 1.10656121611431e-73 
10.37018509254627 1.051091168207926e-73 
10.38219109554777 9.977114159334752e-74 
10.39419709854927 9.463986376131016e-74 
10.40620310155078 8.971245458981063e-74 
10.41820910455228 8.498564285983281e-74 
10.43021510755378 8.045576622811512e-74 
10.44222111055528 7.611881982995709e-74 
10.45422711355678 7.19705021125303e-74 
10.46623311655828 6.800625790569174e-74 
10.47823911955978 6.422131875458247e-74 
10.49024512256128 6.061074055351159e-74 
10.50225112556278 5.716943853391902e-74 
10.51425712856428 5.389221967068686e-74 
10.52626313156578 5.077381258084201e-74 
10.53826913456728 4.780889499687209e-74 
10.55027513756878 4.499211890358611e-74 
10.56228114057028 4.231813343280903e-74 
10.57428714357179 3.978160561430808e-74 
10.58629314657329 3.737723908432871e-74 
10.59829914957479 3.509979085506495e-74 
10.61030515257629 3.294408624942134e-74 
10.62231115557779 3.090503210561907e-74 
10.63431715857929 2.897762835566941e-74 
10.64632316158079 2.715697808055945e-74 
10.65832916458229 2.54382961432569e-74 
10.67033516758379 2.381691649841676e-74 
10.68234117058529 2.228829827503642e-74 
10.69434717358679 2.084803072532712e-74 
10.70635317658829 1.94918371298057e-74 
10.7183591795898 1.821557774511817e-74 
10.7303651825913 1.701525187744381e-74 
10.7423711855928 1.588699916053294e-74 
10.7543771885943 1.482710011355178e-74 
10.7663831915958 1.383197604998082e-74 
10.7783891945973 1.289818840486911e-74 
10.7903951975988 1.202243754382066e-74 
10.8024012006003 1.120156111320129e-74 
10.8144072036018 1.043253198723381e-74 
10.8264132066033 9.712455863908369e-75 
10.8384192096048 9.038568557996376e-75 
10.8504252126063 8.408233035929703e-75 
10.8624312156078 7.818936233905388e-75 
10.87443721860931 7.26828569730839e-75 
10.8864432216108 6.75400607641704e-75 
10.89844922461231 6.273935510374518e-75 
10.91045522761381 5.826021928576334e-75 
10.92246123061531 5.408319295942139e-75 
10.93446723361681 5.018983826009852e-75 
10.94647323661831 4.656270183410948e-75 
10.95847923961981 4.31852769505605e-75 
10.97048524262131 4.004196587278252e-75 
10.98249124562281 3.71180426424339e-75 
10.99449724862431 3.4399616411399e-75 
11.00650325162581 3.187359544000739e-75 
11.01850925462731 2.952765186481749e-75 
11.03051525762881 2.735018732520896e-75 
11.04252126063032 2.533029952525149e-75 
11.05452726363182 2.345774979571806e-75 
11.06653326663332 2.172293171064029e-75 
11.07853926963482 2.011684080340229e-75 
11.09054527263632 1.863104541899949e-75 
11.10255127563782 1.725765873168969e-75 
11.11455727863932 1.598931195079358e-75 
11.12656328164082 1.481912873181694e-75 
11.13856928464232 1.374070080531887e-75 
11.15057528764382 1.274806483200091e-75 
11.16258129064532 1.183568048930521e-75 
11.17458729364682 1.09984097923471e-75 
11.18659329664832 1.023149765024188e-75 
11.19859929964982 9.530553657785417e-76 
11.21060530265133 8.891535121992869e-76 
11.22261130565283 8.310731323167455e-76 
11.23461730865433 7.784749010947264e-76 
11.24662331165583 7.310499137151469e-76 
11.25862931465733 6.885184829210516e-76 
11.27063531765883 6.506290610517705e-76 
11.28264132066033 6.171572877184277e-76 
11.29464732366183 5.879051644427171e-76 
11.30665332666333 5.627003580180205e-76 
11.31865932966483 5.413956348519239e-76 
11.33066533266633 5.238684291154089e-76 
11.34267133566783 5.100205481600328e-76 
11.35467733866933 4.99778019374301e-76 
11.36668334167084 4.930910834390365e-76 
11.37868934467234 4.899343398146677e-76 
11.39069534767384 4.903070512575491e-76 
11.40270135067534 4.942336152253684e-76 
11.41470735367684 5.017642112019791e-76 
11.42671335667834 5.129756342595381e-76 
11.43871935967984 5.279723265916473e-76 
11.45072536268134 5.468876203077782e-76 
11.46273136568284 5.698852064905927e-76 
11.47473736868434 5.971608473994556e-76 
11.48674337168584 6.289443507729262e-76 
11.49874937468734 6.655018274597561e-76 
11.51075537768885 7.071382561135386e-76 
11.52276138069034 7.542003814447676e-76 
11.53476738369185 8.07079975562331e-76 
11.54677338669335 8.662174952842473e-76 
11.55877938969485 9.321061719875149e-76 
11.57078539269635 1.005296574636141e-75 
11.58279139569785 1.086401691115106e-75 
11.59479739869935 1.176102577951388e-75 
11.60680340170085 1.275154633971099e-75 
11.61880940470235 1.384394559479589e-75 
11.63081540770385 1.504748069220554e-75 
11.64282141070535 1.637238434738644e-75 
11.65482741370685 1.782995939913384e-75 
11.66683341670835 1.943268342434009e-75 
11.67883941970986 2.119432443937704e-75 
11.69084542271136 2.313006882540769e-75 
11.70285142571286 2.525666273667227e-75 
11.71485742871436 2.759256838548799e-75 
11.72686343171586 3.015813674674373e-75 
11.73886943471736 3.297579838961207e-75 
11.75087543771886 3.607027432676972e-75 
11.76288144072036 3.946880897352269e-75 
11.77488744372186 4.320142753299767e-75 
11.78689344672336 4.73012203713398e-75 
11.79889944972486 5.180465722125834e-75 
11.81090545272636 5.675193435618359e-75 
11.82291145572786 6.218735821395613e-75 
11.83491745872936 6.815976932192579e-75 
11.84692346173087 7.472301078855551e-75 
11.85892946473237 8.19364460844936e-75 
11.87093546773387 8.986553134347335e-75 
11.88294147073537 9.858244797573381e-75 
11.89494747373687 1.081668020099385e-74 
11.90695347673837 1.187063972704644e-74 
11.91895947973987 1.302980902628542e-74 
11.93096548274137 1.430487354893832e-74 
11.94297148574287 1.570762308582282e-74 
11.95497748874437 1.725106738937638e-74 
11.96698349174587 1.894956406133252e-74 
11.97898949474737 2.081896002198598e-74 
11.99099549774887 2.287674801841342e-74 
12.00300150075038 2.514223978700011e-74 
12.01500750375187 2.763675766087947e-74 
12.02701350675338 3.038384660732606e-74 
12.03901950975488 3.340950889586751e-74 
12.05102551275638 3.674246383725032e-74 
12.06303151575788 4.041443529901646e-74 
12.07503751875938 4.446046999822818e-74 
12.08704352176088 4.891928989903869e-74 
12.09904952476238 5.383368240593696e-74 
12.11105552776388 5.925093244657228e-74 
12.12306153076538 6.522330098552429e-74 
12.13506753376688 7.180855500714564e-74 
12.14707353676839 7.907055455713987e-74 
12.15907953976988 8.707990304493443e-74 
12.17108554277139 9.591466768892651e-74 
12.18309154577289 1.056611777418447e-73 
12.19509754877439 1.164149089721432e-73 
12.20710355177589 1.282814638088264e-73 
12.21910955477739 1.413776575917351e-73 
12.23111555777889 1.558327225186157e-73 
12.24312156078039 1.717896421570261e-73 
12.25512756378189 1.894066308075523e-73 
12.26713356678339 2.08858773580729e-73 
12.27913956978489 2.303398448010948e-73 
12.29114557278639 2.540643242975656e-73 
12.30315157578789 2.802696333015464e-73 
12.31515757878939 3.092186140772034e-73 
12.3271635817909 3.412022800790419e-73 
12.3391695847924 3.765428664004136e-73 
12.3511755877939 4.155972135762202e-73 
12.3631815907954 4.587605214710677e-73 
12.3751875937969 5.064705140618286e-73 
12.3871935967984 5.592120604570687e-73 
12.3991995997999 6.175223025363161e-73 
12.4112056028014 6.81996345196777e-73 
12.4232116058029 7.532935714273586e-73 
12.4352176088044 8.321446513604221e-73 
12.4472236118059 9.193593221593348e-73 
12.4592296148074 1.015835024172192e-72 
12.4712356178089 1.122566488316684e-72 
12.48324162081041 1.240656380266632e-72 
12.49524762381191 1.371327118808164e-72 
12.50725362681341 1.515933998857663e-72 
12.51925962981491 1.675979764234434e-72 
12.53126563281641 1.853130791525741e-72 
12.54327163581791 2.049235064456469e-72 
12.55527763881941 2.266342138287529e-72 
12.56728364182091 2.50672531614713e-72 
12.57928964482241 2.77290628410445e-72 
12.59129564782391 3.067682479512454e-72 
12.60330165082541 3.394157497995067e-72 
12.61530765382691 3.755774878788912e-72 
12.62731365682841 4.15635564636794e-72 
12.63931965982992 4.600140028821634e-72 
12.65132566283141 5.091833820816242e-72 
12.66333166583292 5.636659911691623e-72 
12.67533766883442 6.240415557944588e-72 
12.68734367183592 6.909536044703993e-72 
12.69934967483742 7.651165453571497e-72 
12.71135567783892 8.473235335230657e-72 
12.72336168084042 9.384552175458075e-72 
12.73536768384192 1.039489464365384e-71 
12.74737368684342 1.151512172491561e-71 
12.75937968984492 1.2757292961316e-71 
12.77138569284642 1.413480216686183e-71 
12.78339169584793 1.566252613523717e-71 
12.79539769884942 1.735699003167011e-71 
12.80740370185093 1.92365513521287e-71 
12.81940970485243 2.132160454679563e-71 
12.83141570785393 2.363480864289772e-71 
12.84342171085543 2.620134046727029e-71 
12.85542771385693 2.904917636463583e-71 
12.86743371685843 3.220940563694292e-71 
12.87943971985993 3.571657929612455e-71 
12.89144572286143 3.960909813161323e-71 
12.90345172586293 4.392964454971608e-71 
12.91545772886443 4.872566314988282e-71 
12.92746373186593 5.404989556898812e-71 
12.93946973486743 5.996097575568875e-71 
12.95147573786893 6.652409254016389e-71 
12.96348174087044 7.381172714842961e-71 
12.97548774387194 8.190447418421938e-71 
12.98749374687344 9.089195557550067e-71 
12.99949974987494 1.008738380686105e-70 
13.01150575287644 1.119609660636327e-70 
13.02351175587794 1.242766229343952e-70 
13.03551775887944 1.379579354813839e-70 
13.04752376188094 1.531574378438697e-70 
13.05952976488244 1.700448130686038e-70 
13.07153576788394 1.888088326188655e-70 
13.08354177088544 2.096595164343306e-70 
13.09554777388694 2.32830538746946e-70 
13.10755377688844 2.585819077517454e-70 
13.11955977988995 2.872029504589218e-70 
13.13156578289145 3.190156376531043e-70 
13.14357178589295 3.543782879007603e-70 
13.15557778889445 3.936896940250846e-70 
13.16758379189595 4.373937204633376e-70 
13.17958979489745 4.859844254943057e-70 
13.19159579789895 5.400117685402997e-70 
13.20360180090045 6.000879696835958e-70 
13.21560780390195 6.668945962748527e-70 
13.22761380690345 7.411904601439343e-70 
13.23961980990495 8.238204185556955e-70 
13.25162581290645 9.157251828007068e-70 
13.26363181590795 1.017952250303247e-69 
13.27563781890946 1.131668089510862e-69 
13.28764382191095 1.25817172176298e-69 
13.29964982491246 1.398909861000995e-69 
13.31165582791396 1.55549379078028e-69 
13.32366183091546 1.72971817880094e-69 
13.33566783391696 1.923582052340014e-69 
13.34767383691846 2.139312183823912e-69 
13.35967983991996 2.379389164639794e-69 
13.37168584292146 2.646576477498228e-69 
13.38369184592296 2.943952913618115e-69 
13.39569784892446 3.27494872114517e-69 
13.40770385192596 3.643385916025227e-69 
13.41970985492746 4.053523236578213e-69 
13.43171585792896 4.510106278866729e-69 
13.44372186093047 5.018423412304846e-69 
13.45572786393197 5.584368144567757e-69 
13.46773386693347 6.214508682590176e-69 
13.47973986993497 6.916165523229165e-69 
13.49174587293647 7.697498004074774e-69 
13.50375187593797 8.567600853103472e-69 
13.51575787893947 9.536611896707183e-69 
13.52776388194097 1.061583222057285e-68 
13.53976988494247 1.181786022858498e-68 
13.55177588794397 1.315674121322188e-68 
13.56378189094547 1.464813423887689e-68 
13.57578789394697 1.630949834946328e-68 
13.58779389694847 1.816030034613013e-68 
13.59979989994997 2.022224664280423e-68 
13.61180590295148 2.251954199979523e-68 
13.62381190595298 2.507917826245245e-68 
13.63581790895448 2.793125659685822e-68 
13.64782391195598 3.110934712227409e-68 
13.65982991495748 3.465089029554056e-68 
13.67183591795898 3.85976449114763e-68 
13.68384192096048 4.299618815179889e-68 
13.69584792396198 4.78984737502029e-68 
13.70785392696348 5.336245505081581e-68 
13.71985992996498 5.945278053006413e-68 
13.73186593296648 6.624157023781001e-68 
13.74387193596798 7.380928260340492e-68 
13.75587793896949 8.224568215828426e-68 
13.76788394197099 9.16509199625728e-68 
13.77988994497248 1.021367399041758e-67 
13.79189594797399 1.138278255820863e-67 
13.80390195097549 1.268633042102655e-67 
13.81590795397699 1.413984259058106e-67 
13.82791395697849 1.576064388791198e-67 
13.83991995997999 1.756806834510989e-67 
13.85192596298149 1.958369305130218e-67 
13.86393196598299 2.183159930518438e-67 
13.87593796898449 2.433866427249455e-67 
13.88794397198599 2.71348867225212e-67 
13.89994997498749 3.025375083767603e-67 
13.911955977989 3.373263255957351e-67 
13.92396198099049 3.761325345978428e-67 
13.935967983992 4.194218771000122e-67 
13.9479739869935 4.677142838208321e-67 
13.959979989995 5.215902004149517e-67 
13.9719859929965 5.816976541718423e-67 
13.983991995998 6.487601484714467e-67 
13.9959979989995 7.235854822326344e-67 
14.008004002001 8.070756030429451e-67 
14.0200100050025 9.002376154628985e-67 
14.032016008004 1.004196080315215e-66 
14.0440220110055 1.120206756777642e-66 
14.056028014007 1.249671956997943e-66 
14.0680340170085 1.394157702965026e-66 
14.08004002001 1.555412897751716e-66 
14.09204602301151 1.735390748272657e-66 
14.10405202601301 1.936272704688926e-66 
14.11605802901451 2.160495212889966e-66 
14.12806403201601 2.410779611485944e-66 
14.14007003501751 2.690165543888829e-66 
14.15207603801901 3.002048299839694e-66 
14.16408204102051 3.35022054970265e-66 
14.17608804402201 3.738918989607778e-66 
14.18809404702351 4.172876476774254e-66 
14.20010005002501 4.657380302851188e-66 
14.21210605302651 5.198337329738638e-66 
14.22411205602801 5.802346798059533e-66 
14.23611805902951 6.476781714323362e-66 
14.24812406203102 7.229879830062039e-66 
14.26013006503252 8.07084534617835e-66 
14.27213606803402 9.009962609939613e-66 
14.28414207103552 1.00587232221658e-65 
14.29614807403702 1.122996814009561e-65 
14.30815407703852 1.253804654928523e-65 
14.32016008004002 1.399899348807364e-65 
14.33216608304152 1.563072844329056e-65 
14.34417208604302 1.745327739895777e-65 
14.35617808904452 1.948902111406684e-65 
14.36818409204602 2.176297273482758e-65 
14.38019009504752 2.430308821523609e-65 
14.39219609804903 2.714061343207045e-65 
14.40420210105053 3.031047234170524e-65 
14.41620810405203 3.385170104228095e-65 
14.42821410705353 3.780793318231109e-65 
14.44022011005503 4.222794280307379e-65 
14.45222611305653 4.716625142530915e-65 
14.46423211605803 5.268380699999614e-65 
14.47623811905953 5.884874324857978e-65 
14.48824412206103 6.573722893145026e-65 
14.50025012506253 7.343441771760387e-65 
14.51225612806403 8.203551059764222e-65 
14.52426213106553 9.164694420271223e-65 
14.53626813406703 1.02387719981703e-64 
14.54827413706853 1.143908909682038e-64 
14.56028014007003 1.278052248600108e-64 
14.57228614307154 1.427970643626777e-64 
14.58429214607304 1.595524082430939e-64 
14.59629814907454 1.782792393310896e-64 
14.60830415207604 1.99210128832163e-64 
14.62031015507754 2.22605149812398e-64 
14.63231615807904 2.487551366320581e-64 
14.64432216108054 2.779853314871062e-64 
14.65632816408204 3.106594641238776e-64 
14.66833416708354 3.471843162839026e-64 
14.68034017008504 3.880148285834783e-64 
14.69234617308654 4.336598144144823e-64 
14.70435217608804 4.846883531569618e-64 
14.71635817908954 5.417369436185669e-64 
14.72836418209105 6.055175082711169e-64 
14.74037018509255 6.768263496638344e-64 
14.75237618809405 7.56554172494222e-64 
14.76438219109555 8.456972983658962e-64 
14.77638819409705 9.453702154311989e-64 
14.78839419709855 1.056819622099128e-63 
14.80040020010005 1.181440143003395e-63 
14.81240620310155 1.320791916714567e-63 
14.82441220610305 1.476620278516978e-63 
14.83641820910455 1.650877788260546e-63 
14.84842421210605 1.845748883181935e-63 
14.86043021510755 2.06367746905141e-63 
14.87243621810905 2.307397800470464e-63 
14.88444222111056 2.579969043101055e-63 
14.89644822411206 2.884813957588403e-63 
14.90845422711356 3.225762197548475e-63 
14.92046023011506 3.607098772903714e-63 
14.93246623311656 4.033618295822523e-63 
14.94447223611806 4.510685700396739e-63 
14.95647823911956 5.044304209925611e-63 
14.96848424212106 5.64119141832782e-63 
14.98049024512256 6.308864455965473e-63 
14.99249624812406 7.055735326369706e-63 
15.00450225112556 7.891217630500863e-63 
15.01650825412706 8.825846040931067e-63 
15.02851425712857 9.871410051578686e-63 
15.04052026013007 1.104110371145338e-62 
15.05252626313157 1.234969325564097e-62 
15.06453226613307 1.381370477610525e-62 
15.07653826913457 1.545163433176402e-62 
15.08854427213607 1.728418318501696e-62 
15.10055027513757 1.933452117417284e-62 
15.11255627813907 2.162858159219521e-62 
15.12456228114057 2.419539134651443e-62 
15.13656828414207 2.706744062755285e-62 
15.14857428714357 3.028109682092271e-62 
15.16058029014507 3.387706796652647e-62 
15.17258629314657 3.790092170435359e-62 
15.18459229614807 4.240366635984101e-62 
15.19659829914957 4.744240162045603e-62 
15.20860430215108 5.30810471499867e-62 
15.22061030515258 5.939115848944469e-62 
15.23261630815408 6.645284071645398e-62 
15.24462231115558 7.435577159302866e-62 
15.25662831415708 8.320034734099938e-62 
15.26863431715858 9.30989657632542e-62 
15.28064032016008 1.041774631978393e-61 
15.29264632316158 1.165767237737018e-61 
15.30465232616308 1.304544816570941e-61 
15.31665832916458 1.459873394651387e-61 
15.32866433216608 1.63373028809972e-61 
15.34067033516758 1.828329420593388e-61 
15.35267633816908 2.046149678979381e-61 
15.36468234117059 2.289966671935504e-61 
15.37668834417209 2.562888300637938e-61 
15.38869434717359 2.868394599601952e-61 
15.40070035017509 3.210382360999076e-61 
15.41270635317659 3.593215117533578e-61 
15.42471235617809 4.021779128184946e-61 
15.43671835917959 4.501546088689332e-61 
15.44872436218109 5.038643375547969e-61 
15.46073036518259 5.639932729742538e-61 
15.47273636818409 6.313098395470557e-61 
15.48474237118559 7.066745851505132e-61 
15.49674837418709 7.910512409820927e-61 
15.50875437718859 8.8551911096923e-61 
15.5207603801901 9.912869507555055e-61 
15.5327663831916 1.109708515576672e-60 
15.5447723861931 1.242299977950821e-60 
15.5567783891946 1.390759440325147e-60 
15.5687843921961 1.556988794962286e-60 
15.5807903951976 1.743118213764996e-60 
15.5927963981991 1.951533584824746e-60 
15.6048024012006 2.184907250681026e-60 
15.6168084042021 2.446232446091136e-60 
15.6288144072036 2.738861881092011e-60 
15.6408204102051 3.066550968911111e-60 
15.6528264132066 3.433506258552665e-60 
15.6648324162081 3.844439699433751e-60 
15.6768384192096 4.304629441151531e-60 
15.6888444222111 4.819987956315167e-60 
15.70085042521261 5.397138369478996e-60 
15.71285642821411 6.043499981807374e-60 
15.72486243121561 6.767384100575635e-60 
15.73686843421711 7.578101416523923e-60 
15.74887443721861 8.486082322177681e-60 
15.76088044022011 9.503011732488205e-60 
15.77288644322161 1.064198015772408e-59 
15.78489244622311 1.191765298992016e-59 
15.79689844922461 1.334646020112414e-59 
15.80890445222611 1.49468089172643e-59 
15.82091045522761 1.673932162916406e-59 
15.83291645822911 1.874710313593613e-59 
15.84492246123061 2.099603969006167e-59 
15.85692846423212 2.35151342327829e-59 
15.86893446723362 2.633688207849178e-59 
15.88094047023512 2.949769193372444e-59 
15.89294647323662 3.303835772705898e-59 
15.90495247623812 3.700458738838532e-59 
15.91695847923962 4.144759545832783e-59 
15.92896448224112 4.642476724076287e-59 
15.94097048524262 5.200040314426839e-59 
15.95297648824412 5.824655290417659e-59 
15.96498249124562 6.524395054935707e-59 
15.97698849424712 7.308306229228062e-59 
15.98899449724862 8.18652609945089e-59 
16.00100050025013 9.170414251181234e-59 
16.01300650325162 1.027270010752698e-58 
16.02501250625313 1.150764829412049e-58 
16.03701850925463 1.289124398708621e-58 
16.04902451225613 1.4441400661082e-58 
16.06103051525763 1.617819294714765e-58 
16.07303651825913 1.812411763818701e-58 
16.08504252126063 2.030438624776246e-58 
16.09704852426213 2.274725294031415e-58 
16.10905452726363 2.548438211333932e-58 
16.12106053026513 2.85512604305417e-58 
16.13306653326664 3.198765868628895e-58 
16.14507253626813 3.583814953352154e-58 
16.15707853926963 4.01526878380903e-58 
16.16908454227114 4.498726124195341e-58 
16.18109054527264 5.04046194364883e-58 
16.19309654827414 5.64750916774321e-58 
16.20510255127564 6.3277503228179e-58 
16.21710855427714 7.09002027135019e-58 
16.22911455727864 7.944221381823962e-58 
16.24112056028014 8.901452639417401e-58 
16.25312656328164 9.974154386460894e-58 
16.26513256628314 1.11762705864047e-57 
16.27713856928464 1.252343073467477e-57 
16.28914457228614 1.403315379730212e-57 
16.30115057528764 1.572507684697103e-57 
16.31315657828915 1.762121138993948e-57 
16.32516258129064 1.97462307403994e-57 
16.33716858429214 2.212779220603866e-57 
16.34917458729365 2.479689830519633e-57 
16.36118059029515 2.778830174807403e-57 
16.37318659329665 3.11409594887149e-57 
16.38519259629815 3.489854179844317e-57 
16.39719859929965 3.911000303364557e-57 
16.40920460230115 4.383022158067507e-57 
16.42121060530265 4.912071736892784e-57 
16.43321660830415 5.505045636174232e-57 
16.44522261130565 6.169675257710566e-57 
16.45722861430716 6.914627947127053e-57 
16.46923461730865 7.749620395515411e-57 
16.48124062031015 8.685545792473769e-57 
16.49324662331166 9.734616399383451e-57 
16.50525262631316 1.091052341443551e-56 
16.51725862931466 1.222861622822796e-56 
16.52926463231616 1.370610342369011e-56 
16.54127063531766 1.536227816001351e-56 
16.55327663831916 1.721877090094837e-56 
16.56528264132066 1.929983280748873e-56 
16.57728864432216 2.163265351835984e-56 
16.58929464732366 2.424771749415897e-56 
16.60130065032516 2.717920360845052e-56 
16.61330665332666 3.046543323827483e-56 
16.62531265632816 3.414937274490281e-56 
16.63731865932967 3.827919695168038e-56 
16.64932466233117 4.290892102890483e-56 
16.66133066533267 4.809910909645915e-56 
16.67333666833417 5.391766886528881e-56 
16.68534267133567 6.044074277207654e-56 
16.69734867433717 6.775370733261601e-56 
16.70935467733867 7.595229386518881e-56 
16.72136068034017 8.514384533454e-56 
16.73336668334167 9.544872586094713e-56 
16.74537268634317 1.070019014510828e-55 
16.75737868934467 1.199547127644612e-55 
16.76938469234617 1.34476863261059e-55 
16.78139069534767 1.50758648915662e-55 
16.79339669834918 1.690134588701399e-55 
16.80540270135068 1.89480579968306e-55 
16.81740870435218 2.12428342126497e-55 
16.82941470735368 2.381576459895165e-55 
16.84142071035518 2.670059193655636e-55 
16.85342671335668 2.99351554591924e-55 
16.86543271635818 3.35618885330342e-55 
16.87743871935968 3.762837684110931e-55 
16.88944472236118 4.218798443319932e-55 
16.90145072536268 4.73005558978593e-55 
16.91345672836418 5.30332039183156e-55 
16.92546273136568 5.946119260157048e-55 
16.93746873436718 6.666892823496621e-55 
16.94947473736868 7.475107054348259e-55 
16.96148074037018 8.38137791129431e-55 
16.97348674337169 9.397611143015891e-55 
16.98549274637319 1.053715909944929e-54 
16.99749874937469 1.181499662029016e-54 
17.00950475237619 1.324791832319793e-54 
17.02151075537769 1.485475989692737e-54 
17.03351675837919 1.665664632196413e-54 
17.04552276138069 1.867727029726924e-54 
17.05752876438219 2.094320455116163e-54 
17.06953476738369 2.348425216247928e-54 
17.08154077038519 2.63338395208963e-54 
17.09354677338669 2.952945711929883e-54 
17.10555277638819 3.31131540039104e-54 
17.1175587793897 3.713209241779701e-54 
17.1295647823912 4.163916996988407e-54 
17.14157078539269 4.669371755524053e-54 
17.1535767883942 5.236228225498082e-54 
17.1655827913957 5.871950556899542e-54 
17.1775887943972 6.584910859676495e-54 
17.1895947973987 7.384499719747939e-54 
17.2016008004002 8.28125017493548e-54 
17.2136068034017 9.286976791049078e-54 
17.2256128064032 1.041493167834906e-53 
17.2376188094047 1.167997951299074e-53 
17.2496248124062 1.309879387981616e-53 
17.26163081540771 1.469007753533029e-53 
17.27363681840921 1.647480950663659e-53 
17.2856428214107 1.84765222977145e-53 
17.29764882441221 2.072161287342197e-53 
17.30965482741371 2.323969153929446e-53 
17.32166083041521 2.60639733375347e-53 
17.33366683341671 2.923171714321238e-53 
17.34567283641821 3.278471827710766e-53 
17.35767883941971 3.676986116123403e-53 
17.36968484242121 4.123973933929099e-53 
17.38169084542271 4.625335107770223e-53 
17.39369684842421 5.187687976535889e-53 
17.40570285142572 5.818456945502897e-53 
17.41770885442721 6.525970715156084e-53 
17.42971485742871 7.319572486827113e-53 
17.44172086043022 8.209743606209017e-53 
17.45372686343172 9.208242284126072e-53 
17.46573286643321 1.032825923403545e-52 
17.47773886943472 1.158459229026816e-52 
17.48974487243622 1.299384232296771e-52 
17.50175087543772 1.457463304840496e-52 
17.51375687843922 1.63478576505967e-52 
17.52576288144072 1.833695548615222e-52 
17.53776888444222 2.056822254375111e-52 
17.54977488744372 2.307115977792984e-52 
17.56178089044522 2.587886393988797e-52 
17.57378689344672 2.902846609250761e-52 
17.58579289644823 3.256162363022346e-52 
17.59779889944972 3.652507233521202e-52 
17.60980490245122 4.097124579904711e-52 
17.62181090545273 4.595897043410931e-52 
17.63381690845423 5.155424530355183e-52 
17.64582291145573 5.783111712588591e-52 
17.65782891445723 6.487266207525811e-52 
17.66983491745873 7.277208741809114e-52 
17.68184092046023 8.163396761984674e-52 
17.69384692346173 9.157563134345654e-52 
17.70585292646323 1.027287177672562e-51 
17.71785892946473 1.152409229017692e-51 
17.72986493246623 1.292779591114018e-51 
17.74187093546773 1.450257538826819e-51 
17.75387693846923 1.626929170628711e-51 
17.76588294147074 1.825135093639916e-51 
17.77788894447224 2.047501489351031e-51 
17.78989494747374 2.296974973034552e-51 
17.80190095047524 2.576861710328242e-51 
17.81390695347674 2.890871311122132e-51 
17.82591295647824 3.243166084456129e-51 
17.83791895947974 3.638416309484298e-51 
17.84992496248124 4.081862257635764e-51 
17.86193096548274 4.579383790968112e-51 
17.87393696848424 5.137578462565205e-51 
17.88594297148574 5.763849158021754e-51 
17.89794897448724 6.466502444091107e-51 
17.90995497748874 7.254858933144078e-51 
17.92196098049025 8.139377132096449e-51 
17.93396698349175 9.131792424044607e-51 
17.94597298649325 1.024527303239776e-50 
17.95797898949475 1.149459504349912e-50 
17.96998499249625 1.289633881760454e-50 
17.98199099549775 1.446910940302225e-50 
17.99399699849925 1.623378388801118e-50 
18.00600300150075 1.821378898395669e-50 
18.01800900450225 2.043541253617695e-50 
18.03001500750375 2.292815311083851e-50 
18.04202101050525 2.572511231390718e-50 
18.05402701350675 2.886343506760223e-50 
18.06603301650825 3.238480370905966e-50 
18.07803901950975 3.633599249337506e-50 
18.09004502251126 4.07694898884647e-50 
18.10205102551276 4.574419695300468e-50 
18.11405702851426 5.132621110314728e-50 
18.12606303151576 5.758970571231445e-50 
18.13806903451726 6.461791726633227e-50 
18.15007503751876 7.25042532305616e-50 
18.16208104052026 8.13535353956514e-50 
18.17408704352176 9.128339527559346e-50 
18.18609304652326 1.024258401600224e-49 
18.19809904952476 1.14929010699273e-49 
18.21010505252626 1.289591534559861e-49 
18.22211105552776 1.447028347251731e-49 
18.23411705852926 1.623694251439311e-49 
18.24612306153077 1.821938882254402e-49 
18.25812906453227 2.044399100077603e-49 
18.27013506753377 2.294034115604615e-49 
18.28214107053527 2.574164912021047e-49 
18.29414707353677 2.888518490173163e-49 
18.30615307653827 3.241277527003337e-49 
18.31815907953977 3.637136109784692e-49 
18.33016508254127 4.08136228980543e-49 
18.34217108554277 4.57986829020397e-49 
18.35417708854427 5.139289304858129e-49 
18.36618309154577 5.767071939951753e-49 
18.37818909454727 6.471573478613756e-49 
18.39019509754878 7.262173293569441e-49 
18.40220110055028 8.149397894994627e-49 
18.41420710355177 9.145061282889295e-49 
18.42621310655328 1.026242247772429e-48 
18.43821910955478 1.151636233259646e-48 
18.45022511255628 1.292358198772309e-48 
18.46223111555778 1.450282561726125e-48 
18.47423711855928 1.627513044301906e-48 
18.48624312156078 1.826410735397588e-48 
18.49824912456228 2.049625587952054e-48 
18.51025512756378 2.300131772342312e-48 
18.52226113056528 2.581267358091803e-48 
18.53426713356679 2.89677885397901e-48 
18.54627313656828 3.250871201576146e-48 
18.55827913956978 3.648263890146501e-48 
18.57028514257129 4.094253942661601e-48 
18.58229114557279 4.594786614560669e-48 
18.59429714857428 5.156534749994672e-48 
18.60630315157579 5.786987856055331e-48 
18.61830915457729 6.494552085435609e-48 
18.63031515757879 7.288662463841569e-48 
18.64232116058029 8.179908862228997e-48 
18.65432716358179 9.180177397763979e-48 
18.66633316658329 1.030280915376579e-47 
18.67833916958479 1.156277834054583e-47 
18.69034517258629 1.297689227910998e-47 
18.70235117558779 1.45640158816253e-47 
18.7143571785893 1.634532363027549e-47 
18.72636318159079 1.834458242403109e-47 
18.73836918459229 2.058846907586766e-47 
18.7503751875938 2.310692670660934e-47 
18.7623811905953 2.593356480206666e-47 
18.7743871935968 2.91061082844476e-47 
18.7863931965983 3.266690160497738e-47 
18.7983991995998 3.666347460105208e-47 
18.8104052026013 4.114917768793971e-47 
18.8224112056028 4.618389488310541e-47 
18.8344172086043 5.183484420310864e-47 
18.8464232116058 5.817747614266161e-47 
18.85842921460731 6.529648225852059e-47 
18.8704352176088 7.328692735500183e-47 
18.8824412206103 8.225552042282767e-47 
18.89444722361181 9.232204134089236e-47 
18.90645322661331 1.036209424362946e-46 
18.91845922961481 1.16303146339568e-46 
18.93046523261631 1.305380642008397e-46 
18.94247123561781 1.465158612838991e-46 
18.95447723861931 1.644500002684248e-46 
18.96648324162081 1.845800963103143e-46 
18.97848924462231 2.071751220860649e-46 
18.99049524762381 2.325370057354378e-46 
19.00250125062531 2.610046698800817e-46 
19.01450725362681 2.929585658049559e-46 
19.02651325662831 3.288257635235232e-46 
19.03851925962982 3.690856658957411e-46 
19.05052526263132 4.142764233297467e-46 
19.06253126563282 4.650021349859544e-46 
19.07453726863432 5.219409329419725e-46 
19.08654327163582 5.858540576096539e-46 
19.09854927463732 6.575960459804625e-46 
19.11055527763882 7.381261691903386e-46 
19.12256128064032 8.285212726404787e-46 
19.13456728364182 9.299901907105451e-46 
19.14657328664332 1.043889929207999e-45 
19.15857928964482 1.171743832394702e-45 
19.17058529264632 1.315261978037589e-45 
19.18259129564782 1.476364073801094e-45 
19.19459729864932 1.657205161835901e-45 
19.20660330165082 1.860204476071514e-45 
19.21860930465233 2.08807783899446e-45 
19.23061530765383 2.343874032156826e-45 
19.24262131065533 2.631015627948498e-45 
19.25462731365683 2.953344829995871e-45 
19.26663331665833 3.315174936723209e-45 
19.27863931965983 3.721348118031725e-45 
19.29064532266133 4.177300279728223e-45 
19.30265132566283 4.689133885406618e-45 
19.31465732866433 5.26369971222784e-45 
19.32666333166583 5.908688636889856e-45 
19.33866933466733 6.632734682638585e-45 
19.35067533766883 7.445530709249037e-45 
19.36268134067033 8.357958297532673e-45 
19.37468734367184 9.382233570379204e-45 
19.38669334667334 1.053207090617636e-44 
19.39869934967484 1.182286674054111e-44 
19.41070535267634 1.327190592186435e-44 
19.42271135567784 1.489859338883873e-44 
19.43471735867934 1.67247142779708e-44 
19.44672336168084 1.877472595063835e-44 
19.45872936468234 2.107608585766618e-44 
19.47073536768384 2.365961964041415e-44 
19.48274137068534 2.655993440745963e-44 
19.49474737368684 2.981588273236977e-44 
19.50675337668834 3.347108359894148e-44 
19.51875937968985 3.757450728478788e-44 
19.53076538269135 4.218113203253802e-44 
19.54277138569284 4.73526813217268e-44 
19.55477738869435 5.315845163663195e-44 
19.56678339169585 5.967624184040682e-44 
19.57878939469735 6.699339663018785e-44 
19.59079539769885 7.520797807975738e-44 
19.60280140070035 8.443008099640205e-44 
19.61480740370185 9.478330974993941e-44 
19.62681340670335 1.06406436400446e-43 
19.63881940970485 1.194552623861527e-43 
19.65082541270635 1.341047087670091e-43 
19.66283141570786 1.505511630892928e-43 
19.67483741870936 1.690151143836339e-43 
19.68684342171085 1.897441116792546e-43 
19.69884942471236 2.130160857631274e-43 
19.71085542771386 2.391430787925529e-43 
19.72286143071536 2.684754318489461e-43 
19.73486743371686 3.014064866730683e-43 
19.74687343671836 3.383778647302573e-43 
19.75887943971986 3.798853945112825e-43 
19.77088544272136 4.264857666845753e-43 
19.78289144572286 4.788040064958755e-43 
19.79489744872436 5.37541863793303e-43 
19.80690345172586 6.034872333871835e-43 
19.81890945472736 6.775247323004521e-43 
19.83091545772886 7.606475760133383e-43 
19.84292146073037 8.539709132643927e-43 
19.85492746373187 9.587467985735469e-43 
19.86693346673336 1.076381003665463e-42 
19.87893946973487 1.208451893688995e-42 
19.89094547273637 1.356731621883605e-42 
19.90295147573787 1.523209927509412e-42 
19.91495747873937 1.71012085685336e-42 
19.92696348174087 1.919972766420643e-42 
19.93896948474237 2.155582011546502e-42 
19.95097548774387 2.420110773212603e-42 
19.96298149074537 2.717109531490854e-42 
19.97498749374687 3.050564756514405e-42 
19.98699349674838 3.424952458031185e-42 
19.99899949974987 3.845298313373656e-42 
20.01100550275137 4.317245182139438e-42 
20.02301150575288 4.847128915211431e-42 
20.03501750875438 5.442063477289636e-42 
20.04702351175588 6.110036527361067e-42 
20.05902951475738 6.860016742184597e-42 
20.07103551775888 7.702074325806891e-42 
20.08304152076038 8.647516325479588e-42 
20.09504752376188 9.7090385735032e-42 
20.10705352676338 1.090089629816052e-41 
20.11905952976488 1.223909569803146e-41 
20.13106553276639 1.37416090559823e-41 
20.14307153576788 1.542861628579174e-41 
20.15507753876938 1.732277615997505e-41 
20.16708354177089 1.944953086668503e-41 
20.17908954477239 2.183744799197736e-41 
20.19109554777389 2.451860452726696e-41 
20.20310155077539 2.75290180672483e-41 
20.21510755377689 3.090913099852059e-41 
20.22711355677839 3.47043541921949e-41 
20.23911955977989 3.896567751446756e-41 
20.25112556278139 4.375035536830082e-41 
20.26313156578289 4.912267648906649e-41 
20.27513756878439 5.51548283508764e-41 
20.28714357178589 6.192786781361288e-41 
20.29914957478739 6.953281107052934e-41 
20.3111555777889 7.80718575619714e-41 
20.3231615807904 8.765976432389388e-41 
20.3351675837919 9.84253892647045e-41 
20.3471735867934 1.105134241378191e-40 
20.3591795897949 1.240863405307908e-40 
20.3711855927964 1.393265750593679e-40 
20.3831915957979 1.564389831749676e-40 
20.3951975987994 1.756535946101892e-40 
20.4072036018009 1.972287075478535e-40 
20.4192096048024 2.214543631593294e-40 
20.4312156078039 2.486562472790385e-40 
20.4432216108054 2.792000717329864e-40 
20.4552276138069 3.134964942974432e-40 
20.4672336168084 3.52006643516475e-40 
20.4792396198099 3.952483227516342e-40 
20.49124562281141 4.438029769834677e-40 
20.50325162581291 4.983235161558357e-40 
20.51525762881441 5.595431003887303e-40 
20.52726363181591 6.282850053387709e-40 
20.53926963481741 7.054737005333514e-40 
20.55127563781891 7.921472898405593e-40 
20.56328164082041 8.894714815825791e-40 
20.57528764382191 9.987552764025693e-40 
20.58729364682341 1.121468584131586e-39 
20.59929964982491 1.259262006884795e-39 
20.61130565282641 1.413989054795148e-39 
20.62331165582791 1.587731093561134e-39 
20.63531765882941 1.782825359784731e-39 
20.64732366183092 2.001896421402363e-39 
20.65932966483242 2.247891506922379e-39 
20.67133566783392 2.52412017930295e-39 
20.68334167083542 2.834298888836827e-39 
20.69534767383692 3.182601005143046e-39 
20.70735367683842 3.573713002186528e-39 
20.71935967983992 4.012897553149663e-39 
20.73136568284142 4.506064385082928e-39 
20.74337168584292 5.059849847819505e-39 
20.75537768884442 5.681706269061257e-39 
20.76738369184592 6.380002299413288e-39 
20.77938969484742 7.164135599239547e-39 
20.79139569784893 8.04465938552907e-39 
20.80340170085043 9.033424543744026e-39 
20.81540770385192 1.014373921938485e-38 
20.82741370685343 1.139054803958292e-38 
20.83941970985493 1.279063337959389e-38 
20.85142571285643 1.436284138618158e-38 
20.86343171585793 1.612833580356125e-38 
20.87543771885943 1.811088302230945e-38 
20.88744372186093 2.033717219250076e-38 
20.89944972486243 2.283717471497409e-38 
20.91145572786393 2.56445479554362e-38 
20.92346173086543 2.879708862223757e-38 
20.93546773386693 3.233724191814372e-38 
20.94747373686843 3.631267332830393e-38 
20.95947973986993 4.077691075102905e-38 
20.97148574287144 4.579006562631974e-38 
20.98349174587294 5.141964278212718e-38 
20.99549774887443 5.774144991444453e-38 
21.00750375187594 6.484061896065432e-38 
21.01950975487744 7.281275313421267e-38 
21.03151575787894 8.17652150830878e-38 
21.04352176088044 9.181857353724167e-38 
21.05552776388194 1.03108227947521e-37 
21.06753376688344 1.157862330184346e-37 
21.07953976988494 1.30023347732818e-37 
21.09154577288644 1.460113364936888e-37 
21.10355177588794 1.639655534085149e-37 
21.11555777888945 1.841278445595302e-37 
21.12756378189095 2.067698073921449e-37 
21.13956978489244 2.321964511697798e-37 
21.15157578789395 2.607503078525831e-37 
21.16358179089545 2.928160488324511e-37 
21.17558779389695 3.288256697795351e-37 
21.18759379689845 3.692643135180472e-37 
21.19959979989995 4.146768094550664e-37 
21.21160580290145 4.65675017751322e-37 
21.22361180590295 5.229460772780264e-37 
21.23561780890445 5.872616685952204e-37 
21.24762381190595 6.594884168793117e-37 
21.25962981490746 7.405995751053021e-37 
21.27163581790895 8.316881450601551e-37 
21.28364182091045 9.339816131609245e-37 
21.29564782391196 1.048858499836454e-36 
21.30765382691346 1.177866945698665e-36 
21.31965982991496 1.322745585208936e-36 
21.33166583291646 1.4854469894077e-36 
21.34367183591796 1.668163993937732e-36 
21.35567783891946 1.87335926752157e-36 
21.36768384192096 2.103798519776451e-36 
21.37968984492246 2.362587796356436e-36 
21.39169584792396 2.653215364563717e-36 
21.40370185092547 2.97959875451409e-36 
21.41570785392696 3.346137590511315e-36 
21.42771385692846 3.757772925420788e-36 
21.43971985992997 4.220053878589439e-36 
21.45172586293147 4.739212476420698e-36 
21.46373186593297 5.322247705411476e-36 
21.47573786893447 5.977019911786757e-36 
21.48774387193597 6.712356821505259e-36 
21.49974987493747 7.538172611241958e-36 
21.51175587793897 8.465601637097498e-36 
21.52376188094047 9.507148625618971e-36 
21.53576788394197 1.067685735391245e-35 
21.54777388694347 1.199050009518508e-35 
21.55977988994497 1.346579038634328e-35 
21.57178589294647 1.512262198907833e-35 
21.58379189594798 1.698333726944241e-35 
21.59579789894947 1.907302861803091e-35 
21.60780390195097 2.141987697890431e-35 
21.61980990495248 2.40555320563263e-35 
21.63181590795398 2.701553933103145e-35 
21.64382191095548 3.033981964966109e-35 
21.65582791395698 3.407320786075713e-35 
21.66783391695848 3.826605776786309e-35 
21.67983991995998 4.297492156561742e-35 
21.69184592296148 4.826331293032791e-35 
21.70385192596298 5.420256406596887e-35 
21.71585792896448 6.08727882751003e-35 
21.72786393196598 6.83639610490041e-35 
21.73986993496748 7.677713427161078e-35 
21.75187593796898 8.622579992916631e-35 
21.76388194097049 9.683742173634084e-35 
21.77588794397199 1.08755155356878e-34 
21.78789394697349 1.221397804435511e-34 
21.79989994997499 1.371718705825357e-34 
21.81190595297649 1.540542304399605e-34 
21.82391195597799 1.730146330167622e-34 
21.83591795897949 1.94308893970794e-34 
21.84792396198099 2.182243245171579e-34 
21.85992996498249 2.450836095304664e-34 
21.87193596798399 2.752491632152374e-34 
21.88394197098549 3.091280211604864e-34 
21.89594797398699 3.471773348389317e-34 
21.90795397698849 3.899105427479505e-34 
21.91995997999 4.379043015284463e-34 
21.9319659829915 4.918062706626004e-34 
21.943971985993 5.523438558807456e-34 
21.9559779889945 6.203340293571421e-34 
21.967983991996 6.96694359319168e-34 
21.9799899949975 7.824553980309467e-34 
21.991995997999 8.787745954614216e-34 
22.0040020010005 9.869519265563118e-34 
22.016008004002 1.108447443181751e-33 
22.0280140070035 1.244900987807474e-33 
22.040020010005 1.398154335200605e-33 
22.0520260130065 1.570276061201959e-33 
22.064032016008 1.763589474498629e-33 
22.07603801900951 1.980703988687372e-33 
22.088044022011 2.224550358402067e-33 
22.10005002501251 2.498420255483612e-33 
22.11205602801401 2.806010719807381e-33 
22.12406203101551 3.151474085244438e-33 
22.13606803401701 3.539474055208088e-33 
22.14807403701851 3.97524868532696e-33 
22.16008004002001 4.464681124112592e-33 
22.17208604302151 5.01437906731484e-33 
22.18409204602301 5.631763999399276e-33 
22.19609804902451 6.32517142782837e-33 
22.20810405202601 7.10396346437033e-33 
22.22011005502752 7.978655274503768e-33 
22.23211605802901 8.961057103388172e-33 
22.24412206103052 1.00644337973625e-32 
22.25612806403202 1.130368397636273e-32 
22.26813406703352 1.269554127820961e-32 
22.28014007003502 1.425880039399998e-32 
22.29214607303652 1.60145709488716e-32 
22.30415207603802 1.798656265873074e-32 
22.31615807903952 2.020140561622243e-32 
22.32816408204102 2.268901003399801e-32 
22.34017008504252 2.548297030661372e-32 
22.35217608804402 2.862101885138566e-32 
22.36418209104552 3.214553586132951e-32 
22.37618809404702 3.6104121859024e-32 
22.38819409704853 4.055024078907198e-32 
22.40020010005003 4.554394234026957e-32 
22.41220610305152 5.115267325952168e-32 
22.42421210605303 5.745218862244278e-32 
22.43621810905453 6.45275753767175e-32 
22.44822411205603 7.247440199193719e-32 
22.46023011505753 8.140000975429477e-32 
22.47223611805903 9.142496315926287e-32 
22.48424212106053 1.026846790060879e-31 
22.49624812406203 1.153312562136891e-31 
22.50825412706353 1.295355310910215e-31 
22.52026013006503 1.454893858428405e-31 
22.53226613306653 1.634083415153045e-31 
22.54427213606803 1.835344704312705e-31 
22.55627813906953 2.061396674844755e-31 
22.56828414207104 2.315293245134656e-31 
22.58029014507254 2.600464574257459e-31 
22.59229614807404 2.920763418638812e-31 
22.60430215107554 3.280517200809512e-31 
22.61630815407704 3.684586494158605e-31 
22.62831415707854 4.13843071433955e-31 
22.64032016008004 4.648181905425348e-31 
22.65232616308154 5.220727618359719e-31 
22.66433216608304 5.863804002192543e-31 
22.67633816908454 6.586100366681873e-31 
22.68834417208604 7.397376629959475e-31 
22.70035017508754 8.308595239190119e-31 
22.71235617808905 9.332069347863439e-31 
22.72436218109054 1.048162925318812e-30 
22.73636818409205 1.177280934398501e-30 
22.74837418709355 1.322305808683852e-30 
22.76038019009505 1.485197388981594e-30 
22.77238619309655 1.66815700330168e-30 
22.78439219609805 1.873657224830207e-30 
22.79639819909955 2.104475297209441e-30 
22.80840420210105 2.363730679110725e-30 
22.82041020510255 2.654927215796279e-30 
22.83241620810405 2.982000507943245e-30 
22.84442221110555 3.349371118294369e-30 
22.85642821410705 3.762004335655333e-30 
22.86843421710855 4.225477304447107e-30 
22.88044022011006 4.746054427642596e-30 
22.89244622311156 5.330772062818016e-30 
22.90445222611306 5.987533656744844e-30 
22.91645822911456 6.725216605138198e-30 
22.92846423211606 7.553792282772598e-30 
22.94047023511756 8.484460867321602e-30 
22.95247623811906 9.529802780384363e-30 
22.96448224112056 1.070394879393687e-29 
22.97648824412206 1.202277110292988e-29 
22.98849424712356 1.350409794836541e-29 
23.00050025012506 1.51679546937565e-29 
23.01250625312656 1.703683461572122e-29 
23.02451225612806 1.91360030714236e-29 
23.03651825912956 2.149383915709e-29 
23.04852426213106 2.414221947900936e-29 
23.06053026513257 2.711694922813192e-29 
23.07253626813407 3.045824638932293e-29 
23.08454227113557 3.421128563516507e-29 
23.09654827413707 3.842680926166181e-29 
23.10855427713857 4.316181343020265e-29 
23.12056028014007 4.848031899898104e-29 
23.13256628314157 5.445423737149613e-29 
23.14457228614307 6.116434307530707e-29 
23.15657828914457 6.870136622823891e-29 
23.16858429214607 7.716721967130621e-29 
23.18059029514757 8.667637736967448e-29 
23.19259629814907 9.735742272967879e-29 
23.20460230115058 1.093547877789628e-28 
23.21660830415207 1.228307067393046e-28 
23.22861430715358 1.379674104226076e-28 
23.24062031015508 1.54969591139119e-28 
23.25262631315658 1.740671714672927e-28 
23.26463231615808 1.955184143463826e-28 
23.27663831915958 2.19613416571486e-28 
23.28864432216108 2.466780329588559e-28 
23.30065032516258 2.770782842771065e-28 
23.31265632816408 3.112253085862996e-28 
23.32466233116558 3.495809229804599e-28 
23.33666833416708 3.926638709893162e-28 
23.34867433716859 4.410568401738579e-28 
23.36068034017008 4.954143448731803e-28 
23.37268634317159 5.564715807681805e-28 
23.38469234617309 6.250543710794322e-28 
23.39669834917459 7.020903389900219e-28 
23.40870435217609 7.886214574792755e-28 
23.42071035517759 8.858181463947546e-28 
23.43271635817909 9.949951075300204e-28 
23.44472236118059 1.117629111997903e-27 
23.45672836418209 1.255378980611787e-27 
23.46873436718359 1.410108027668448e-27 
23.48074037018509 1.583909271866992e-27 
23.49274637318659 1.779133755550906e-27 
23.50475237618809 1.99842235553102e-27 
23.5167583791896 2.244741516005971e-27 
23.5287643821911 2.521423387183252e-27 
23.5407703851926 2.83221091283685e-27 
23.5527763881941 3.181308477024134e-27 
23.5647823911956 3.573438795431979e-27 
23.5767883941971 4.01390682134877e-27 
23.5887943971986 4.508671531209397e-27 
23.6008004002001 5.064426561320058e-27 
23.6128064032016 5.688690787182804e-27 
23.6248124062031 6.389910071428306e-27 
23.6368184092046 7.177571557551768e-27 
23.6488244122061 8.062332056477994e-27 
23.6608304152076 9.056162263756955e-27 
23.6728364182091 1.017250875949381e-26 
23.6848424212106 1.142647598384885e-26 
23.69684842421211 1.283503065136275e-26 
23.70885442721361 1.441723137113268e-26 
23.72086043021511 1.619448658109749e-26 
23.73286643321661 1.819084428800769e-26 
23.74487243621811 2.043331753524604e-26 
23.75687843921961 2.295225000436049e-26 
23.76888444222111 2.578172669952092e-26 
23.78089044522261 2.896003527447268e-26 
23.79289644822411 3.253018424719869e-26 
23.80490245122561 3.654048511770234e-26 
23.81690845422711 4.104520626951478e-26 
23.82891445722861 4.610530750742929e-26 
23.84092046023012 5.178926517573384e-26 
23.85292646323161 5.817399902763351e-26 
23.86493246623312 6.534591339423946e-26 
23.87693846923462 7.340206674910286e-26 
23.88894447223612 8.245148550275272e-26 
23.90095047523762 9.261663981459804e-26 
23.91295647823912 1.040351014033246e-25 
23.92496248124062 1.168614058012649e-25 
23.93696848424212 1.312691442665234e-25 
23.94897448724362 1.47453313676385e-25 
23.96098049024512 1.65632956218845e-25 
23.97298649324662 1.860541246232785e-25 
23.98499249624813 2.089932130794747e-25 
23.99699849924962 2.347606989461806e-25 
24.00900450225113 2.637053459130261e-25 
24.02101050525263 2.9621892552855e-25 
24.03301650825413 3.327415210266723e-25 
24.04502251125563 3.737674852694266e-25 
24.05702851425713 4.198521334818861e-25 
24.06903451725863 4.716192614059618e-25 
24.08104052026013 5.297695906779135e-25 
24.09304652326163 5.950902557913847e-25 
24.10505252626313 6.684654611136481e-25 
24.11705852926463 7.508884522685868e-25 
24.12906453226613 8.434749640003806e-25 
24.14107053526763 9.474783266280208e-25 
24.15307653826913 1.064306435663513e-24 
24.16508254127064 1.195540814400202e-24 
24.17708854427213 1.342958027623903e-24 
24.18909454727364 1.508553736442356e-24 
24.20110055027514 1.694569719999422e-24 
24.21310655327664 1.903524230023755e-24 
24.22511255627814 2.138246089302001e-24 
24.23711855927964 2.401912995875148e-24 
24.24912456228114 2.69809455172059e-24 
24.26113056528264 3.03080059867334e-24 
24.27313656828414 3.404535516224536e-24 
24.28514257128564 3.824359216587793e-24 
24.29714857428714 4.29595566313793e-24 
24.30915457728864 4.825709840231168e-24 
24.32116058029014 5.420794216891544e-24 
24.33316658329165 6.089265875445843e-24 
24.34517258629315 6.840175620651066e-24 
24.35717858929465 7.683690547141465e-24 
24.36918459229615 8.631231725324939e-24 
24.38119059529765 9.69562887065118e-24 
24.39319659829915 1.089129409123065e-23 
24.40520260130065 1.22344170672214e-23 
24.41720860430215 1.374318430572113e-23 
24.42921460730365 1.543802544103817e-23 
24.44122061030515 1.734188991658607e-23 
24.45322661330665 1.948055779621591e-23 
24.46523261630815 2.188298891514471e-23 
24.47723861930966 2.458171510002157e-23 
24.48924462231115 2.761328077113281e-23 
24.50125062531266 3.101873789518871e-23 
24.51325662831416 3.484420199343839e-23 
24.52526263131566 3.914147673700182e-23 
24.53726863431716 4.396875559049797e-23 
24.54927463731866 4.939141000887342e-23 
24.56128064032016 5.548287486494327e-23 
24.57328664332166 6.232564310243113e-23 
24.58529264632316 7.001238308908936e-23 
24.59729864932466 7.864719380684538e-23 
24.60930465232616 8.834701488337816e-23 
24.62131065532767 9.924321056739047e-23 
24.63331665832916 1.114833491065282e-22 
24.64532266133067 1.252332016343489e-22 
24.65732866433217 1.40678987646828e-22 
24.66933466733367 1.580298974899168e-22 
24.68134067033517 1.775209260329048e-22 
24.69334667333667 1.994160559186518e-22 
24.70535267633817 2.24011833518278e-22 
24.71735867933967 2.516413860388182e-22 
24.72936468234117 2.826789342097688e-22 
24.74137068534267 3.175448616893834e-22 
24.75337668834417 3.567114098750085e-22 
24.76538269134567 4.007090752759119e-22 
24.77738869434717 4.501337961267996e-22 
24.78939469734867 5.056550256145419e-22 
24.80140070035018 5.680248011044681e-22 
24.81340670335167 6.380879322487656e-22 
24.82541270635318 7.167934460209332e-22 
24.83741870935468 8.052074437523546e-22 
24.84942471235618 9.045275443807311e-22 
24.86143071535768 1.016099109614628e-21 
24.87343671835918 1.141433470865081e-21 
24.88544272136068 1.282228404921319e-21 
24.89744872436218 1.44039113582084e-21 
24.90945472736368 1.618064174597337e-21 
24.92146073036518 1.817654347047262e-21 
24.93346673336668 2.041865402858418e-21 
24.94547273636818 2.293734647977326e-21 
24.95747873936968 2.576674096614178e-21 
24.96948474237119 2.894516700533773e-21 
24.98149074537269 3.251568282088209e-21 
24.99349674837419 3.652665874744882e-21 
25.00550275137569 4.10324326169913e-21 
25.01750875437719 4.609404600711755e-21 
25.02951475737869 5.17800713289979e-21 
25.04152076038019 5.816754096319715e-21 
25.05352676338169 6.534299103484509e-21 
25.06553276638319 7.340363397324162e-21 
25.07753876938469 8.24586757463936e-21 
25.08954477238619 9.263079562176138e-21 
25.10155077538769 1.040578085072277e-20 
25.1135567783892 1.168945324008525e-20 
25.12556278139069 1.313148862578853e-20 
25.1375687843922 1.475142467064504e-20 
25.1495747873937 1.657120955516415e-20 
25.1615807903952 1.861549939490047e-20 
25.1735867933967 2.091199235559915e-20 
25.1855927963982 2.349180399439331e-20 
25.1975987993997 2.638988891408573e-20 
25.2096048024012 2.96455144452785e-20 
25.2216108054027 3.330279277630947e-20 
25.2336168084042 3.741127874317337e-20 
25.2456228114057 4.202664138158714e-20 
25.25762881440721 4.721141834316876e-20 
25.2696348174087 5.303586340088923e-20 
25.28164082041021 5.957889853075665e-20 
25.29364682341171 6.692918347420316e-20 
25.30565282641321 7.518631727808727e-20 
25.31765882941471 8.446218809818494e-20 
25.32966483241621 9.488248956177343e-20 
25.34167083541771 1.065884242426597e-19 
25.35367683841921 1.197386173383773e-19 
25.36568284142071 1.345112664886582e-19 
25.37768884442221 1.511065568753095e-19 
25.38969484742371 1.697493743396841e-19 
25.40170085042521 1.906923532937855e-19 
25.41370685342671 2.142193007394569e-19 
25.42571285642821 2.406490428086061e-19 
25.43771885942972 2.703397459651332e-19 
25.44972486243121 3.036937714438092e-19 
25.46173086543272 3.411631287300491e-19 
25.47373686843422 3.832556020053252e-19 
25.48574287143572 4.305416326059879e-19 
25.49774887443722 4.836620507921945e-19 
25.50975487743872 5.433367616374333e-19 
25.52176088044022 6.10374502783903e-19 
25.53376688344172 6.856838063401115e-19 
25.54577288644322 7.702853135215455e-19 
25.55777888944472 8.653256089744415e-19 
25.56978489244622 9.72092762325227e-19 
25.58179089544772 1.092033787643457e-18 
25.59379689844922 1.226774257507834e-18 
25.60580290145073 1.378140337575766e-18 
25.61780890445223 1.548183540372924e-18 
25.62981490745373 1.739208533885397e-18 
25.64182091045523 1.953804381953156e-18 
25.65382691345673 2.1948796399912e-18 
25.66583291645823 2.465701781834923e-18 
25.67783891945973 2.769941492227553e-18 
25.68984492246123 3.111722425436312e-18 
25.70185092546273 3.495677104594674e-18 
25.71385692846423 3.927009719625768e-18 
25.72586293146573 4.411566675135399e-18 
25.73786893446723 4.955915844740847e-18 
25.74987493746874 5.567435606348196e-18 
25.76188094047023 6.254414865507393e-18 
25.77388694347174 7.026165422958596e-18 
25.78589294647324 7.89314820985616e-18 
25.79789894947474 8.867115102187305e-18 
25.80990495247624 9.961268237140939e-18 
25.82191095547774 1.119043899149278e-17 
25.83391695847924 1.257128904867399e-17 
25.84592296148074 1.412253628069718e-17 
25.85792896448224 1.58652085075874e-17 
25.86993496748374 1.782292857496989e-17 
25.88194097048524 2.002223461512621e-17 
25.89394697348675 2.249293983390569e-17 
25.90595297648824 2.5268536701839e-17 
25.91795897948974 2.838665102991332e-17 
25.92996498249125 3.188955208690017e-17 
25.94197098549274 3.582472567504974e-17 
25.95397698849425 4.024551793468652e-17 
25.96598299149575 4.521185860733628e-17 
25.97798899449725 5.079107356449344e-17 
25.98999499749875 5.70587976196096e-17 
26.00200100050025 6.410000000076838e-17 
26.01400700350175 7.201013638924853e-17 
26.02601300650325 8.089644314548709e-17 
26.03801900950475 9.087939127211367e-17 
26.05002501250625 1.02094319829885e-16 
26.06203101550775 1.146932709558854e-16 
26.07403701850926 1.28847051367275e-16 
26.08604302151075 1.447475483052464e-16 
26.09804902451226 1.626103313243425e-16 
26.11005502751376 1.826775752086946e-16 
26.12206103051526 2.052213436516326e-16 
26.13406703351676 2.305472782275662e-16 
26.14607303651826 2.589987426813842e-16 
26.15807903951976 2.909614787354262e-16 
26.17008504252126 3.268688365510859e-16 
26.18209104552276 3.672076507753997e-16 
26.19409704852426 4.125248418582589e-16 
26.20610305152576 4.634348321619059e-16 
26.21810905452726 5.206278774345478e-16 
26.23011505752876 5.848794266341141e-16 
26.24212106053027 6.570606370347873e-16 
26.25412706353177 7.381501872171034e-16 
26.26613306653327 8.29247548144672e-16 
26.27813906953477 9.315878923056564e-16 
26.29014507253627 1.046558843113301e-15 
26.30215107553777 1.175719291718339e-15 
26.31415707853927 1.320820536425595e-15 
26.32616308154077 1.483830031407801e-15 
26.33816908454227 1.666958066798956e-15 
26.35017508754377 1.87268774200732e-15 
26.36218109054527 2.103808638753853e-15 
26.37418709354677 2.36345465052121e-15 
26.38619309654828 2.655146481472152e-15 
26.39819909954977 2.982839391228916e-15 
26.41020510255128 3.350976833055945e-15 
26.42221110555278 3.764550712922378e-15 
26.43421710855428 4.229169086722294e-15 
26.44622311155578 4.751132213817857e-15 
26.45822911455728 5.337517998411853e-15 
26.47023511755878 5.996277977589023e-15 
26.48224112056028 6.736345157917412e-15 
26.49424712356178 7.567755163212115e-15 
26.50625312656328 8.501782336614385e-15 
26.51825912956478 9.551092642978239e-15 
26.53026513256628 1.072991544543614e-14 
26.54227113556778 1.205423648602608e-14 
26.55427713856928 1.354201468787745e-14 
26.56628314157079 1.521342571957429e-14 
26.57828914457228 1.709113562532449e-14 
26.59029514757379 1.920060823238772e-14 
26.60230115057529 2.157045050538458e-14 
26.61430715357679 2.423280053184123e-14 
26.62631315657829 2.722376340159902e-14 
26.63831915957979 3.058390089238366e-14 
26.65032516258129 3.435878160369529e-14 
26.66233116558279 3.859959900115143e-14 
26.67433716858429 4.336386575461309e-14 
26.68634317158579 4.871619378834672e-14 
26.69834917458729 5.472917062416235e-14 
26.7103551775888 6.148434390469292e-14 
26.72236118059029 6.907332745146391e-14 
26.7343671835918 7.759904386105272e-14 
26.7463731865933 8.717712049482176e-14 
26.7583791895948 9.793745779855485e-14 
26.7703851925963 1.100259912260624e-13 
26.7823911955978 1.236066706671648e-13 
26.7943971985993 1.388636842310448e-13 
26.8064032016008 1.560039565508054e-13 
26.8184092046023 1.752599554991624e-13 
26.8304152076038 1.968928453890478e-13 
26.8424212106053 2.211960294332837e-13 
26.8544272136068 2.4849912951816e-13 
26.8664332166083 2.791724572783672e-13 
26.87843921960981 3.136320371257828e-13 
26.89044522261131 3.523452493725131e-13 
26.90245122561281 3.958371700009454e-13 
26.91445722861431 4.446976930844957e-13 
26.92646323161581 4.995895324804823e-13 
26.93846923461731 5.612572113451541e-13 
26.95047523761881 6.305371614222179e-13 
26.96248124062031 7.083690691120485e-13 
26.97448724362181 7.958086222434143e-13 
26.98649324662331 8.940418304724946e-13 
26.99849924962481 1.004401113583049e-12 
27.01050525262631 1.128383375946457e-12 
27.02251125562782 1.267670312346451e-12 
27.03451725862931 1.424151220646255e-12 
27.04652326163082 1.59994863078637e-12 
27.05852926463232 1.797447097810706e-12 
27.07053526763382 2.019325549545825e-12 
27.08254127063532 2.268593627784908e-12 
27.09454727363682 2.548632516009271e-12 
27.10655327663832 2.863240807550891e-12 
27.11855927963982 3.216686036485349e-12 
27.13056528264132 3.613762570373856e-12 
27.14257128564282 4.059856650287986e-12 
27.15457728864432 4.561019460522611e-12 
27.16658329164582 5.124049219347077e-12 
27.17858929464732 5.756583404540197e-12 
27.19059529764882 6.46720236496185e-12 
27.20260130065033 7.265545723898705e-12 
27.21460730365182 8.162443153480194e-12 
27.22661330665333 9.17006129444801e-12 
27.23861930965483 1.030206881462441e-11 
27.25062531265633 1.157382184553344e-11 
27.26263131565783 1.300257231312481e-11 
27.27463731865933 1.460770198918404e-11 
27.28664332166083 1.641098543900004e-11 
27.29864932466233 1.843688543293801e-11 
27.31065532766383 2.071288483005132e-11 
27.32266133066533 2.326985943673888e-11 
27.33466733366683 2.614249689942875e-11 
27.34667333666833 2.936976731488949e-11 
27.35867933966983 3.299545194351313e-11 
27.37068534267134 3.706873719930164e-11 
27.38269134567284 4.164488197601833e-11 
27.39469734867434 4.678596736405856e-11 
27.40670335167584 5.256173893055203e-11 
27.41870935467734 5.90505529912033e-11 
27.43071535767884 6.634043971345133e-11 
27.44272136068034 7.453029747583261e-11 
27.45472736368184 8.37312346894768e-11 
27.46673336668334 9.406807728861926e-11 
27.47873936968484 1.056810623450352e-10 
27.49074537268634 1.187277407868897e-10 
27.50275137568784 1.33385115039935e-10 
27.51475737868935 1.498520405967673e-10 
27.52676338169085 1.683519241012529e-10 
27.53876938469235 1.891357545588347e-10 
27.55077538769385 2.124855088038515e-10 
27.56278139069535 2.3871797743358e-10 
27.57478739369685 2.681890631243651e-10 
27.58679339669835 3.012986096553734e-10 
27.59879939969985 3.384958271671743e-10 
27.61080540270135 3.802853872732524e-10 
27.62281140570285 4.27234270732501e-10 
27.63481740870435 4.799794606030755e-10 
27.64682341170585 5.392365852713164e-10 
27.65882941470735 6.05809628639468e-10 
27.67083541770885 6.806018392375668e-10 
27.68284142071035 7.646279862946857e-10 
27.69484742371186 8.590281290834932e-10 
27.70685342671336 9.65083086387894e-10 
27.71885942971486 1.084231816015065e-09 
27.73086543271636 1.21809094019358e-09 
27.74287143571786 1.368476681820334e-09 
27.75487743871936 1.537429509235859e-09 
27.76688344172086 1.727241823964318e-09 
27.77888944472236 1.940489067149935e-09 
27.79089544772386 2.180064666816238e-09 
27.80290145072536 2.449219300197913e-09 
27.81490745372686 2.751605003954769e-09 
27.82691345672836 3.091324730868e-09 
27.83891945972987 3.472988025533513e-09 
27.85092546273136 3.901773574608809e-09 
27.86293146573287 4.383499480465686e-09 
27.87493746873437 4.924702211917212e-09 
27.88694347173587 5.53272530344653e-09 
27.89894947473737 6.215819006665317e-09 
27.91095547773887 6.983252246366833e-09 
27.92296148074037 7.845438400529699e-09 
27.93496748374187 8.814076611240442e-09 
27.94697348674337 9.902310544281628e-09 
27.95897948974487 1.112490675193902e-08 
27.97098549274637 1.249845505962953e-08 
27.98299149574787 1.404159369585302e-08 
27.99499749874937 1.577526222078174e-08 
28.00700350175088 1.772298568607951e-08 
28.01900950475238 1.991119388240956e-08 
28.03101550775388 2.23695800072973e-08 
28.04302151075538 2.513150362102726e-08 
28.05502751375688 2.823444335933208e-08 
28.06703351675838 3.172050554693542e-08 
28.07903951975988 3.563699561470479e-08 
28.09104552276138 4.003706007555348e-08 
28.10305152576288 4.498040777187136e-08 
28.11505752876438 5.053412018316152e-08 
28.12706353176588 5.677356179131559e-08 
28.13906953476738 6.378340285898393e-08 
28.15107553776889 7.165876850221737e-08 
28.16308154077038 8.050652965268779e-08 
28.17508754377189 9.044675343059835e-08 
28.18709354677339 1.016143326130133e-07 
28.19909954977489 1.141608163131375e-07 
28.21110555277639 1.282564667170537e-07 
28.22311155577789 1.440925697926488e-07 
28.23511755877939 1.618840313325767e-07 
28.24712356178089 1.818722935659021e-07 
28.25912956478239 2.043286119241222e-07 
28.27113556778389 2.295577364356203e-07 
28.28314157078539 2.579020477146344e-07 
28.29514757378689 2.897462036810563e-07 
28.30715357678839 3.255223600795876e-07 
28.31915957978989 3.657160356550413e-07 
28.3311655827914 4.108727015906337e-07 
28.34317158579289 4.616051846467137e-07 
28.3551775887944 5.18601984481982e-07 
28.3671835917959 5.826366180477722e-07 
28.3791895947974 6.54578117886845e-07 
28.3911955977989 7.354028268306023e-07 
28.4032016008004 8.262076491853029e-07 
28.4152076038019 9.282249382675696e-07 
28.4272136068034 1.042839222360625e-06 
28.4392196098049 1.171605996116761e-06 
28.4512256128064 1.316272832467268e-06 
28.4632316158079 1.478803101599014e-06 
28.47523761880941 1.661402618944627e-06 
28.4872436218109 1.866549583891166e-06 
28.49924962481241 2.097028215580007e-06 
28.51125562781391 2.355966542354679e-06 
28.52326163081541 2.646878857794943e-06 
28.53526763381691 2.973713419619694e-06 
28.54727363681841 3.340906038908369e-06 
28.55927963981991 3.753440287046385e-06 
28.57128564282141 4.216915137630156e-06 
28.58329164582291 4.737620961490966e-06 
28.59529764882441 5.322624906384293e-06 
28.60730365182591 5.979866820281461e-06 
28.61930965482741 6.71826702032298e-06 
28.63131565782891 7.547847370290582e-06 
28.64332166083042 8.479867310110659e-06 
28.65532766383192 9.526976683867815e-06 
28.66733366683342 1.070338744083916e-05 
28.67933966983492 1.202506654025317e-05 
28.69134567283642 1.350995267830944e-05 
28.70335167583792 1.517819977937466e-05 
28.71535767883942 1.705245055658643e-05 
28.72736368184092 1.915814385528089e-05 
28.73936968484242 2.152385995125535e-05 
28.75137568784392 2.418170849110836e-05 
28.76338169084542 2.716776434076024e-05 
28.77538769384692 3.052255725860833e-05 
28.78739369684843 3.429162204043868e-05 
28.79939969984992 3.852611660412129e-05 
28.81140570285143 4.328351640440342e-05 
28.82341170585293 4.862839460430402e-05 
28.83541770885443 5.4633298593772e-05 
28.84742371185593 6.137973475420315e-05 
28.85942971485743 6.895927483687483e-05 
28.87143571785893 7.747479897429982e-05 
28.88344172086043 8.704189219833807e-05 
28.89544772386193 9.779041342281474e-05 
28.90745372686343 0.0001098662581896709 
28.91945972986493 0.0001234333391080997 
28.93146573286643 0.0001386758108714134 
28.94347173586793 0.0001558005700566586 
28.95547773886943 0.0001750400636423363 
28.96748374187094 0.0001966554443706213 
28.97948974487243 0.0002209401157891224 
28.99149574787394 0.0002482237150974031 
29.00350175087544 0.0002788765878670054 
29.01550775387694 0.0003133148153813 
29.02751375687844 0.0003520058628437542 
29.03951975987994 0.0003954749251320496 
29.05152576288144 0.0004443120562453002 
29.06353176588294 0.0004991801792310124 
29.07553776888444 0.0005608240853318236 
29.08754377188594 0.0006300805445217391 
29.09954977488744 0.0007078896646899149 
29.11155577788895 0.0007953076536818193 
29.12356178089044 0.0008935211574530348 
29.13556778389195 0.001003863368988597 
29.14757378689345 0.001127832126681111 
29.15957978989495 0.00126711024787035 
29.17158579289645 0.001423588373592348 
29.18359179589795 0.001599390634679069 
29.19559779889945 0.001796903487653579 
29.20760380190095 0.002018808111900204 
29.21960980490245 0.002268116807938756 
29.23161580790395 0.002548213890953038 
29.24362181090545 0.002862901634753954 
29.25562781390695 0.003216451889925338 
29.26763381690845 0.003613664076936991 
29.27963981990996 0.004059930341560359 
29.29164582291146 0.004561308757162921 
29.30365182591296 0.005124605567707949 
29.31565782891446 0.005757467588030213 
29.32766383191596 0.006468486015861931 
29.33966983491746 0.007267313065019349 
29.35167583791896 0.008164793003232151 
29.36368184092046 0.009173109373669254 
29.37568784392196 0.0103059503989406 
29.38769384692346 0.01157869481321864 
29.39969984992496 0.01300862064547758 
29.41170585292646 0.01461513978845809 
29.42371185592796 0.01642006153806241 
29.43571785892946 0.0184478886812214 
29.44772386193096 0.02072615015219364 
29.45972986493247 0.02328577477375562 
29.47173586793397 0.02616151115756469 
29.48374187093547 0.02939239946469491 
29.49574787393697 0.03302230143147174 
29.50775387693847 0.03710049585682342 
29.51975987993997 0.04168234763616827 
29.53176588294147 0.04683005942543424 
29.54377188594297 0.05261351614072061 
29.55577788894447 0.05911123375959387 
29.56778389194597 0.06641142530617597 
29.57978989494747 0.07461319849326313 
29.59179589794897 0.08382790128230976 
29.60380190095048 0.09418063363049925 
29.61580790395197 0.10581194595057 
29.62781390695348 0.1188797473442115 
29.63981990995498 0.1335614495181147 
29.65182591295648 0.1500563754918258 
29.66383191595798 0.1685884658018702 
29.67583791895948 0.1894093189459981 
29.68784392196098 0.2128016073497028 
29.69984992496248 0.23908291523601 
29.71185592796398 0.2686100505081545 
29.72386193096548 0.3017838891909434 
29.73586793396698 0.3390548182077505 
29.74787393696849 0.3809288503943722 
29.75987993996998 0.4279744947787338 
29.77188594297149 0.4808304754106005 
29.78389194597299 0.5402144035472739 
29.79589794897449 0.6069325209461993 
29.80790395197599 0.6818906465592486 
29.81990995497749 0.7661064752636608 
29.83191595797899 0.860723395623113 
29.84392196098049 0.9670260142984383 
29.85592796398199 1.086457597901183 
29.86793396698349 1.220639669119204 
29.87993996998499 1.371394023195338 
29.89194597298649 1.540767463705143 
29.90395197598799 1.731059593503935 
29.9159579789895 1.944854038198444 
29.927963981991 2.185053526107473 
29.9399699849925 2.454919301042111 
29.951975987994 2.758115403070252 
29.9639819909955 3.098758418531439 
29.975987993997 3.481473374833928 
29.9879939969985 3.911456539004907 
30 4.394545972709953 
