6 0
6.012006003001501 6.503266000602166e-88
6.024012006003002 1.746486578702995e-87
6.036018009004502 4.01323514262148e-87
6.048024012006003 8.906613988137451e-87
6.060030015007504 1.949088298968152e-86
6.072036018009005 4.223206148620303e-86
6.084042021010506 9.068492574755384e-86
6.096048024012006 1.930260982383861e-85
6.108054027013507 4.073165669254987e-85
6.120060030015008 8.521531019175916e-85
6.132066033016509 1.767682471849599e-84
6.144072036018009 3.635990629491591e-84
6.156078039019509 7.416578848263926e-84
6.16808404202101 1.500296561601272e-83
6.180090045022511 3.010047206955133e-83
6.192096048024012 5.989934221569654e-83
6.204102051025512 1.182368896830467e-82
6.216108054027013 2.315237571756656e-82
6.228114057028514 4.497580521952501e-82
6.240120060030015 8.668263894046789e-82
6.252126063031516 1.657615612054629e-81
6.264132066033016 3.145303494897372e-81
6.276138069034517 5.922384065059939e-81
6.288144072036018 1.10665912893348e-80
6.300150075037519 2.052306546863957e-80
6.31215607803902 3.777540773652512e-80
6.32416208104052 6.901475064263689e-80
6.336168084042021 1.251605682055091e-79
6.348174087043522 2.253267341992866e-79
6.360180090045023 4.027207508580354e-79
6.372186093046524 7.146075856581064e-79
6.384192096048024 1.259011059285019e-78
6.396198099049525 2.202497878759825e-78
6.408204102051026 3.826052685047492e-78
6.420210105052527 6.600260699316771e-78
6.432216108054027 1.130761137091716e-77
6.444222111055527 1.923999622867304e-77
6.456228114057028 3.2515305649852e-77
6.468234117058529 5.458126722347168e-77
6.48024012006003 9.101148717706802e-77
6.49224612306153 1.507541510005517e-76
6.504252126063031 2.480768337575156e-76
6.516258129064532 4.055740299184098e-76
6.528264132066033 6.587853604200685e-76
6.540270135067534 1.063237378580436e-75
6.552276138069034 1.705106038546565e-75
6.564282141070535 2.717249510942557e-75
6.576288144072036 4.303149874706258e-75
6.588294147073537 6.772419538315463e-75
6.600300150075038 1.05930985512376e-74
6.612306153076538 1.646815873743802e-74
6.624312156078039 2.544666035199928e-74
6.63631815907954 3.90841660896426e-74
6.648324162081041 5.96726817365109e-74
6.660330165082541 9.056804619979013e-74
6.672336168084042 1.366529518327886e-73
6.684342171085543 2.049874145292512e-73
6.696348174087044 3.057164982051463e-73
6.708354177088545 4.53328619739694e-73
6.720360180090045 6.68388265316115e-73
6.732366183091546 9.799061747707483e-73
6.744372186093047 1.428560053890179e-72
6.756378189094547 2.071042054014806e-72
6.768384192096048 2.985888363777087e-72
6.780390195097548 4.281244383355321e-72
6.792396198099049 6.105139502638443e-72
6.80440220110055 8.658992134181677e-72
6.816408204102051 1.221524215230756e-71
6.828414207103552 1.714021803682914e-71
6.840420210105052 2.392359335366842e-71
6.852426213106553 3.321607473867314e-71
6.864432216108054 4.587729340627608e-71
6.876438219109555 6.303624515658886e-71
6.888444222111056 8.616703879450364e-71
6.900450225112556 1.171831661840329e-70
6.912456228114057 1.585539920188326e-70
6.924462231115558 2.134476670157932e-70
6.936468234117059 2.859051790947107e-70
6.948474237118559 3.810507521556991e-70
6.96048024012006 5.053442539750423e-70
6.972486243121561 6.66881649390699e-70
6.984492246123062 8.757497908634707e-70
6.996498249124563 1.144441926901736e-69
7.008504252126063 1.488340173616299e-69
7.020510255127563 1.926270773372351e-69
7.032516258129064 2.481137189246339e-69
7.044522261130565 3.180634883549373e-69
7.056528264132066 4.058049931082756e-69
7.068534267133566 5.153141353380256e-69
7.080540270135067 6.513104166172772e-69
7.092546273136568 8.193606557068336e-69
7.104552276138069 1.025989031990729e-68
7.11655827913957 1.278791865453186e-68
7.12856428214107 1.586554971425564e-68
7.140570285142571 1.959370790174458e-68
7.152576288144072 2.408751797371271e-68
7.164582291145573 2.947735965814668e-68
7.176588294147074 3.590979291178179e-68
7.188594297148574 4.354829639779394e-68
7.200600300150075 5.257375455187926e-68
7.212606303151576 6.318462208534614e-68
7.224612306153077 7.559668935479618e-68
7.236618309154577 9.004236815704248e-68
7.248624312156078 1.067694156572176e-67
7.260630315157579 1.260390148214462e-67
7.27263631815908 1.481231333741511e-67
7.284642321160581 1.733010903975195e-67
7.296648324162081 2.018552706213202e-67
7.308654327163582 2.340659415362173e-67
7.320660330165083 2.702051479049161e-67
7.332666333166584 3.105296821026052e-67
7.344672336168085 3.552731568917045e-67
7.356678339169584 4.046372394269853e-67
7.368684342171085 4.587821410110514e-67
7.380690345172586 5.178164956228633e-67
7.392696348174087 5.817868006177722e-67
7.404702351175588 6.506666340433946e-67
7.416708354177088 7.243459033768953e-67
7.428714357178589 8.026204186276374e-67
7.44072036018009 8.851821169575845e-67
7.452726363181591 9.716102944942679e-67
7.464732366183092 1.061364222038084e-66
7.476738369184592 1.153777533134909e-66
7.488744372186093 1.248054773869916e-66
7.500750375187594 1.343270492271972e-66
7.512756378189095 1.43837122024244e-66
7.524762381190595 1.532180661664128e-66
7.536768384192096 1.623408346364716e-66
7.548774387193597 1.710661941105136e-66
7.560780390195098 1.792463326352187e-66
7.572786393196599 1.867268452523997e-66
7.584792396198099 1.933490883528994e-66
7.596798399199599 1.989528821120305e-66
7.6088044022011 2.033795283836676e-66
7.620810405202601 2.064750992484384e-66
7.632816408204102 2.080939394108248e-66
7.644822411205602 2.081023142221145e-66
7.656828414207103 2.063821247050293e-66
7.668834417208604 2.028346019921128e-66
7.680840420210105 1.97383886476762e-66
7.692846423211606 1.899803920960153e-66
7.704852426213106 1.806038538476357e-66
7.716858429214607 1.692659571635172e-66
7.728864432216108 1.560124513129563e-66
7.740870435217609 1.409246556920892e-66
7.75287643821911 1.241202776818911e-66
7.76488244122061 1.057534736257074e-66
7.776888444222111 8.601410018349061e-67
7.788894447223612 6.512612155210164e-67
7.800900450225113 4.334515838562396e-67
7.812906453226613 2.095518620401751e-67
7.824912456228114 -1.735585942499682e-68
7.836918459229615 -2.43996024280836e-67
7.848924462231116 -4.669553645098424e-67
7.860930465232617 -6.827445467646329e-67
7.872936468234117 -8.878645162175169e-67
7.884942471235618 -1.078876163946e-66
7.896948474237119 -1.252471795545406e-66
7.90895447723862 -1.405546766280575e-66
7.920960480240121 -1.535269576438354e-66
7.932966483241621 -1.639148693158504e-66
7.944972486243121 -1.715094384190673e-66
7.956978489244622 -1.761473915659951e-66
7.968984492246123 -1.777158579508418e-66
7.980990495247624 -1.761561174807825e-66
7.992996498249124 -1.714662767269094e-66
8.005002501250626 -1.637027788230618e-66
8.017008504252125 -1.529806802307903e-66
8.029014507253628 -1.394726564742378e-66
8.041020510255127 -1.234067297544296e-66
8.053026513256629 -1.050627429381425e-66
8.065032516258128 -8.476763591454332e-67
8.077038519259631 -6.288961084460137e-67
8.08904452226113 -3.983130153864011e-67
8.101050525262632 -1.602208827645936e-67
8.113056528264131 8.090277903856263e-68
8.125062531265632 3.204855872207681e-67
8.137068534267133 5.539522308914764e-67
8.149074537268634 7.768174634825536e-67
8.161080540270135 9.847780419011824e-67
8.173086543271635 1.173801523941623e-66
8.185092546273136 1.340209901024182e-66
8.197098549274637 1.480756159728786e-66
8.209104552276138 1.592692029561613e-66
8.221110555277638 1.673825381398311e-66
8.233116558279139 1.722565985375635e-66
8.24512256128064 1.73795861201128e-66
8.257128564282141 1.719702758607283e-66
8.269134567283642 1.668158596608509e-66
8.281140570285142 1.584339056309455e-66
8.293146573286643 1.469888284862661e-66
8.305152576288144 1.327047023840045e-66
8.317158579289645 1.158605745939903e-66
8.329164582291146 9.678466597357097e-67
8.341170585292646 7.584759303317211e-67
8.353176588294147 5.345476670705236e-67
8.365182591295648 3.003813927263839e-67
8.377188594297149 6.047482877769324e-68
8.389194597298649 -1.805860935796299e-67
8.40120060030015 -4.182180577784483e-67
8.413206603301651 -6.47930098831749e-67
8.425212606303152 -8.654103900781899e-67
8.437218609304653 -1.066608318013635e-66
8.449224612306153 -1.247810222173335e-66
8.461230615307654 -1.405707348874624e-66
8.473236618309155 -1.537454767566542e-66
8.485242621310656 -1.640720220979579e-66
8.497248624312157 -1.71372211929563e-66
8.509254627313657 -1.755256138040418e-66
8.521260630315158 -1.764710133231718e-66
8.533266633316659 -1.74206733947685e-66
8.54527263631816 -1.687898061525962e-66
8.55727863931966 -1.603340301945989e-66
8.569284642321161 -1.490069982321037e-66
8.58129064532266 -1.350261608574272e-66
8.593296648324163 -1.186540399177864e-66
8.605302651325662 -1.001927035469903e-66
8.617308654327164 -7.997763040837974e-67
8.629314657328663 -5.83710981450101e-67
8.641320660330166 -3.575523590560577e-67
8.653326663331665 -1.252488259718249e-67
8.665332666333168 1.091960869102926e-67
8.677338669334667 3.417948367858908e-67
8.689344672336169 5.686448752294721e-67
8.701350675337668 7.859943228768573e-67
8.713356678339169 9.903032146647986e-67
8.72536268134067 1.178299345013439e-66
8.737368684342171 1.347027883112504e-66
8.749374687343671 1.493894079197449e-66
8.761380690345172 1.616698539762119e-66
8.773386693346673 1.713664709496227e-66
8.785392696348174 1.783458356965791e-66
8.797398699349674 1.825199016479383e-66
8.809404702351175 1.838463487289014e-66
8.821410705352676 1.823281630657262e-66
8.833416708354177 1.780124833138e-66
8.845422711355678 1.709887618794881e-66
8.857428714357178 1.613862992546831e-66
8.869434717358679 1.493712180306053e-66
8.88144072036018 1.351429498379371e-66
8.893446723361681 1.189303134440434e-66
8.905452726363182 1.009872655304353e-66
8.917458729364682 8.158840731520065e-67
8.929464732366183 6.102433024448563e-67
8.941470735367684 3.959688255179743e-67
8.953476738369185 1.761443569201013e-67
8.965482741370685 -4.612774363257404e-68
8.977488744372186 -2.67771610793713e-67
8.989494747373687 -4.857809268345396e-67
9.001500750375188 -6.972593173992214e-67
9.013506753376689 -8.99457591898505e-67
9.025512756378189 -1.089807408067789e-66
9.03751875937969 -1.265951020025053e-66
9.049524762381191 -1.425766849813615e-66
9.061530765382692 -1.567390702428145e-66
9.073536768384193 -1.689232522348032e-66
9.085542771385693 -1.789988664416544e-66
9.097548774387194 -1.868649722446692e-66
9.109554777388695 -1.924504024288105e-66
9.121560780390196 -1.957136961507571e-66
9.133566783391696 -1.966426374732954e-66
9.145572786393197 -1.95253426166566e-66
9.157578789394698 -1.915895113503393e-66
9.169584792396197 -1.857201216920813e-66
9.1815907953977 -1.777385282837376e-66
9.193596798399199 -1.677600780108892e-66
9.205602801400701 -1.559200362260023e-66
9.2176088044022 -1.42371277878218e-66
9.229614807403703 -1.272818659794019e-66
9.241620810405202 -1.108325554497144e-66
9.253626813406704 -9.321425904238097e-67
9.265632816408203 -7.462551025537481e-67
9.277638819409706 -5.526995596026532e-67
9.289644822411205 -3.535390897861889e-67
9.301650825412706 -1.508398807744426e-67
9.313656828414207 5.335130100323264e-68
9.325662831415707 2.570282574614417e-67
9.337668834417208 4.582449898377572e-67
9.349674837418709 6.551336629764414e-67
9.36168084042021 8.459207840635398e-67
9.37368684342171 1.028941507985575e-66
9.385692846423211 1.202652011415484e-66
9.397698849424712 1.365639906220697e-66
9.409704852426213 1.516632689541299e-66
9.421710855427714 1.654504252659143e-66
9.433716858429214 1.778279493378067e-66
9.445722861430715 1.887137096921325e-66
9.457728864432216 1.980410568227417e-66
9.469734867433717 2.057587613941829e-66
9.481740870435218 2.118307985349101e-66
9.493746873436718 2.162359903995939e-66
9.505752876438219 2.18967519988293e-66
9.51775887943972 2.2003232979402e-66
9.529764882441221 2.194504192166754e-66
9.541770885442721 2.172540548440278e-66
9.553776888444222 2.134869076747033e-66
9.565782891445723 2.082031311605353e-66
9.577788894447224 2.014663935936617e-66
9.589794897448725 1.933488778753091e-66
9.601800900450225 1.839302610967511e-66
9.613806903451726 1.732966856564914e-66
9.625812906453227 1.615397328490256e-66
9.637818909454728 1.487554090073482e-66
9.649824912456229 1.350431533797024e-66
9.661830915457729 1.205048759869901e-66
9.67383691845923 1.052440327550759e-66
9.685842921460731 8.93647442595904e-67
9.697848924462232 7.297096347186005e-67
9.709854927463732 5.616569696429768e-67
9.721860930465233 3.905028313153466e-67
9.733866933466732 2.172373011825842e-67
9.745872936468235 4.282115323088728e-68
9.757878939469734 -1.318195242423142e-67
9.769884942471236 -3.057980763291065e-67
9.781890945472735 -4.782714014922561e-67
9.793896948474238 -6.484434526355627e-67
9.805902951475737 -8.155681334579765e-67
9.81790895447724 -9.78951609051608e-67
9.829914957478739 -1.137954053851661e-66
9.841920960480241 -1.291990863587622e-66
9.85392696348174 -1.44053336083573e-66
9.865932966483243 -1.583109026155347e-66
9.877938969484742 -1.719301288633476e-66
9.889944972486242 -1.848748910992377e-66
9.901950975487743 -1.971145005269898e-66
9.913956978489244 -2.086235715495091e-66
9.925962981490745 -2.193818603791953e-66
9.937968984492246 -2.293740775989765e-66
9.949974987493746 -2.385896782137572e-66
9.961980990495247 -2.4702263263529e-66
9.973986993496748 -2.546711819217525e-66
9.985992996498249 -2.615375804503952e-66
9.99799899949975 -2.676278290410553e-66
10.01000500250125 -2.729514013734768e-66
10.02201100550275 -2.775209663554789e-66
10.03401700850425 -2.813521089050678e-66
10.04602301150575 -2.84463051410398e-66
10.05802901450725 -2.868743779294833e-66
10.07003501750875 -2.886087629892948e-66
10.08204102051026 -2.896907066431829e-66
10.09404702351176 -2.901462772484185e-66
10.10605302651326 -2.900028632335897e-66
10.11805902951476 -2.892889349402656e-66
10.13006503251626 -2.880338174453485e-66
10.14207103551776 -2.862674751015818e-66
10.15407703851926 -2.840203083739411e-66
10.16608304152076 -2.813229634000305e-66
10.17808904452226 -2.782061545634514e-66
10.19009504752376 -2.747005002406894e-66
10.20210105052526 -2.708363717645355e-66
10.21410705352676 -2.666437555404013e-66
10.22611305652826 -2.621521281560413e-66
10.23811905952977 -2.573903442398591e-66
10.25012506253126 -2.523865367480216e-66
10.26213106553277 -2.471680292955351e-66
10.27413706853427 -2.417612600908879e-66
10.28614307153577 -2.361917169873729e-66
10.29814907453727 -2.304838831262317e-66
10.31015507753877 -2.246611926168309e-66
10.32216108054027 -2.187459956765758e-66
10.33416708354177 -2.12759532637604e-66
10.34617308654327 -2.067219162180291e-66
10.35817908954477 -2.006521214519054e-66
10.37018509254627 -1.945679826736523e-66
10.38219109554777 -1.88486196958923e-66
10.39419709854927 -1.824223334341708e-66
10.40620310155078 -1.763908478810538e-66
10.41820910455228 -1.704051020787522e-66
10.43021510755378 -1.644773873468455e-66
10.44222111055528 -1.586189517731312e-66
10.45422711355678 -1.528400306342792e-66
10.46623311655828 -1.471498795420738e-66
10.47823911955978 -1.415568098739405e-66
10.49024512256128 -1.360682260730631e-66
10.50225112556278 -1.306906644304251e-66
10.51425712856428 -1.254298329883031e-66
10.52626313156578 -1.202906522318397e-66
10.53826913456728 -1.152772962621202e-66
10.55027513756878 -1.103932341704912e-66
10.56228114057028 -1.056412713595484e-66
10.57428714357179 -1.010235905811177e-66
10.58629314657329 -9.654179248557301e-67
10.59829914957479 -9.219693549985603e-67
10.61030515257629 -8.798957487354545e-67
10.62231115557779 -8.391980075316893e-67
10.63431715857929 -7.998727516465414e-67
10.64632316158079 -7.61912678023273e-67
10.65832916458229 -7.253069054018446e-67
10.67033516758379 -6.900413059727097e-67
10.68234117058529 -6.560988230392319e-67
10.69434717358679 -6.234597742937106e-67
10.70635317658829 -5.921021404379042e-67
10.7183591795898 -5.620018389935312e-67
10.7303651825913 -5.331329832521425e-67
10.7423711855928 -5.054681264070669e-67
10.7543771885943 -4.789784909935306e-67
10.7663831915958 -4.536341838369493e-67
10.7783891945973 -4.294043967742051e-67
10.7903951975988 -4.06257593469128e-67
10.8024012006003 -3.841616826917256e-67
10.8144072036018 -3.630841784717022e-67
10.8264132066033 -3.429923475707659e-67
10.8384192096048 -3.238533447458385e-67
10.8504252126063 -3.056343362969838e-67
10.8624312156078 -2.883026124101468e-67
10.87443721860931 -2.718256888161836e-67
10.8864432216108 -2.561713982945455e-67
10.89844922461231 -2.413079725528899e-67
10.91045522761381 -2.272041150131593e-67
10.92246123061531 -2.13829065030777e-67
10.93446723361681 -2.011526540668856e-67
10.94647323661831 -1.891453543243734e-67
10.95847923961981 -1.777783203471239e-67
10.97048524262131 -1.670234240688102e-67
10.98249124562281 -1.568532837828939e-67
10.99449724862431 -1.472412874895845e-67
11.00650325162581 -1.381616110585898e-67
11.01850925462731 -1.295892316287539e-67
11.03051525762881 -1.21499936647378e-67
11.04252126063032 -1.138703289332936e-67
11.05452726363182 -1.066778281287964e-67
11.06653326663332 -9.990066888650095e-68
11.07853926963482 -9.351789611815026e-68
11.09054527263632 -8.750935761356601e-68
11.10255127563782 -8.18556943193097e-68
11.11455727863932 -7.65383285483586e-68
11.12656328164082 -7.153945037426123e-68
11.13856928464232 -6.684200244586866e-68
11.15057528764382 -6.24296634419022e-68
11.16258129064532 -5.828683036836482e-68
11.17458729364682 -5.439859988615303e-68
11.18659329664832 -5.075074884121351e-68
11.19859929964982 -4.732971415522651e-68
11.21060530265133 -4.412257222110058e-68
11.22261130565283 -4.111701793453204e-68
11.23461730865433 -3.8301343480522e-68
11.24662331165583 -3.566441698204717e-68
11.25862931465733 -3.319566110703544e-68
11.27063531765883 -3.088503171939751e-68
11.28264132066033 -2.87229966500899e-68
11.29464732366183 -2.670051465502059e-68
11.30665332666333 -2.480901461802606e-68
11.31865932966483 -2.30403750491374e-68
11.33066533266633 -2.138690392087825e-68
11.34267133566783 -1.984131887838029e-68
11.35467733866933 -1.839672785263521e-68
11.36668334167084 -1.704661010019475e-68
11.37868934467234 -1.578479768706122e-68
11.39069534767384 -1.460545742934589e-68
11.40270135067534 -1.350307329848842e-68
11.41470735367684 -1.247242929439451e-68
11.42671335667834 -1.150859278573639e-68
11.43871935967984 -1.060689831284128e-68
11.45072536268134 -9.762931845038259e-69
11.46273136568284 -8.972515481017527e-69
11.47473736868434 -8.231692577648424e-69
11.48674337168584 -7.536713289776323e-69
11.49874937468734 -6.884020500746487e-69
11.51075537768885 -6.270236120756774e-69
11.52276138069034 -5.692147727593936e-69
11.53476738369185 -5.146695521831241e-69
11.54677338669335 -4.630959566132311e-69
11.55877938969485 -4.14214727588689e-69
11.57078539269635 -3.677581125972801e-69
11.58279139569785 -3.234686535963586e-69
11.59479739869935 -2.810979893554694e-69
11.60680340170085 -2.404056673331905e-69
11.61880940470235 -2.011579605221993e-69
11.63081540770385 -1.631266844015251e-69
11.64282141070535 -1.260880088197682e-69
11.65482741370685 -8.982125929417773e-70
11.66683341670835 -5.410770184406991e-70
11.67883941970986 -1.872930507912138e-70
11.69084542271136 1.65325271706931e-70
11.70285142571286 5.189825987092009e-70
11.71485742871436 8.759157515108992e-70
11.72686343171586 1.23840773302798e-69
11.73886943471736 1.608802353107882e-69
11.75087543771886 1.989519565093302e-69
11.76288144072036 2.383071617143049e-69
11.77488744372186 2.792080130160381e-69
11.78689344672336 3.219294223370114e-69
11.79889944972486 3.667609818707975e-69
11.81090545272636 4.140090266333781e-69
11.82291145572786 4.639988445857981e-69
11.83491745872936 5.170770511391899e-69
11.84692346173087 5.736141463420446e-69
11.85892946473237 6.340072746888048e-69
11.87093546773387 6.986832092933844e-69
11.88294147073537 7.68101584157479e-69
11.89494747373687 8.427584004495988e-69
11.90695347673837 9.23189835116353e-69
11.91895947973987 1.009976382794517e-68
11.93096548274137 1.103747364904685e-68
11.94297148574287 1.205185843011201e-68
11.95497748874437 1.315033977057491e-68
11.96698349174587 1.434098872962836e-68
11.97898949474737 1.563258968330851e-68
11.99099549774887 1.703471009710327e-68
12.00300150075038 1.855777680007776e-68
12.01500750375187 2.021315940324931e-68
12.02701350675338 2.201326156734921e-68
12.03901950975488 2.397162089374338e-68
12.05102551275638 2.610301828777552e-68
12.06303151575788 2.842359772682655e-68
12.07503751875938 3.095099745671226e-68
12.08704352176088 3.370449374049521e-68
12.09904952476238 3.670515839428854e-68
12.11105552776388 3.997603146618141e-68
12.12306153076538 4.354231054813504e-68
12.13506753376688 4.743155835780689e-68
12.14707353676839 5.167393038910715e-68
12.15907953976988 5.63024246083631e-68
12.17108554277139 6.135315536890092e-68
12.18309154577289 6.686565393245157e-68
12.19509754877439 7.288319822304264e-68
12.20710355177589 7.945317470013126e-68
12.21910955477739 8.662747552508893e-68
12.23111555777889 9.446293451141912e-68
12.24312156078039 1.030218056972103e-67
12.25512756378189 1.123722887615301e-67
12.26713356678339 1.22589105928311e-67
12.27913956978489 1.33754135465695e-67
12.29114557278639 1.459571074001196e-67
12.30315157578789 1.592963676274135e-67
12.31515757878939 1.738797172230905e-67
12.3271635817909 1.898253344366844e-67
12.3391695847924 2.072627876067515e-67
12.3511755877939 2.263341480611409e-67
12.3631815907954 2.471952129790695e-67
12.3751875937969 2.700168491960144e-67
12.3871935967984 2.949864700389311e-67
12.3991995997999 3.223096584982283e-67
12.4112056028014 3.522119513858175e-67
12.4232116058029 3.849408006080914e-67
12.4352176088044 4.207677293128826e-67
12.4472236118059 4.599907024657678e-67
12.4592296148074 5.029367333905569e-67
12.4712356178089 5.499647499902554e-67
12.48324162081041 6.014687467689766e-67
12.49524762381191 6.578812514250921e-67
12.50725362681341 7.196771377066371e-67
12.51925962981491 7.873778194395076e-67
12.53126563281641 8.615558641880919e-67
12.54327163581791 9.42840068920629e-67
12.55527763881941 1.031921044365291e-66
12.56728364182091 1.129557359499111e-66
12.57928964482241 1.236582302856144e-66
12.59129564782391 1.353911323124013e-66
12.60330165082541 1.482550217875061e-66
12.61530765382691 1.623604146310987e-66
12.62731365682841 1.778287549656123e-66
12.63931965982992 1.94793507138919e-66
12.65132566283141 2.134013578939326e-66
12.66333166583292 2.338135398880595e-66
12.67533766883442 2.562072889141069e-66
12.68734367183592 2.807774484409312e-66
12.69934967483742 3.077382364895603e-66
12.71135567783892 3.373251914023526e-66
12.72336168084042 3.697973147639637e-66
12.73536768384192 4.054394316100534e-66
12.74737368684342 4.445647901310949e-66
12.75937968984492 4.875179253645649e-66
12.77138569284642 5.346778138915493e-66
12.78339169584793 5.864613493380606e-66
12.79539769884942 6.433271715544229e-66
12.80740370185093 7.057798857380391e-66
12.81940970485243 7.74374711509031e-66
12.83141570785393 8.497226060813797e-66
12.84342171085543 9.324959102349749e-66
12.85542771385693 1.023434570831284e-65
12.86743371685843 1.123352999176825e-65
12.87943971985993 1.233147630679098e-65
12.89144572286143 1.353805258019771e-65
12.90345172586293 1.486412217556598e-65
12.91545772886443 1.632164516932998e-65
12.92746373186593 1.792379001004085e-65
12.93946973486743 1.968505663270861e-65
12.95147573786893 2.162141221150135e-65
12.96348174087044 2.37504408570711e-65
12.97548774387194 2.609150870062748e-65
12.98749374687344 2.866594595693975e-65
12.99949974987494 3.149724772420992e-65
13.01150575287644 3.461129546187542e-65
13.02351175587794 3.803660128969508e-65
13.03551775887944 4.180457747496712e-65
13.04752376188094 4.594983372165282e-65
13.05952976488244 5.051050514800666e-65
13.07153576788394 5.552861414076994e-65
13.08354177088544 6.10504696070919e-65
13.09554777388694 6.71271075134376e-65
13.10755377688844 7.381477700751963e-65
13.11955977988995 8.117547686883464e-65
13.13156578289145 8.927754753021391e-65
13.14357178589295 9.819632446190681e-65
13.15557778889445 1.08014859316634e-64
13.16758379189595 1.188247159048884e-64
13.17958979489745 1.307268488112912e-64
13.19159579789895 1.438325732825058e-64
13.20360180090045 1.582646359233616e-64
13.21560780390195 1.74158396739586e-64
13.22761380690345 1.916631341730397e-64
13.23961980990495 2.109434859997837e-64
13.25162581290645 2.321810403151055e-64
13.26363181590795 2.555760923265052e-64
13.27563781890946 2.813495843307831e-64
13.28764382191095 3.097452480815917e-64
13.29964982491246 3.410319707777016e-64
13.31165582791396 3.755064081403827e-64
13.32366183091546 4.134958705234784e-64
13.33566783391696 4.553615107371832e-64
13.34767383691846 5.015018452940928e-64
13.35967983991996 5.523566441347039e-64
13.37168584292146 6.084112275933317e-64
13.38369184592296 6.702012134622608e-64
13.39569784892446 7.383177615436987e-64
13.40770385192596 8.134133680921395e-64
13.41970985492746 8.962082680953668e-64
13.43171585792896 9.874975094773553e-64
13.44372186093047 1.088158770093639e-63
13.45572786393197 1.19916099589897e-63
13.46773386693347 1.321573946975301e-63
13.47973986993497 1.456578747300743e-63
13.49174587293647 1.605479544311544e-63
13.50375187593797 1.769716395564064e-63
13.51575787893947 1.95087951225792e-63
13.52776388194097 2.150725003163278e-63
13.53976988494247 2.371192277746789e-63
13.55177588794397 2.614423284168995e-63
13.56378189094547 2.882783776505693e-63
13.57578789394697 3.178886826219276e-63
13.58779389694847 3.505618815787433e-63
13.59979989994997 3.866168177722198e-63
13.61180590295148 4.264057170244305e-63
13.62381190595298 4.70317701190637e-63
13.63581790895448 5.187826731805042e-63
13.64782391195598 5.722756130043019e-63
13.65982991495748 6.313213285191081e-63
13.67183591795898 6.96499709209494e-63
13.68384192096048 7.684515364955767e-63
13.69584792396198 8.478849097722511e-63
13.70785392696348 9.35582353706297e-63
13.71985992996498 1.032408679318626e-62
13.73186593296648 1.139319679130124e-62
13.74387193596798 1.257371745232066e-62
13.75587793896949 1.387732508645433e-62
13.76788394197099 1.53169260885669e-62
13.77988994497248 1.690678714070609e-62
13.79189594797399 1.86626792562512e-62
13.80390195097549 2.060203714303824e-62
13.81590795397699 2.274413552108084e-62
13.82791395697849 2.511028420578044e-62
13.83991995997999 2.772404396163978e-62
13.85192596298149 3.061146534649246e-62
13.86393196598299 3.38013530043921e-62
13.87593796898449 3.732555812906187e-62
13.88794397198599 4.121930211195759e-62
13.89994997498749 4.552153471260925e-62
13.911955977989 5.027533044737557e-62
13.92396198099049 5.552832728984032e-62
13.935967983992 6.133321221597065e-62
13.9479739869935 6.77482586144744e-62
13.959979989995 7.483792112266094e-62
13.9719859929965 8.267349404621508e-62
13.983991995998 9.133384018393349e-62
13.9959979989995 1.009061976126332e-61
14.008004002001 1.114870728008633e-61
14.0200100050025 1.231832293213127e-61
14.032016008004 1.361127824304291e-61
14.0440220110055 1.504064108902802e-61
14.056028014007 1.662086986338065e-61
14.0680340170085 1.836796202332766e-61
14.08004002001 2.029961856373533e-61
14.09204602301151 2.243542613106198e-61
14.10405202601301 2.479705867583836e-61
14.11605802901451 2.740850074686432e-61
14.12806403201601 3.029629475739877e-61
14.14007003501751 3.348981480529761e-61
14.15207603801901 3.702156990799098e-61
14.16408204102051 4.092753982234689e-61
14.17608804402201 4.524754696212494e-61
14.18809404702351 5.002566830552255e-61
14.20010005002501 5.531069160629036e-61
14.21210605302651 6.115662068852269e-61
14.22411205602801 6.762323512247341e-61
14.23611805902951 7.477671015211296e-61
14.24812406203102 8.269030338073352e-61
14.26013006503252 9.144511542549526e-61
14.27213606803402 1.011309325328955e-60
14.28414207103552 1.118471600130633e-60
14.29614807403702 1.237038563107651e-60
14.30815407703852 1.368228785953057e-60
14.32016008004002 1.513391519314692e-60
14.33216608304152 1.674020754018849e-60
14.34417208604302 1.851770800016891e-60
14.35617808904452 2.048473547345907e-60
14.36818409204602 2.266157591226417e-60
14.38019009504752 2.50706942319228e-60
14.39219609804903 2.773696912072029e-60
14.40420210105053 3.068795322951471e-60
14.41620810405203 3.395416149205099e-60
14.42821410705353 3.756939062577377e-60
14.44022011005503 4.157107319444837e-60
14.45222611305653 4.600066998151698e-60
14.46423211605803 5.090410483079638e-60
14.47623811905953 5.633224656324259e-60
14.48824412206103 6.234144307991807e-60
14.50025012506253 6.899411331738761e-60
14.51225612806403 7.635940333851301e-60
14.52426213106553 8.451391352564615e-60
14.53626813406703 9.354250460188951e-60
14.54827413706853 1.035391910475666e-59
14.56028014007003 1.146081314123768e-59
14.57228614307154 1.268647260589518e-59
14.58429214607304 1.404368340218275e-59
14.59629814907454 1.554661219395823e-59
14.60830415207604 1.721095594307822e-59
14.62031015507754 1.905410768516648e-59
14.63231615807904 2.109534031120901e-59
14.64432216108054 2.335601031549421e-59
14.65632816408204 2.585978368437087e-59
14.66833416708354 2.86328863376503e-59
14.68034017008504 3.170438179779474e-59
14.69234617308654 3.51064790541596e-59
14.70435217608804 3.887487391364861e-59
14.71635817908954 4.304912748870422e-59
14.72836418209105 4.767308587248053e-59
14.74037018509255 5.279534549364973e-59
14.75237618809405 5.846976913436657e-59
14.76438219109555 6.475605813977846e-59
14.77638819409705 7.172038695202196e-59
14.78839419709855 7.943610677244385e-59
14.80040020010005 8.798452590009593e-59
14.81240620310155 9.74557751204523e-59
14.82441220610305 1.079497674347418e-58
14.83641820910455 1.195772624372252e-58
14.84842421210605 1.324610467762136e-58
14.86043021510755 1.467372433868772e-58
14.87243621810905 1.625567635735334e-58
14.88444222111056 1.800869175612307e-58
14.89644822411206 1.99513200847825e-58
14.90845422711356 2.2104127558698e-58
14.92046023011506 2.448991683402816e-58
14.93246623311656 2.713397078758563e-58
14.94447223611806 3.006432292869987e-58
14.95647823911956 3.331205735855986e-58
14.96848424212106 3.691164151229978e-58
14.98049024512256 4.090129527401344e-58
14.99249624812406 4.532340044881259e-58
15.00450225112556 5.022495501327531e-58
15.01650825412706 5.565807705092846e-58
15.02851425712857 6.168056381807002e-58
15.04052026013007 6.835651198313595e-58
15.05252626313157 7.575700574648116e-58
15.06453226613307 8.3960880284118e-58
15.07653826913457 9.305556877668515e-58
15.08854427213607 1.031380421926364e-57
15.10055027513757 1.143158520022619e-57
15.11255627813907 1.267082871176982e-57
15.12456228114057 1.404476575957731e-57
15.13656828414207 1.556807190189579e-57
15.14857428714357 1.725702529999228e-57
15.16058029014507 1.912968209539833e-57
15.17258629314657 2.120607101696511e-57
15.18459229614807 2.350840933012404e-57
15.19659829914957 2.606134247319353e-57
15.20860430215108 2.889220998363804e-57
15.22061030515258 3.203134060369833e-57
15.23261630815408 3.55123797729123e-57
15.24462231115558 3.937265306822211e-57
15.25662831415708 4.36535695444883e-57
15.26863431715858 4.840106936360797e-57
15.28064032016008 5.366612058383802e-57
15.29264632316158 5.950527051766287e-57
15.30465232616308 6.598125766251161e-57
15.31665832916458 7.316369087036701e-57
15.32866433216608 8.11298031570872e-57
15.34067033516758 8.996528836815479e-57
15.35267633816908 9.976522982354239e-57
15.36468234117059 1.106351310704018e-56
15.37668834417209 1.226920599894051e-56
15.38869434717359 1.360659187410786e-56
15.40070035017509 1.509008534160254e-56
15.41270635317659 1.67356818782683e-56
15.42471235617809 1.856113152250563e-56
15.43671835917959 2.058613168493953e-56
15.44872436218109 2.283254118338475e-56
15.46073036518259 2.532461784217569e-56
15.47273636818409 2.808928225431732e-56
15.48474237118559 3.115641059187271e-56
15.49674837418709 3.455915966869713e-56
15.50875437718859 3.833432781357134e-56
15.5207603801901 4.252275550488214e-56
15.5327663831916 4.716977015458209e-56
15.5447723861931 5.232567991405115e-56
15.5567783891946 5.804632191303153e-56
15.5687843921961 6.439367094095948e-56
15.5807903951976 7.143651524437868e-56
15.5927963981991 7.925120685202714e-56
15.6048024012006 8.792249465879505e-56
15.6168084042021 9.754444941011135e-56
15.6288144072036 1.082214907394945e-55
15.6408204102051 1.200695275351738e-55
15.6528264132066 1.332172241592768e-55
15.6648324162081 1.478074064288751e-55
15.6768384192096 1.63998622807528e-55
15.6888444222111 1.819668779658789e-55
15.70085042521261 2.019075577692809e-55
15.71285642821411 2.240375668603748e-55
15.72486243121561 2.485977023483756e-55
15.73686843421711 2.758552897205052e-55
15.74887443721861 3.061071099833743e-55
15.76088044022011 3.396826502552171e-55
15.77288644322161 3.769477135993196e-55
15.78489244622311 4.183084278543251e-55
15.79689844922461 4.642156976223068e-55
15.80890445222611 5.151701484694208e-55
15.82091045522761 5.717276178308631e-55
15.83291645822911 6.345052531520814e-55
15.84492246123061 7.041882845087391e-55
15.85692846423212 7.815375464032859e-55
15.86893446723362 8.673978317188946e-55
15.88094047023512 9.62707170013969e-55
15.89294647323662 1.068507132564563e-54
15.90495247623812 1.185954277921477e-54
15.91695847923962 1.316332864369687e-54
15.92896448224112 1.461068969700354e-54
15.94097048524262 1.621746174285801e-54
15.95297648824412 1.800122980758734e-54
15.96498249124562 1.998152162831053e-54
15.97698849424712 2.218002257158787e-54
15.98899449724862 2.462081435905609e-54
16.00100050025013 2.733064024042331e-54
16.01300650325162 3.033919954737206e-54
16.02501250625313 3.367947488768071e-54
16.03701850925463 3.738809560085035e-54
16.04902451225613 4.150574149874416e-54
16.06103051525763 4.60775913616891e-54
16.07303651825913 5.115382115713337e-54
16.08504252126063 5.679015749982865e-54
16.09704852426213 6.304849248576311e-54
16.10905452726363 6.999756671354382e-54
16.12106053026513 7.77137280642088e-54
16.13306653326664 8.628177465198395e-54
16.14507253626813 9.579589129366869e-54
16.15707853926963 1.063606898835668e-53
16.16908454227114 1.18092365215765e-53
16.18109054527264 1.311199790789856e-53
16.19309654827414 1.455868868755213e-53
16.20510255127564 1.616523226008139e-53
16.21710855427714 1.794931597817573e-53
16.22911455727864 1.99305867929456e-53
16.24112056028014 2.213086862378037e-53
16.25312656328164 2.457440386771626e-53
16.26513256628314 2.728812173196339e-53
16.27713856928464 3.030193637189156e-53
16.28914457228614 3.364907814869365e-53
16.30115057528764 3.736646168984024e-53
16.31315657828915 4.149509484543393e-53
16.32516258129064 4.608053308924927e-53
16.33716858429214 5.117338441969854e-53
16.34917458729365 5.682987037885899e-53
16.36118059029515 6.311244943332776e-53
16.37318659329665 7.009050965603617e-53
16.38519259629815 7.784113842103347e-53
16.39719859929965 8.644997768229039e-53
16.40920460230115 9.601217436238897e-53
16.42121060530265 1.066334364382427e-52
16.43321660830415 1.184312064906141e-52
16.44522261130565 1.315359657953677e-52
16.45722861430716 1.460926834918075e-52
16.46923461730865 1.622624269834066e-52
16.48124062031015 1.802241515269111e-52
16.49324662331166 2.001766889673419e-52
16.50525262631316 2.223409578012716e-52
16.51725862931466 2.469624192238457e-52
16.52926463231616 2.743138065640653e-52
16.54127063531766 3.046981585686816e-52
16.55327663831916 3.384521903919189e-52
16.56528264132066 3.759500399242439e-52
16.57728864432216 4.176074312908837e-52
16.58929464732366 4.638863020168419e-52
16.60130065032516 5.152999455421226e-52
16.61330665332666 5.724187265369484e-52
16.62531265632816 6.358764328766499e-52
16.63731865932967 7.06377335261565e-52
16.64932466233117 7.847040333886932e-52
16.66133066533267 8.717261763879445e-52
16.67333666833417 9.68410155025479e-52
16.68534267133567 1.075829874059801e-51
16.69734867433717 1.195178725235169e-51
16.70935467733867 1.327782894847439e-51
16.72136068034017 1.475116154770794e-51
16.73336668334167 1.638816302457917e-51
16.74537268634317 1.820703433907902e-51
16.75737868934467 2.022800254143278e-51
16.76938469234617 2.247354652580888e-51
16.78139069534767 2.496864796077924e-51
16.79339669834918 2.774107020669621e-51
16.80540270135068 3.082166834406566e-51
16.81740870435218 3.42447337860034e-51
16.82941470735368 3.804837733588854e-51
16.84142071035518 4.227495498273756e-51
16.85342671335668 4.697154120647249e-51
16.86543271635818 5.219045509854114e-51
16.87743871935968 5.798984519627052e-51
16.88944472236118 6.443433958856957e-51
16.90145072536268 7.159576858356595e-51
16.91345672836418 7.95539680437159e-51
16.92546273136568 8.839767240004438e-51
16.93746873436718 9.822550736465699e-51
16.94947473736868 1.091470934808665e-50
16.96148074037018 1.21284272895811e-50
16.97348674337169 1.347724731253432e-50
16.98549274637319 1.497622231208422e-50
16.99749874937469 1.664208386597988e-50
17.00950475237619 1.84934295985843e-50
17.02151075537769 2.05509314740786e-50
17.03351675837919 2.283756735850925e-50
17.04552276138069 2.537887845205358e-50
17.05752876438219 2.820325548391144e-50
17.06953476738369 3.134225688584604e-50
17.08154077038519 3.483096252024359e-50
17.09354677338669 3.870836693869939e-50
17.10555277638819 4.301781659208069e-50
17.1175587793897 4.780749590778502e-50
17.1295647823912 5.313096770008947e-50
17.14157078539269 5.904777399127998e-50
17.1535767883942 6.562410400156694e-50
17.1655827913957 7.293353682231148e-50
17.1775887943972 8.105786712834818e-50
17.1895947973987 9.008802322069312e-50
17.2016008004002 1.001250877312323e-49
17.2136068034017 1.11281432477847e-49
17.2256128064032 1.236819802449133e-49
17.2376188094047 1.374656076947421e-49
17.2496248124062 1.527867052064752e-49
17.26163081540771 1.698169112081829e-49
17.27363681840921 1.887470405354251e-49
17.2856428214107 2.097892285375651e-49
17.29764882441221 2.331793150864013e-49
17.30965482741371 2.591794953476999e-49
17.32166083041521 2.880812671855774e-49
17.33366683341671 3.202087084164018e-49
17.34567283641821 3.559221208508103e-49
17.35767883941971 3.956220822016613e-49
17.36968484242121 4.397539515390651e-49
17.38169084542271 4.88812879093133e-49
17.39369684842421 5.433493768986657e-49
17.40570285142572 6.039755131080796e-49
17.41770885442721 6.713717998410778e-49
17.42971485742871 7.462948522716159e-49
17.44172086043022 8.295859053632016e-49
17.45372686343172 9.221802843510985e-49
17.46573286643321 1.025117935844238e-48
17.47773886943472 1.139555138402509e-48
17.48974487243622 1.266777524772325e-48
17.50175087543772 1.408214562785745e-48
17.51375687843922 1.565455658413953e-48
17.52576288144072 1.740268062801076e-48
17.53776888444222 1.934616785497004e-48
17.54977488744372 2.150686738788889e-48
17.56178089044522 2.390907363257384e-48
17.57378689344672 2.657980012741186e-48
17.58579289644823 2.954908408099965e-48
17.59779889944972 3.285032503874949e-48
17.60980490245122 3.652066150551563e-48
17.62181090545273 4.06013897806722e-48
17.63381690845423 4.513842973966227e-48
17.64582291145573 5.018284282724291e-48
17.65782891445723 5.579140811849384e-48
17.66983491745873 6.20272629608378e-48
17.68184092046023 6.896061544129014e-48
17.69384692346173 7.666953673620188e-48
17.70585292646323 8.524084230510773e-48
17.71785892946473 9.477107189619282e-48
17.72986493246623 1.053675794497613e-47
17.74187093546773 1.171497452306186e-47
17.75387693846923 1.302503239045861e-47
17.76588294147074 1.448169438141617e-47
17.77788894447224 1.61013774421089e-47
17.78989494747374 1.790233807887462e-47
17.80190095047524 1.990487860964307e-47
17.81390695347674 2.213157655348497e-47
17.82591295647824 2.460753975541939e-47
17.83791895947974 2.736069013528309e-47
17.84992496248124 3.042207927390278e-47
17.86193096548274 3.382623941070329e-47
17.87393696848424 3.761157382832943e-47
17.88594297148574 4.182079104641636e-47
17.89794897448724 4.650138774338396e-47
17.90995497748874 5.170618587769686e-47
17.92196098049025 5.74939300947011e-47
17.93396698349175 6.392995218890313e-47
17.94597298649325 7.10869101521652e-47
17.95797898949475 7.904561018439597e-47
17.96998499249625 8.789592098453054e-47
17.98199099549775 9.773779068661645e-47
17.99399699849925 1.0868237797055e-46
18.00600300150075 1.208533101726814e-46
18.01800900450225 1.34388082662852e-46
18.03001500750375 1.494396153578323e-46
18.04202101050525 1.661779840248174e-46
18.05402701350675 1.847923460128976e-46
18.06603301650825 2.054930822578049e-46
18.07803901950975 2.285141798608573e-46
18.09004502251126 2.541158822747982e-46
18.10205102551276 2.82587637168229e-46
18.11405702851426 3.142513754211361e-46
18.12606303151576 3.494651584650574e-46
18.13806903451726 3.886272353655265e-46
18.15007503751876 4.321805556991589e-46
18.16208104052026 4.806177894560772e-46
18.17408704352176 5.344869109592301e-46
18.18609304652326 5.943974102010965e-46
18.19809904952476 6.610272021282354e-46
18.21010505252626 7.351303123362598e-46
18.22211105552776 8.17545426462412e-46
18.23411705852926 9.092054003804055e-46
18.24612306153077 1.011147839224366e-45
18.25812906453227 1.124526865419896e-45
18.27013506753377 1.250626209418833e-45
18.28214107053527 1.390873771874147e-45
18.29414707353677 1.546857822723826e-45
18.30615307653827 1.72034502126817e-45
18.31815907953977 1.913300462035579e-45
18.33016508254127 2.12790997427365e-45
18.34217108554277 2.366604928537605e-45
18.35417708854427 2.632089832368812e-45
18.36618309154577 2.927373028787343e-45
18.37818909454727 3.255800846625659e-45
18.39019509754878 3.621095591007899e-45
18.40220110055028 4.027397805978365e-45
18.41420710355177 4.479313289901732e-45
18.42621310655328 4.981965398350277e-45
18.43821910955478 5.541053229376506e-45
18.45022511255628 6.162916353029091e-45
18.46223111555778 6.854606821469032e-45
18.47423711855928 7.623969278930967e-45
18.48624312156078 8.47973008299629e-45
18.49824912456228 9.431596451251876e-45
18.51025512756378 1.049036676157043e-44
18.52226113056528 1.16680532612679e-44
18.53426713356679 1.297801858171801e-44
18.54627313656828 1.443512761224615e-44
18.55827913956978 1.605591646207717e-44
18.57028514257129 1.785878043377057e-44
18.58229114557279 1.986418314816138e-44
18.59429714857428 2.209488920180749e-44
18.60630315157579 2.45762230060726e-44
18.61830915457729 2.733635675530849e-44
18.63031515757879 3.040663080354262e-44
18.64232116058029 3.382191009841856e-44
18.65432716358179 3.762098073208743e-44
18.66633316658329 4.18469911260021e-44
18.67833916958479 4.654794287533866e-44
18.69034517258629 5.17772368448688e-44
18.70235117558779 5.759428073799409e-44
18.7143571785893 6.406516506151909e-44
18.72636318159079 7.126341518858408e-44
18.73836918459229 7.927082808990481e-44
18.7503751875938 8.817840326898117e-44
18.7623811905953 9.80873785112646e-44
18.7743871935968 1.091103822526806e-43
18.7863931965983 1.213727157030398e-43
18.7983991995998 1.350137793399298e-43
18.8104052026013 1.501886600355574e-43
18.8224112056028 1.670698969115269e-43
18.8344172086043 1.858494460556144e-43
18.8464232116058 2.067408665035277e-43
18.85842921460731 2.299817524133486e-43
18.8704352176088 2.558364391696696e-43
18.8824412206103 2.84599014280471e-43
18.89444722361181 3.165966674082397e-43
18.90645322661331 3.521934177474592e-43
18.91845922961481 3.91794261267631e-43
18.93046523261631 4.358497851336306e-43
18.94247123561781 4.848613019482401e-43
18.95447723861931 5.393865623960681e-43
18.96648324162081 6.000461114716049e-43
18.97848924462231 6.675303608223378e-43
18.99049524762381 7.426074579146658e-43
19.00250125062531 8.261320418292721e-43
19.01450725362681 9.190549856176625e-43
19.02651325662831 1.022434236418502e-42
19.03851925962982 1.137446877070014e-42
19.05052526263132 1.265402546906385e-42
19.06253126563282 1.407758374951368e-42
19.07453726863432 1.566135595998679e-42
19.08654327163582 1.742338039293828e-42
19.09854927463732 1.938372700925632e-42
19.11055527763882 2.156472634842542e-42
19.12256128064032 2.39912242390122e-42
19.13456728364182 2.669086521835803e-42
19.14657328664332 2.969440789842917e-42
19.15857928964482 3.303607587985341e-42
19.17058529264632 3.675394822243688e-42
19.18259129564782 4.089039393255519e-42
19.19459729864932 4.549255543092106e-42
19.20660330165082 5.061288652410359e-42
19.21860930465233 5.630975102621721e-42
19.23061530765383 6.264808887054263e-42
19.24262131065533 6.970015732242054e-42
19.25462731365683 7.754635576340275e-42
19.26663331665833 8.627614347218106e-42
19.27863931965983 9.598906089117943e-42
19.29064532266133 1.067958660510598e-41
19.30265132566283 1.18819799142303e-41
19.31465732866433 1.321979896885574e-41
19.32666333166583 1.470830224073798e-41
19.33866933466733 1.636446796589915e-41
19.35067533766883 1.820718804035215e-41
19.36268134067033 2.025748378350386e-41
19.37468734367184 2.253874603622108e-41
19.38669334667334 2.507700233893307e-41
19.39869934967484 2.790121424495857e-41
19.41070535267634 3.104360816903034e-41
19.42271135567784 3.454004355469655e-41
19.43471735867934 3.843042257129894e-41
19.44672336168084 4.275914602645477e-41
19.45872936468234 4.757562070884557e-41
19.47073536768384 5.293482396469886e-41
19.48274137068534 5.889793196638237e-41
19.49474737368684 6.553301886051644e-41
19.50675337668834 7.291583479430229e-41
19.51875937968985 8.11306717216551e-41
19.53076538269135 9.027132689556731e-41
19.54277138569284 1.004421750714217e-40
19.55477738869435 1.117593616905404e-40
19.56678339169585 1.243521306983549e-40
19.57878939469735 1.383643021930894e-40
19.59079539769885 1.539559168164263e-40
19.60280140070035 1.713050657069352e-40
19.61480740370185 1.906099269619713e-40
19.62681340670335 2.12091031918653e-40
19.63881940970485 2.359937871964998e-40
19.65082541270635 2.625912813735412e-40
19.66283141570786 2.921874084277567e-40
19.67483741870936 3.251203437039547e-40
19.68684342171085 3.617664122042458e-40
19.69884942471236 4.02544393494394e-40
19.71085542771386 4.479203125200758e-40
19.72286143071536 4.984127711937934e-40
19.73486743371686 5.545988818086834e-40
19.74687343671836 6.17120870230811e-40
19.75887943971986 6.866934244957797e-40
19.77088544272136 7.641118729766467e-40
19.78289144572286 8.502612857961583e-40
19.79489744872436 9.461266037362316e-40
19.80690345172586 1.052803910672746e-39
19.81890945472736 1.171512978669145e-39
19.83091545772886 1.303611229448386e-39
19.84292146073037 1.450609272196734e-39
19.85492746373187 1.614188195721028e-39
19.86693346673336 1.796218813090538e-39
19.87893946973487 1.998783079276219e-39
19.89094547273637 2.224197927210679e-39
19.90295147573787 2.475041795417413e-39
19.91495747873937 2.754184151215915e-39
19.92696348174087 3.064818347854156e-39
19.93896948474237 3.410498192145805e-39
19.95097548774387 3.795178641735049e-39
19.96298149074537 4.223261098465132e-39
19.97498749374687 4.699643817031362e-39
19.98699349674838 5.229778006759912e-39
19.99899949974987 5.819730269643895e-39
20.01100550275137 6.47625209043679e-39
20.02301150575288 7.206857175484937e-39
20.03501750875438 8.019907527003398e-39
20.04702351175588 8.924709239696743e-39
20.05902951475738 9.93161911814811e-39
20.07103551775888 1.105216333752667e-38
20.08304152076038 1.229916950832028e-38
20.09504752376188 1.368691365957274e-38
20.10705352676338 1.523128382625901e-38
20.11905952976488 1.694996211693252e-38
20.13106553276639 1.886262734981293e-38
20.14307153576788 2.099118058148551e-38
20.15507753876938 2.335999611506468e-38
20.16708354177089 2.599620086705003e-38
20.17908954477239 2.892998529753156e-38
20.19109554777389 3.219494947061862e-38
20.20310155077539 3.582848821513419e-38
20.21510755377689 3.987221980436298e-38
20.22711355677839 4.437246307312247e-38
20.23911955977989 4.938076844637669e-38
20.25112556278139 5.495450897242026e-38
20.26313156578289 6.115753814243153e-38
20.27513756878439 6.806092204484119e-38
20.28714357178589 7.574375425629345e-38
20.29914957478739 8.429406282079299e-38
20.3111555777889 9.380981972584462e-38
20.3231615807904 1.044000644611498e-37
20.3351675837919 1.161861545552446e-37
20.3471735867934 1.293031574433959e-37
20.3591795897949 1.439013996428692e-37
20.3711855927964 1.601481910179887e-37
20.3831915957979 1.782297439279817e-37
20.3951975987994 1.983533092885396e-37
20.4072036018009 2.207495540690618e-37
20.4192096048024 2.456752075202818e-37
20.4312156078039 2.734160065133035e-37
20.4432216108054 3.042899738064382e-37
20.4552276138069 3.386510668801365e-37
20.4672336168084 3.768932392366863e-37
20.4792396198099 4.194549607991386e-37
20.49124562281141 4.66824249317563e-37
20.50325162581291 5.195442705608625e-37
20.51525762881441 5.782195716064578e-37
20.52726363181591 6.435230188133015e-37
20.53926963481741 7.162035201595148e-37
20.55127563781891 7.970946206375136e-37
20.56328164082041 8.871240694304313e-37
20.57528764382191 9.873244687592502e-37
20.58729364682341 1.09884512671872e-36
20.59929964982491 1.222965250254756e-36
20.61130565282641 1.361108629835658e-36
20.62331165582791 1.514859984511224e-36
20.63531765882941 1.685983155134772e-36
20.64732366183092 1.876441354762681e-36
20.65932966483242 2.088419708888467e-36
20.67133566783392 2.324350344485614e-36
20.68334167083542 2.586940316128015e-36
20.69534767383692 2.879202690065737e-36
20.70735367683842 3.20449114343219e-36
20.71935967983992 3.566538476163802e-36
20.73136568284142 3.969499478190081e-36
20.74337168584292 4.417998644517433e-36
20.75537768884442 4.91718328656054e-36
20.76738369184592 5.472782650111207e-36
20.77938969484742 6.091173719390277e-36
20.79139569784893 6.779454463497631e-36
20.80340170085043 7.545525367142901e-36
20.81540770385192 8.398180182789598e-36
20.82741370685343 9.347206947373857e-36
20.83941970985493 1.040350042478558e-35
20.85142571285643 1.157918726668254e-35
20.86343171585793 1.288776533045858e-35
20.87543771885943 1.434425875598795e-35
20.88744372186093 1.596539058399294e-35
20.89944972486243 1.776977490061539e-35
20.91145572786393 1.977813071733756e-35
20.92346173086543 2.201352004537626e-35
20.93546773386693 2.450161290194454e-35
20.94747373686843 2.727098229553893e-35
20.95947973986993 3.03534325822325e-35
20.97148574287144 3.378436496880316e-35
20.98349174587294 3.760318436582051e-35
20.99549774887443 4.185375226947106e-35
21.00750375187594 4.658489088039527e-35
21.01950975487744 5.185094425723542e-35
21.03151575787894 5.771240295873485e-35
21.04352176088044 6.423659935864016e-35
21.05552776388194 7.149848163074463e-35
21.06753376688344 7.958147530653543e-35
21.07953976988494 8.857844231548666e-35
21.09154577288644 9.859274853967517e-35
21.10355177588794 1.097394521629984e-34
21.11555777888945 1.221466264852194e-34
21.12756378189095 1.359568324183532e-34
21.13956978489244 1.513287576053598e-34
21.15157578789395 1.684390410185466e-34
21.16358179089545 1.874843040295946e-34
21.17558779389695 2.086834113192745e-34
21.18759379689845 2.322799876400771e-34
21.19959979989995 2.585452193896105e-34
21.21160580290145 2.877809732306059e-34
21.22361180590295 3.203232676424956e-34
21.23561780890445 3.565461373517785e-34
21.24762381190595 3.968659351105757e-34
21.25962981490746 4.41746120326956e-34
21.27163581790895 4.9170258965478e-34
21.28364182091045 5.473096108894958e-34
21.29564782391196 6.092064284613806e-34
21.30765382691346 6.781046165491538e-34
21.31965982991496 7.547962644437309e-34
21.33166583291646 8.401630883732836e-34
21.34367183591796 9.351865746670842e-34
21.35567783891946 1.0409592710097e-33
21.36768384192096 1.158697355755753e-33
21.37968984492246 1.289754629990931e-33
21.39169584792396 1.435638093406755e-33
21.40370185092547 1.598025283293493e-33
21.41570785392696 1.778783576257649e-33
21.42771385692846 1.979991674871539e-33
21.43971985992997 2.203963526622995e-33
21.45172586293147 2.453274950543041e-33
21.46373186593297 2.730793278071285e-33
21.47573786893447 3.039710349431839e-33
21.48774387193597 3.383579245437054e-33
21.49974987493747 3.766355177657213e-33
21.51175587793897 4.192441007787523e-33
21.52376188094047 4.666737920361009e-33
21.53576788394197 5.194701832311626e-33
21.54777388694347 5.782406188970158e-33
21.55977988994497 6.436611869637594e-33
21.57178589294647 7.164845007774447e-33
21.58379189594798 7.975483622013754e-33
21.59579789894947 8.877854055700718e-33
21.60780390195097 9.882338335653177e-33
21.61980990495248 1.100049368662616e-32
21.63181590795398 1.224518557800085e-32
21.64382191095548 1.363073583511688e-32
21.65582791395698 1.517308752122468e-32
21.66783391695848 1.688998848925078e-32
21.67983991995998 1.8801195717672e-32
21.69184592296148 2.092870278426305e-32
21.70385192596298 2.329699309807621e-32
21.71585792896448 2.593332180680542e-32
21.72786393196598 2.886802962710112e-32
21.73986993496748 3.213489221324509e-32
21.75187593796898 3.577150908910759e-32
21.76388194097049 3.981973662421289e-32
21.77588794397199 4.432617004228932e-32
21.78789394697349 4.93426800157287e-32
21.79989994997499 5.492701002844073e-32
21.81190595297649 6.114344138991425e-32
21.82391195597799 6.806353356296304e-32
21.83591795897949 7.576694833562823e-32
21.84792396198099 8.434236733404227e-32
21.85992996498249 9.388851344886931e-32
21.87193596798399 1.045152879456328e-31
21.88394197098549 1.163450363626299e-31
21.89594797398699 1.295139577845919e-31
21.90795397698849 1.441736737328962e-31
21.91995997999 1.604929747530263e-31
21.9319659829915 1.786597648283332e-31
21.943971985993 1.988832260295874e-31
21.9559779889945 2.213962283486335e-31
21.967983991996 2.464580124909431e-31
21.9799899949975 2.743571765486054e-31
21.991995997999 3.054150009785891e-31
22.0040020010005 3.399891502113566e-31
22.016008004002 3.784777935571064e-31
22.0280140070035 4.213241929111236e-31
22.040020010005 4.690218101417126e-31
22.0520260130065 5.221199930360295e-31
22.064032016008 5.812303053499494e-31
22.07603801900951 6.470335739348319e-31
22.088044022011 7.202877341823631e-31
22.10005002501251 8.018365642339277e-31
22.11205602801401 8.926194086493809e-31
22.12406203101551 9.936820036398821e-31
22.13606803401701 1.106188528672229e-30
22.14807403701851 1.231435023394449e-30
22.16008004002001 1.3708643245774e-30
22.17208604302151 1.526082695296453e-30
22.18409204602301 1.698878338093227e-30
22.19609804902451 1.891242005584941e-30
22.20810405202601 2.105389946178946e-30
22.22011005502752 2.343789449481504e-30
22.23211605802901 2.609187285973567e-30
22.24412206103052 2.904641368908199e-30
22.25612806403202 3.233556003549487e-30
22.26813406703352 3.599721130250174e-30
22.28014007003502 4.007356013932223e-30
22.29214607303652 4.461157883822666e-30
22.30415207603802 4.966356084398238e-30
22.31615807903952 5.528772362065322e-30
22.32816408204102 6.154887982880251e-30
22.34017008504252 6.851918455415832e-30
22.35217608804402 7.627896720612354e-30
22.36418209104552 8.491765768127882e-30
22.37618809404702 9.453481747450401e-30
22.38819409704853 1.052412876310859e-29
22.40020010005003 1.171604667811564e-29
22.41220610305152 1.304297339985783e-29
22.42421210605303 1.45202032897279e-29
22.43621810905453 1.616476352383171e-29
22.44822411205603 1.799561043921227e-29
22.46023011505753 2.003384813062765e-29
22.47223611805903 2.230297181965141e-29
22.48424212106053 2.48291388036983e-29
22.49624812406203 2.764147011081371e-29
22.50825412706353 3.077238634037561e-29
22.52026013006503 3.425798156433346e-29
22.53226613306653 3.813843960280185e-29
22.54427213606803 4.245849747680749e-29
22.55627813906953 4.726796138540332e-29
22.56828414207104 5.262228116049342e-29
22.58029014507254 5.858318982755866e-29
22.59229614807404 6.521941565182349e-29
22.60430215107554 7.260747488593318e-29
22.61630815407704 8.083255436657675e-29
22.62831415707854 8.998949414444495e-29
22.64032016008004 1.001838814864274e-28
22.65232616308154 1.115332688743568e-28
22.66433216608304 1.241685300557436e-28
22.67633816908454 1.382353697953295e-28
22.68834417208604 1.538960047503298e-28
22.70035017508754 1.713310348674023e-28
22.71235617808905 1.907415268984954e-28
22.72436218109054 2.123513340811638e-28
22.73636818409205 2.364096787549925e-28
22.74837418709355 2.631940277208844e-28
22.76038019009505 2.93013293529224e-28
22.77238619309655 3.2621139864532e-28
22.78439219609805 3.631712436295245e-28
22.79639819909955 4.043191251333748e-28
22.80840420210105 4.501296547058871e-28
22.82041020510255 5.011312351856975e-28
22.83241620810405 5.579121578918692e-28
22.84442221110555 6.211273909932052e-28
22.85642821410705 6.915061374155857e-28
22.86843421710855 7.6986024953135e-28
22.88044022011006 8.570935977666668e-28
22.89244622311156 9.542125012764281e-28
22.90445222611306 1.062337341098661e-27
22.91645822911456 1.182715489853394e-27
22.92846423211606 1.316735707252053e-27
22.94047023511756 1.465944167608333e-27
22.95247623811906 1.632062304385587e-27
22.96448224112056 1.817006677796796e-27
22.97648824412206 2.02291109483336e-27
22.98849424712356 2.252151237108258e-27
23.00050025012506 2.507372080857827e-27
23.01250625312656 2.791518425689142e-27
23.02451225612806 3.107868884559103e-27
23.03651825912956 3.460073727441555e-27
23.04852426213106 3.852197015641819e-27
23.06053026513257 4.288763513267897e-27
23.07253626813407 4.774810917536895e-27
23.08454227113557 5.315948011020967e-27
23.09654827413707 5.918419407329152e-27
23.10855427713857 6.58917763786975e-27
23.12056028014007 7.33596341212226e-27
23.13256628314157 8.167394978247655e-27
23.14457228614307 9.093067615971686e-27
23.15657828914457 1.012366441070218e-26
23.16858429214607 1.127107958813996e-26
23.18059029514757 1.254855583371947e-26
23.19259629814907 1.397083718274562e-26
23.20460230115058 1.555433924694405e-26
23.21660830415207 1.731733874339092e-26
23.22861430715358 1.928018451474884e-26
23.24062031015508 2.1465532477985e-26
23.25262631315658 2.389860721515195e-26
23.26463231615808 2.660749322756791e-26
23.27663831915958 2.962345921739424e-26
23.28864432216108 3.298131914213572e-26
23.30065032516258 3.671983421239035e-26
23.31265632816408 4.088216047616037e-26
23.32466233116558 4.551634715966851e-26
23.33666833416708 5.06758915209913e-26
23.34867433716859 5.642035662569729e-26
23.36068034017008 6.281605918061045e-26
23.37268634317159 6.993683537120476e-26
23.38469234617309 7.786489354933145e-26
23.39669834917459 8.669176362139836e-26
23.40870435217609 9.651935410435792e-26
23.42071035517759 1.074611290608287e-25
23.43271635817909 1.196434185097501e-25
23.44472236118059 1.332068774511601e-25
23.45672836418209 1.483081103608128e-25
23.46873436718359 1.651214799222656e-25
23.48074037018509 1.838411208928541e-25
23.49274637318659 2.046831823702529e-25
23.50475237618809 2.278883243654734e-25
23.5167583791896 2.537244975266881e-25
23.5287643821911 2.824900381301597e-25
23.5407703851926 3.145171140975988e-25
23.5527763881941 3.501755618556024e-25
23.5647823911956 3.898771583693029e-25
23.5767883941971 4.340803777112025e-25
23.5887943971986 4.832956871255057e-25
23.6008004002001 5.380914437828087e-25
23.6128064032016 5.991004603618426e-25
23.6248124062031 6.670273153243152e-25
23.6368184092046 7.426564923551318e-25
23.6488244122061 8.268614430228561e-25
23.6608304152076 9.206146773849935e-25
23.6728364182091 1.024998999142866e-24
23.6848424212106 1.141220015178846e-24
23.69684842421211 1.270620064037454e-24
23.70885442721361 1.414693724311533e-24
23.72086043021511 1.575105082155058e-24
23.73286643321661 1.753706957476132e-24
23.74487243621811 1.952562311002467e-24
23.75687843921961 2.173968079618939e-24
23.76888444222111 2.420481715443867e-24
23.78089044522261 2.694950735362273e-24
23.79289644822411 3.000545622531571e-24
23.80490245122561 3.340796460120429e-24
23.81690845422711 3.719633720682768e-24
23.82891445722861 4.141433682604922e-24
23.84092046023012 4.611068998550155e-24
23.85292646323161 5.13396500037954e-24
23.86493246623312 5.716162391340174e-24
23.87693846923462 6.364387050147604e-24
23.88894447223612 7.086127753802853e-24
23.90095047523762 7.8897227175263e-24
23.91295647823912 8.784455952119143e-24
23.92496248124062 9.780664552557168e-24
23.93696848424212 1.088985815799312e-23
23.94897448724362 1.21248519640546e-23
23.96098049024512 1.349991482500108e-23
23.97298649324662 1.503093415775816e-23
23.98499249624813 1.673559955409693e-23
23.99699849924962 1.863360722351723e-23
24.00900450225113 2.074688763022763e-23
24.02101050525263 2.309985895577635e-23
24.03301650825413 2.57197093174773e-23
24.04502251125563 2.86367110052478e-23
24.05702851425713 3.188457036967299e-23
24.06903451725863 3.550081740631859e-23
24.08104052026013 3.952723954029518e-23
24.09304652326163 4.401036462614207e-23
24.10505252626313 4.900199874715681e-23
24.11705852926463 5.455982503192974e-23
24.12906453226613 6.074807041137922e-23
24.14107053526763 6.763824802518219e-23
24.15307653826913 7.5309983861243e-23
24.16508254127064 8.385193718585708e-23
24.17708854427213 9.336282540677157e-23
24.18909454727364 1.039525652189656e-22
24.20110055027514 1.157435432276357e-22
24.21310655327664 1.288720307401303e-22
24.22511255627814 1.434897590857493e-22
24.23711855927964 1.59765673678693e-22
24.24912456228114 1.778878871064806e-22
24.26113056528264 1.980658538277751e-22
24.27313656828414 2.20532791626363e-22
24.28514257128564 2.45548377821699e-22
24.29714857428714 2.734017514139349e-22
24.30915457728864 3.044148558794744e-22
24.32116058029014 3.38946161272747e-22
24.33316658329165 3.773948086766587e-22
24.34517258629315 4.202052249287916e-22
24.35717858929465 4.67872260989388e-22
24.36918459229615 5.209469133734061e-22
24.38119059529765 5.800426948125007e-22
24.39319659829915 6.458427278217044e-22
24.40520260130065 7.19107643206709e-22
24.41720860430215 8.006843748577038e-22
24.42921460730365 8.915159525424261e-22
24.44122061030515 9.926524059543321e-22
24.45322661330665 1.10526290612517e-21
24.46523261630815 1.230649284623401e-21
24.47723861930966 1.370261086896473e-21
24.48924462231115 1.525712333860265e-21
24.50125062531266 1.698800185598364e-21
24.51325662831416 1.891525723035892e-21
24.52526263131566 2.106117087951799e-21
24.53726863431716 2.345055248973441e-21
24.54927463731866 2.611102691573445e-21
24.56128064032016 2.907335363912703e-21
24.57328664332166 3.237178248036357e-21
24.58529264632316 3.604444967867372e-21
24.59729864932466 4.013381892140141e-21
24.60930465232616 4.468717242414809e-21
24.62131065532767 4.975715774213147e-21
24.63331665832916 5.540239663789033e-21
24.64532266133067 6.168816304836619e-21
24.65732866433217 6.868713799377976e-21
24.66933466733367 7.648025016084218e-21
24.68134067033517 8.515761188399847e-21
24.69334667333667 9.481956135206233e-21
24.70535267633817 1.055778230965369e-20
24.71735867933967 1.175568001863475e-20
24.72936468234117 1.30895013077474e-20
24.74137068534267 1.457467017626915e-20
24.75337668834417 1.622836097559494e-20
24.76538269134567 1.806969705496956e-20
24.77738869434717 2.01199719526034e-20
24.78939469734867 2.240289569110964e-20
24.80140070035018 2.494486902666029e-20
24.81340670335167 2.777528882468831e-20
24.82541270635318 3.092688809510721e-20
24.83741870935468 3.443611462104522e-20
24.84942471235618 3.834355256163907e-20
24.86143071535768 4.269439190667081e-20
24.87343671835918 4.753895121451437e-20
24.88544272136068 5.293325968139359e-20
24.89744872436218 5.89397052764772e-20
24.90945472736368 6.562775644179109e-20
24.92146073036518 7.307476570716451e-20
24.93346673336668 8.136686451829406e-20
24.94547273636818 9.059995963147847e-20
24.95747873936968 1.00880842603862e-19
24.96948474237119 1.12328425216732e-19
24.98149074537269 1.250751151266849e-19
24.99349674837419 1.392683476621822e-19
25.00550275137569 1.550722914899313e-19
25.01750875437719 1.726697478875732e-19
25.02951475737869 1.92264265599616e-19
25.04152076038019 2.140824957483576e-19
25.05352676338169 2.383768140495671e-19
25.06553276638319 2.654282406760978e-19
25.07753876938469 2.955496915571855e-19
25.08954477238619 3.290895987368225e-19
25.10155077538769 3.664359416856744e-19
25.1135567783892 4.080207362169783e-19
25.12556278139069 4.543250329527539e-19
25.1375687843922 5.058844831838004e-19
25.1495747873937 5.63295536533578e-19
25.1615807903952 6.272223421482144e-19
25.1735867933967 6.984044332771549e-19
25.1855927963982 7.776652841756585e-19
25.1975987993997 8.659218383563737e-19
25.2096048024012 9.641951184594765e-19
25.2216108054027 1.073622040529452e-18
25.2336168084042 1.195468569426487e-18
25.2456228114057 1.331144367622934e-18
25.25762881440721 1.482219106920172e-18
25.2696348174087 1.65044063186841e-18
25.28164082041021 1.8377551851045e-18
25.29364682341171 2.046329928688645e-18
25.30565282641321 2.27857802209631e-18
25.31765882941471 2.537186547114426e-18
25.32966483241621 2.825147602843492e-18
25.34167083541771 3.14579293070117e-18
25.35367683841921 3.502832470182995e-18
25.36568284142071 3.90039729163509e-18
25.37768884442221 4.343087402958938e-18
25.38969484742371 4.836024983585913e-18
25.40170085042521 5.384913661882588e-18
25.41370685342671 5.996104522104056e-18
25.42571285642821 6.676669604911677e-18
25.43771885942972 7.434483752215523e-18
25.44972486243121 8.278315743694758e-18
25.46173086543272 9.217929779909464e-18
25.47373686843422 1.026419848669043e-17
25.48574287143572 1.142922874886575e-17
25.49774887443722 1.272650182989902e-17
25.50975487743872 1.417102939939308e-17
25.52176088044022 1.577952727456989e-17
25.53376688344172 1.75706088869045e-17
25.54577288644322 1.956500071344232e-17
25.55777888944472 2.178578216660863e-17
25.56978489244622 2.425865271947208e-17
25.58179089544772 2.701222935872679e-17
25.59379689844922 3.007837780876372e-17
25.60580290145073 3.3492581361174e-17
25.61780890445223 3.729435157939394e-17
25.62981490745373 4.152768563300417e-17
25.64182091045523 4.624157555604571e-17
25.65382691345673 5.149057532486755e-17
25.66583291645823 5.73354323204322e-17
25.67783891945973 6.38437904854291e-17
25.68984492246123 7.10909733166145e-17
25.70185092546273 7.916085575711905e-17
25.71385692846423 8.814683508274619e-17
25.72586293146573 9.815291202244482e-17
25.73786893446723 1.092948946294476e-16
25.74987493746874 1.217017388408061e-16
25.76188094047023 1.355170412456782e-16
25.77388694347174 1.509007013450636e-16
25.78589294647324 1.680307725481431e-16
25.79789894947474 1.871055233356881e-16
25.80990495247624 2.083457324544673e-16
25.82191095547774 2.319972447163776e-16
25.83391695847924 2.583338169935345e-16
25.84592296148074 2.876602873607348e-16
25.85792896448224 3.203161040784417e-16
25.86993496748374 3.566792552760965e-16
25.88194097048524 3.971706448353632e-16
25.89394697348675 4.422589651396083e-16
25.90595297648824 4.924661231093401e-16
25.91795897948974 5.483732823501086e-16
25.92996498249125 6.10627591373695e-16
25.94197098549274 6.799496757979333e-16
25.95397698849425 7.5714198127719e-16
25.96598299149575 8.430980637668737e-16
25.97798899449725 9.388129346954035e-16
25.98999499749875 1.045394580832927e-15
26.00200100050025 1.164076792249192e-15
26.01400700350175 1.296233446900893e-15
26.02601300650325 1.44339441725701e-15
26.03801900950475 1.607263283154433e-15
26.05002501250625 1.789737055993109e-15
26.06203101550775 1.992928142672375e-15
26.07403701850926 2.21918880360768e-15
26.08604302151075 2.471138388050121e-15
26.09804902451226 2.751693662094564e-15
26.11005502751376 3.064102580578123e-15
26.12206103051526 3.411981893954316e-15
26.13406703351676 3.799359025641191e-15
26.14607303651826 4.230718704798551e-15
26.15807903951976 4.711054894563006e-15
26.17008504252126 5.245928617097748e-15
26.18209104552276 5.841532345107099e-15
26.19409704852426 6.504761705515002e-15
26.20610305152576 7.243295325692681e-15
26.21810905452726 8.065683746924449e-15
26.23011505752876 8.981448434814577e-15
26.24212106053027 1.000119203327859e-14
26.25412706353177 1.113672113898379e-14
26.26613306653327 1.240118301811481e-14
26.27813906953477 1.380921784881999e-14
26.29014507253627 1.537712825251445e-14
26.30215107553777 1.71230680774578e-14
26.31415707853927 1.906725262100918e-14
26.32616308154077 2.123219272527226e-14
26.33816908454227 2.364295545735356e-14
26.35017508754377 2.632745439337384e-14
26.36218109054527 2.93167728682591e-14
26.37418709354677 3.264552393516867e-14
26.38619309654828 3.635225120361515e-14
26.39819909954977 4.047987519882036e-14
26.41020510255128 4.507619041211789e-14
26.42221110555278 5.019441879936514e-14
26.43421710855428 5.589382613816547e-14
26.44622311155578 6.224040838280212e-14
26.45822911455728 6.930765596658057e-14
26.47023511755878 7.717740490416114e-14
26.48224112056028 8.594078455189617e-14
26.49424712356178 9.569927300381536e-14
26.50625312656328 1.065658723476975e-13
26.51825912956478 1.186664173940739e-13
26.53026513256628 1.32141033037109e-13
26.54227113556778 1.471457571280117e-13
26.55427713856928 1.638543476588918e-13
26.56628314157079 1.824602951900025e-13
26.57828914457228 2.031790638308306e-13
26.59029514757379 2.262505867330705e-13
26.60230115057529 2.51942045001796e-13
26.61430715357679 2.805509622143086e-13
26.62631315657829 3.124086503922075e-13
26.63831915957979 3.478840473435633e-13
26.65032516258129 3.873879898258568e-13
26.66233116558279 4.313779720290784e-13
26.67433716858429 4.80363444500588e-13
26.68634317158579 5.349117148941225e-13
26.69834917458729 5.956545188972666e-13
26.7103551775888 6.63295337455543e-13
26.72236118059029 7.386175450569645e-13
26.7343671835918 8.224934834686305e-13
26.7463731865933 9.158945660382518e-13
26.7583791895948 1.019902529612598e-12
26.7703851925963 1.135721964420102e-12
26.7823911955978 1.264694267070261e-12
26.7943971985993 1.408313178309615e-12
26.8064032016008 1.568242085533942e-12
26.8184092046023 1.746333290501651e-12
26.8304152076038 1.94464946546108e-12
26.8424212106053 2.165487546258274e-12
26.8544272136068 2.411405339225607e-12
26.8664332166083 2.685251150092565e-12
26.87843921960981 2.990196778172194e-12
26.89044522261131 3.329774258066158e-12
26.90245122561281 3.707916774549426e-12
26.91445722861431 4.129004224645803e-12
26.92646323161581 4.597913954747724e-12
26.93846923461731 5.12007726059212e-12
26.95047523761881 5.701542304673235e-12
26.96248124062031 6.349044180026966e-12
26.97448724362181 7.070082932120885e-12
26.98649324662331 7.873010442789335e-12
26.99849924962481 8.767127182832022e-12
27.01050525262631 9.762789954237388e-12
27.02251125562782 1.08715318703235e-11
27.03451725862931 1.210619596388492e-11
27.04652326163082 1.348108397133695e-11
27.05852926463232 1.501212201668871e-11
27.07053526763382 1.671704511499104e-11
27.08254127063532 1.861560263296386e-11
27.09454727363682 2.072978708733627e-11
27.10655327663832 2.30840889318468e-11
27.11855927963982 2.570578028498242e-11
27.13056528264132 2.862523088587487e-11
27.14257128564282 3.187625993920574e-11
27.15457728864432 3.549652792582649e-11
27.16658329164582 3.952797291889423e-11
27.17858929464732 4.401729646102571e-11
27.19059529764882 4.901650463225702e-11
27.20260130065033 5.458351057811925e-11
27.21460730365182 6.078280547931303e-11
27.22661330665333 6.768620573754021e-11
27.23861930965483 7.537368503521924e-11
27.25062531265633 8.393430091030798e-11
27.26263131565783 9.346722658268053e-11
27.27463731865933 1.040828999881459e-10
27.28664332166083 1.159043033343908e-10
27.29864932466233 1.290683880056151e-10
27.31065532766383 1.437276613269402e-10
27.32266133066533 1.60051953575316e-10
27.33466733366683 1.782303857123868e-10
27.34667333666833 1.984735606407842e-10
27.35867933966983 2.210160033755792e-10
27.37068534267134 2.461188784071388e-10
27.38269134567284 2.740730157438472e-10
27.39469734867434 3.052022807002837e-10
27.40670335167584 3.39867326479957e-10
27.41870935467734 3.784697730377517e-10
27.43071535767884 4.214568606472581e-10
27.44272136068034 4.69326632099375e-10
27.45472736368184 5.226337035847777e-10
27.46673336668334 5.819956911349998e-10
27.47873936968484 6.481003670940935e-10
27.49074537268634 7.21713629553122e-10
27.50275137568784 8.036883771011873e-10
27.51475737868935 8.949743917384818e-10
27.52676338169085 9.966293444805858e-10
27.53876938469235 1.109831051194318e-09
27.55077538769385 1.235891120694714e-09
27.56278139069535 1.376270153268043e-09
27.57478739369685 1.53259466575426e-09
27.58679339669835 1.706675939332112e-09
27.59879939969985 1.900531008433284e-09
27.61080540270135 2.116406034026652e-09
27.62281140570285 2.356802332147645e-09
27.63481740870435 2.624505359321103e-09
27.64682341170585 2.922616990795566e-09
27.65882941470736 3.254591465669895e-09
27.67083541770885 3.624275415491775e-09
27.68284142071035 4.03595244023465e-09
27.69484742371186 4.494392748263496e-09
27.70685342671336 5.004908435591479e-09
27.71885942971486 5.573415045089238e-09
27.73086543271636 6.206500119093949e-09
27.74287143571786 6.911499539919919e-09
27.75487743871936 7.696582543036098e-09
27.76688344172086 8.570846388194429e-09
27.77888944472236 9.544421785731961e-09
27.79089544772386 1.062859029992622e-08
27.80290145072536 1.183591509010274e-08
27.81490745372686 1.318038650478502e-08
27.82691345672836 1.467758421633186e-08
27.83891945972987 1.634485777522175e-08
27.85092546273136 1.82015276766397e-08
27.86293146573287 2.02691092697742e-08
27.87493746873437 2.257156210499681e-08
27.88694347173587 2.513556760894287e-08
27.89894947473737 2.799083830585706e-08
27.91095547773887 3.117046216921838e-08
27.92296148074037 3.471128609485357e-08
27.93496748374187 3.86543429402069e-08
27.94697348674337 4.304532707941342e-08
27.95897948974487 4.793512398617693e-08
27.97098549274637 5.338039998270066e-08
27.98299149574787 5.944425899031853e-08
27.99499749874937 6.619697389411238e-08
28.00700350175088 7.371680099867737e-08
28.01900950475238 8.209088701534199e-08
28.03101550775388 9.14162790937228e-08
28.04302151075538 1.018010496049351e-07
28.05502751375688 1.13365548713931e-07
28.06703351675838 1.262437992597199e-07
28.07903951975988 1.405850501118107e-07
28.09104552276138 1.565555060082294e-07
28.10305152576288 1.743402539261967e-07
28.11505752876438 1.94145408314725e-07
28.12706353176588 2.16200500055411e-07
28.13906953476738 2.407611368429811e-07
28.15107553776889 2.681119658234356e-07
28.16308154077038 2.98569972831417e-07
28.17508754377189 3.324881564703098e-07
28.18709354677339 3.702596196238053e-07
28.19909954977489 4.123221258266008e-07
28.21110555277639 4.591631733106569e-07
28.22311155577789 5.11325645544474e-07
28.23511755877939 5.694141037657414e-07
28.24712356178089 6.341017944499443e-07
28.25912956478239 7.061384529453474e-07
28.27113556778389 7.863589937343225e-07
28.28314157078539 8.756931880592094e-07
28.29514757378689 9.751764410970041e-07
28.30715357678839 1.085961793613816e-06
28.31915957978989 1.209333287225021e-06
28.3311655827914 1.346720848194944e-06
28.34317158579289 1.499716862313949e-06
28.3551775887944 1.670094632995216e-06
28.3671835917959 1.859828936565314e-06
28.3791895947974 2.071118913035333e-06
28.3911955977989 2.30641355771441e-06
28.4032016008004 2.568440109179108e-06
28.4152076038019 2.860235662689672e-06
28.4272136068034 3.185182375537155e-06
28.4392196098049 3.547046672447177e-06
28.4512256128064 3.950022905539512e-06
28.4632316158079 4.398781974985459e-06
28.47523761880941 4.898525474015741e-06
28.4872436218109 5.455045985977356e-06
28.49924962481241 6.074794232460824e-06
28.51125562781391 6.764953850946724e-06
28.52326163081541 7.533524668873003e-06
28.53526763381691 8.389415439528055e-06
28.54727363681841 9.342547114870825e-06
28.55927963981991 1.04039678525403e-05
28.57128564282141 1.158598109035897e-05
28.58329164582291 1.290228817313542e-05
28.59529764882441 1.43681471852872e-05
28.60730365182591 1.600054983069177e-05
28.61930965482741 1.781841841041037e-05
28.63131565782891 1.984282518194194e-05
28.64332166083042 2.209723664315433e-05
28.65532766383192 2.460778557301596e-05
28.66733366683342 2.740357398306452e-05
28.67933966983492 3.051701049192987e-05
28.69134567283642 3.398418603433372e-05
28.70335167583792 3.784529226044406e-05
28.71535767883942 4.214508747642329e-05
28.72736368184092 4.693341552821296e-05
28.73936968484242 5.226578364443765e-05
28.75137568784392 5.820400593790169e-05
28.76338169084542 6.481692002642368e-05
28.77538769384692 7.218118508152943e-05
28.78739369684843 8.038217055763707e-05
28.79939969984992 8.95149459057635e-05
28.81140570285143 9.968538274665175e-05
28.82341170585293 0.0001110113822821403
28.83541770885443 0.0001236242421756881
28.84742371185593 0.0001376701787500682
28.85942971485743 0.0001533120221511048
28.87143571785893 0.0001707311041318275
28.88344172086043 0.0001901293603448149
28.89544772386193 0.0002117316715176918
28.90745372686343 0.000235788470656566
28.91945972986493 0.0002625786465067721
28.93146573286643 0.0002924127769353853
28.94347173586793 0.0003256367297254177
28.95547773886943 0.0003626356725317743
28.96748374187094 0.0004038385384933177
28.97948974487243 0.0004497229992787911
28.99149574787394 0.0005008210032281429
29.00350175087544 0.0005577249428032051
29.01550775387694 0.0006210945228586924
29.02751375687844 0.0006916644093707249
29.03951975987994 0.0007702527473097497
29.05152576288144 0.0008577706464228234
29.06353176588294 0.0009552327449135396
29.07553776888444 0.001063768973506628
29.08754377188594 0.001184637656303339
29.09954977488744 0.001319240100334556
29.11155577788895 0.001469136842980936
29.12356178089044 0.001636065745653389
29.13556778389195 0.001821962143535875
29.14757378689345 0.002028981285034009
29.15957978989495 0.002259523321123852
29.17158579289645 0.002516261134363398
29.18359179589795 0.002802171330257559
29.19559779889945 0.003120568750337701
29.20760380190095 0.003475144907154329
29.21960980490245 0.003870010786859868
29.23161580790395 0.004309744515705039
29.24362181090545 0.004799444443174488
29.25562781390695 0.005344788257299097
29.26763381690845 0.005952098817632209
29.27963981990996 0.006628417469276121
29.29164582291146 0.007381585688096892
29.30365182591296 0.008220336003875952
29.31565782891446 0.009154393255736446
29.32766383191596 0.01019458735399859
29.33966983491746 0.01135297885605083
29.35167583791896 0.01264299881241992
29.36368184092046 0.01407960450470645
29.37568784392196 0.01567945288134164
29.38769384692346 0.01746109370235416
29.39969984992496 0.01944518463289226
29.41170585292646 0.02165473077977642
29.42371185592796 0.02411535144881509
29.43571785892946 0.02685557721628476
29.44772386193096 0.02990718075952081
29.45972986493247 0.03330554528305977
29.47173586793397 0.03709007481276145
29.48374187093547 0.04130465111587334
29.49574787393697 0.04599814254571394
29.50775387693847 0.05122497071181498
29.51975987993997 0.05704574154695919
29.53176588294147 0.0635279480893586
29.54377188594297 0.0707467531298975
29.55577788894447 0.07878586080056167
29.56778389194597 0.08773848721163205
29.57978989494747 0.09770844139389925
29.59179589794897 0.1088113290813773
29.60380190095048 0.1211758932945984
29.61580790395197 0.1349455072710731
29.62781390695348 0.1502798370563106
29.63981990995498 0.1673566930363919
29.65182591295648 0.1863740918843056
29.66383191595798 0.207552552832497
29.67583791895948 0.2311376549016537
29.68784392196098 0.2574028847421716
29.69984992496248 0.2866528081151112
29.71185592796398 0.3192266017928647
29.72386193096548 0.3555019868397285
29.73586793396698 0.3958996088876083
29.74787393696849 0.4408879162061536
29.75987993996998 0.4909885921398542
29.77188594297149 0.5467826049140004
29.78389194597299 0.608916944971466
29.79589794897449 0.6781121279760783
29.80790395197599 0.7551705504983679
29.81990995497749 0.8409857952887358
29.83191595797899 0.9365529940562447
29.84392196098049 1.042980367936056
29.85592796398199 1.161502079487267
29.86793396698349 1.29349254527397
29.87993996998499 1.440482375022136
29.89194597298649 1.604176122210037
29.90395197598799 1.786472051958931
29.9159579789895 1.98948415548764
29.927963981991 2.215566666450463
29.9399699849925 2.467341363495174
29.951975987994 2.747727975692869
29.9639819909955 3.059978043479251
29.975987993997 3.40771262782481
29.9879939969985 3.794964304984203
30 4.226223933880637
