6 0
6.012006003001501 4.360002655515268e-79
6.024012006003002 1.170028111003235e-78
6.036018009004502 2.685933205876667e-78
6.048024012006003 5.954407048963173e-78
6.060030015007504 1.301561801527904e-77
6.072036018009005 2.816915487684164e-77
6.084042021010506 6.041687700930843e-77
6.096048024012006 1.284472589423423e-76
6.108054027013507 2.707201769797703e-76
6.120060030015008 5.656919325796691e-76
6.132066033016509 1.172018326521194e-75
6.144072036018009 2.407767735585063e-75
6.156078039019509 4.905134787854054e-75
6.16808404202101 9.909999742350445e-75
6.180090045022511 1.985695492895999e-74
6.192096048024012 3.946369303301729e-74
6.204102051025512 7.779620442425472e-74
6.216108054027013 1.521332087736028e-73
6.228114057028514 2.951370074378126e-73
6.240120060030015 5.680495293704491e-73
6.252126063031516 1.084776473695701e-72
6.264132066033016 2.055484550350113e-72
6.276138069034517 3.86488187503386e-72
6.288144072036018 7.211642307604673e-72
6.300150075037519 1.335474876126753e-71
6.31215607803902 2.45452947391149e-71
6.32416208104052 4.477740331511156e-71
6.336168084042021 8.108388796843389e-71
6.348174087043522 1.457544612172395e-70
6.360180090045023 2.601040680272052e-70
6.372186093046524 4.608255333656861e-70
6.384192096048024 8.106173025057514e-70
6.396198099049525 1.415828764636777e-69
6.408204102051026 2.455536757259612e-69
6.420210105052527 4.229100933007115e-69
6.432216108054027 7.233364612246282e-69
6.444222111055527 1.228705749640087e-68
6.456228114057028 2.072979072989326e-68
6.468234117058529 3.473805061274735e-68
6.48024012006003 5.782334475027739e-68
6.49224612306153 9.561184416359321e-68
6.504252126063031 1.570558498250566e-67
6.516258129064532 2.563028476221642e-67
6.528264132066033 4.155586548675403e-67
6.540270135067534 6.694424553936371e-67
6.552276138069034 1.071564611724893e-66
6.564282141070535 1.704392355847005e-66
6.576288144072036 2.693943909693671e-66
6.588294147073537 4.231522648145309e-66
6.600300150075038 6.605642614157464e-66
6.612306153076538 1.024860216831813e-65
6.624312156078039 1.580396178706775e-65
6.63631815907954 2.422364197509296e-65
6.648324162081041 3.690669354061669e-65
6.660330165082541 5.589628064798261e-65
6.672336168084042 8.415740547810405e-65
6.684342171085543 1.259658275034848e-64
6.696348174087044 1.874490284002602e-64
6.708354177088545 2.773336020953289e-64
6.720360180090045 4.079708991739877e-64
6.732366183091546 5.967350648261626e-64
6.744372186093047 8.679158775200029e-64
6.756378189094547 1.255264283598698e-63
6.768384192096048 1.805392653890455e-63
6.780390195097548 2.582286131422614e-63
6.792396198099049 3.673247679476061e-63
6.80440220110055 5.196679327977124e-63
6.816408204102051 7.312197395862183e-63
6.828414207103552 1.023369176737966e-62
6.840420210105052 1.424607000059919e-62
6.852426213106553 1.972657709832371e-62
6.864432216108054 2.717175148312527e-62
6.876438219109555 3.723126649376254e-62
6.888444222111056 5.075011276103571e-62
6.900450225112556 6.882079678707471e-62
6.912456228114057 9.284745970000103e-62
6.924462231115558 1.246240499612421e-61
6.936468234117059 1.664289045769846e-61
6.948474237118559 2.211382919329002e-61
6.96048024012006 2.923616292425294e-61
6.972486243121561 3.846011888477471e-61
6.984492246123062 5.034391267286874e-61
6.996498249124563 6.557545767351285e-61
7.008504252126063 8.499733252928593e-61
7.020510255127563 1.096352181425197e-60
7.032516258129064 1.407299552107041e-60
7.044522261130565 1.797732889408842e-60
7.056528264132066 2.285472561400212e-60
7.068534267133566 2.891670284719436e-60
7.080540270135067 3.641268520677517e-60
7.092546273136568 4.563485165058353e-60
7.104552276138069 5.692315452899905e-60
7.11655827913957 7.067040266536398e-60
7.12856428214107 8.732727009795616e-60
7.140570285142571 1.07407059459825e-59
7.152576288144072 1.314900146879458e-59
7.164582291145573 1.602269428510139e-59
7.176588294147074 1.943418706642927e-59
7.188594297148574 2.346334292632272e-59
7.200600300150075 2.819746328583894e-59
7.212606303151576 3.373106950132502e-59
7.224612306153077 4.016545126893157e-59
7.236618309154577 4.760794452122967e-59
7.248624312156078 5.617090252557349e-59
7.260630315157579 6.5970326411418e-59
7.27263631815908 7.712412559639558e-59
7.284642321160581 8.974998472895601e-59
7.296648324162081 1.039628219393392e-58
7.308654327163582 1.1987183345981e-58
7.320660330165083 1.375771320288861e-58
7.332666333166584 1.571660008324049e-58
7.344672336168085 1.78708800860782e-58
7.356678339169584 2.022545871686442e-58
7.368684342171085 2.278265082021581e-58
7.380690345172586 2.554170815668818e-58
7.392696348174087 2.849834587321773e-58
7.404702351175588 3.164428094605156e-58
7.416708354177088 3.496679734135495e-58
7.428714357178589 3.844835405655465e-58
7.44072036018009 4.206625328517184e-58
7.452726363181591 4.579238660246153e-58
7.464732366183092 4.95930772149919e-58
7.476738369184592 5.342903587972565e-58
7.488744372186093 5.72554470163043e-58
7.500750375187594 6.102219976440254e-58
7.512756378189095 6.467427625292312e-58
7.524762381190595 6.8152306151694e-58
7.536768384192096 7.139329269408196e-58
7.548774387193597 7.433151085130918e-58
7.560780390195098 7.689957329100981e-58
7.572786393196599 7.902965428081474e-58
7.584792396198099 8.065485594888393e-58
7.596798399199599 8.171069545571549e-58
7.6088044022011 8.213668585777583e-58
7.620810405202601 8.18779779583816e-58
7.632816408204102 8.088702546252188e-58
7.644822411205602 7.912523149286937e-58
7.656828414207103 7.656453119686843e-58
7.668834417208604 7.318886297063317e-58
7.680840420210105 6.899547991424211e-58
7.692846423211606 6.399605365212067e-58
7.704852426213106 5.821752469627748e-58
7.716858429214607 5.17026571493277e-58
7.728864432216108 4.451026073645865e-58
7.740870435217609 3.671504986079901e-58
7.75287643821911 2.840711748218629e-58
7.76488244122061 1.969101095330493e-58
7.776888444222111 1.068440728586949e-58
7.788894447223612 1.516396391022388e-59
7.800900450225113 -7.674607670361873e-59
7.812906453226613 -1.674329582398777e-58
7.824912456228114 -2.554019062291865e-58
7.836918459229615 -3.391461689449206e-58
7.848924462231116 -4.171785331069796e-58
7.860930465232617 -4.880639359874357e-58
7.872936468234117 -5.504523961260262e-58
7.884942471235618 -6.031114397364236e-58
7.896948474237119 -6.44957176821019e-58
7.90895447723862 -6.750831816056701e-58
7.920960480240121 -6.927863570436002e-58
7.932966483241621 -6.975890129187874e-58
7.944972486243121 -6.892564608206002e-58
7.956978489244622 -6.67809525483105e-58
7.968984492246123 -6.335314884462896e-58
7.980990495247624 -5.869691137423287e-58
7.992996498249124 -5.289275527921975e-58
8.005002501250626 -4.604590828143128e-58
8.017008504252125 -3.828457953489e-58
8.029014507253628 -2.975765142670736e-58
8.041020510255127 -2.063183810687134e-58
8.053026513256629 -1.108836946288363e-58
8.065032516258128 -1.319272831533014e-59
8.077038519259631 8.476663458778471e-59
8.08904452226113 1.809815096068496e-58
8.101050525262632 2.734578542292457e-58
8.113056528264131 3.602644903075382e-58
8.125062531265632 4.395762333454288e-58
8.137068534267133 5.097150680060888e-58
8.149074537268634 5.691883496067756e-58
8.161080540270135 6.167230794469031e-58
8.173086543271635 6.512953956895836e-58
8.185092546273136 6.721545385473564e-58
8.197098549274637 6.788406854222111e-58
8.209104552276138 6.71196204552106e-58
8.221110555277638 6.493700403353168e-58
8.233116558279139 6.138151152328301e-58
8.24512256128064 5.652788072361879e-58
8.257128564282141 5.047867335590815e-58
8.269134567283642 4.33620235825099e-58
8.281140570285142 3.532881151991537e-58
8.293146573286643 2.654933036609449e-58
8.305152576288144 1.720952764530237e-58
8.317158579289645 7.50691077533407e-59
8.329164582291146 -2.353785541489443e-59
8.341170585292646 -1.21650678642512e-58
8.353176588294147 -2.172118415619309e-58
8.365182591295648 -3.082255172587376e-58
8.377188594297149 -3.928001228523369e-58
8.389194597298649 -4.691881900012272e-58
8.40120060030015 -5.358226820836934e-58
8.413206603301651 -5.913489827022131e-58
8.425212606303152 -6.346518949746197e-58
8.437218609304653 -6.648771194623091e-58
8.449224612306153 -6.814468169402131e-58
8.461230615307654 -6.840690067878806e-58
8.473236618309155 -6.727406987764639e-58
8.485242621310656 -6.477448017182849e-58
8.497248624312157 -6.096409932670447e-58
8.509254627313657 -5.592508677870042e-58
8.521260630315158 -4.976378006736867e-58
8.533266633316659 -4.26082075204726e-58
8.54527263631816 -3.460519097976675e-58
8.55727863931966 -2.591710977874567e-58
8.569284642321161 -1.671840273604048e-58
8.58129064532266 -7.191888545827854e-59
8.593296648324163 2.4750133839286e-59
8.605302651325662 1.209407983774889e-58
8.617308654327164 2.148001871101045e-58
8.629314657328663 3.045406599361587e-58
8.641320660330166 3.884737421048947e-58
8.653326663331665 4.650412841387496e-58
8.665332666333168 5.328433367929229e-58
8.677338669334667 5.906622683845385e-58
8.689344672336169 6.374827464893001e-58
8.701350675337668 6.725073050766395e-58
8.713356678339169 6.951673192169734e-58
8.72536268134067 7.051293102048735e-58
8.737368684342171 7.022966020824493e-58
8.749374687343671 6.868064440817544e-58
8.761380690345172 6.590228006091345e-58
8.773386693346673 6.195250894836303e-58
8.785392696348174 5.69093218907211e-58
8.797398699349674 5.086893330522121e-58
8.809404702351175 4.394367244606304e-58
8.821410705352676 3.625964082054909e-58
8.833416708354177 2.795418777946599e-58
8.845422711355678 1.91732576195424e-58
8.857428714357178 1.006866174666842e-58
8.869434717358679 7.953285870892601e-60
8.88144072036018 -8.491417923668991e-59
8.893446723361681 -1.763850320477843e-58
8.905452726363182 -2.649762573444251e-58
8.917458729364682 -3.492761931845997e-58
8.929464732366183 -4.279661843912903e-58
8.941470735367684 -4.998399642111394e-58
8.953476738369185 -5.638205167121632e-58
8.965482741370685 -6.189742294299447e-58
8.977488744372186 -6.645222032289173e-58
8.989494747373687 -6.998486431752926e-58
9.001500750375188 -7.245063093573889e-58
9.013506753376689 -7.382190590862547e-58
9.025512756378189 -7.408815609227643e-58
9.03751875937969 -7.325563057961711e-58
9.049524762381191 -7.134680805218085e-58
9.061530765382692 -6.839961038432738e-58
9.073536768384193 -6.446640544039916e-58
9.085542771385693 -5.961282436052137e-58
9.097548774387194 -5.391642040739563e-58
9.109554777388695 -4.74651976493657e-58
9.121560780390196 -4.0356038400153e-58
9.133566783391696 -3.269305844808945e-58
9.145572786393197 -2.458591872082796e-58
9.157578789394698 -1.614812118538078e-58
9.169584792396197 -7.49531552392733e-59
9.1815907953977 1.256358497051082e-59
9.193596798399199 9.99186998002439e-59
9.205602801400701 1.859881637689994e-58
9.2176088044022 2.696884509136823e-58
9.229614807403703 3.499896133359247e-58
9.241620810405202 4.259270898657716e-58
9.253626813406704 4.966121391481192e-58
9.265632816408203 5.612408181183532e-58
9.277638819409706 6.191014530052043e-58
9.289644822411205 6.6958057528614e-58
9.301650825412706 7.121673190740048e-58
9.313656828414207 7.464562989326015e-58
9.325662831415707 7.721490078534172e-58
9.337668834417208 7.890537938727454e-58
9.349674837418709 7.970844904192181e-58
9.36168084042021 7.962577898490194e-58
9.37368684342171 7.866894616958211e-58
9.385692846423211 7.685895269136957e-58
9.397698849424712 7.422565068522622e-58
9.409704852426213 7.080708709291701e-58
9.421710855427714 6.664878100476206e-58
9.433716858429214 6.180294638615463e-58
9.445722861430715 5.632767291592043e-58
9.457728864432216 5.028607740734617e-58
9.469734867433717 4.374543787070063e-58
9.481740870435218 3.677632172641602e-58
9.493746873436718 2.945171900959676e-58
9.505752876438219 2.184619063820098e-58
9.51775887943972 1.40350409680309e-58
9.529764882441221 6.09352294614049e-59
9.541770885442721 -1.903916781667919e-59
9.553776888444222 -9.884346436882366e-59
9.565782891445723 -1.777700597015358e-58
9.577788894447224 -2.551390783257415e-58
9.589794897448725 -3.303037824437138e-58
9.601800900450225 -4.026553649459431e-58
9.613806903451726 -4.716271071154071e-58
9.625812906453227 -5.366978940132546e-58
9.637818909454728 -5.973950885364831e-58
9.649824912456229 -6.532967725328536e-58
9.661830915457729 -7.040333700850688e-58
9.67383691845923 -7.492886741011351e-58
9.685842921460731 -7.888003026509949e-58
9.697848924462232 -8.223596160618827e-58
9.709854927463732 -8.498111296290579e-58
9.721860930465233 -8.710514599258711e-58
9.733866933466732 -8.860278451292237e-58
9.745872936468235 -8.947362815406914e-58
9.757878939469734 -8.972193196147651e-58
9.769884942471236 -8.935635633440338e-58
9.781890945472735 -8.838969168405267e-58
9.793896948474238 -8.68385621439828e-58
9.805902951475737 -8.472311256901839e-58
9.81790895447724 -8.206668292230269e-58
9.829914957478739 -7.889547397851435e-58
9.841920960480241 -7.523820806981528e-58
9.85392696348174 -7.112578837470044e-58
9.865932966483243 -6.659096000350326e-58
9.877938969484742 -6.166797587253282e-58
9.889944972486242 -5.639227008604805e-58
9.901950975487743 -5.080014126571059e-58
9.913956978489244 -4.492844798454087e-58
9.925962981490745 -3.881431818031296e-58
9.937968984492246 -3.249487414488792e-58
9.949974987493746 -2.600697441401413e-58
9.961980990495247 -1.938697361911684e-58
9.973986993496748 -1.267050111065887e-58
9.985992996498249 -5.89225892358996e-59
9.99799899949975 9.141605693246105e-60
10.01000500250125 7.716437179738902e-59
10.02201100550275 1.448366565783664e-58
10.03401700850425 2.118647891054424e-58
10.04602301150575 2.779715207469869e-58
10.05802901450725 3.428968797724222e-58
10.07003501750875 4.063988463844339e-58
10.08204102051026 4.682538558105563e-58
10.09404702351176 5.282571379867558e-58
10.10605302651326 5.862229031093716e-58
10.11805902951476 6.419843829232577e-58
10.13006503251626 6.953937380604223e-58
10.14207103551776 7.463218420548851e-58
10.15407703851926 7.946579528444526e-58
10.16608304152076 8.403092826390359e-58
10.17808904452226 8.83200476998094e-58
10.19009504752376 9.232730138270074e-58
10.20210105052526 9.604845327841164e-58
10.21410705352676 9.94808105296861e-58
10.22611305652826 1.026231455027048e-57
10.23811905952977 1.054756138211034e-57
10.25012506253126 1.080396692840378e-57
10.26213106553277 1.103179765150561e-57
10.27413706853427 1.12314322135827e-57
10.28614307153577 1.140335252039185e-57
10.29814907453727 1.154813475975345e-57
10.31015507753877 1.166644049730842e-57
10.32216108054027 1.175900788642551e-57
10.33416708354177 1.18266430434419e-57
10.34617308654327 1.18702116338268e-57
10.35817908954477 1.189063070939008e-57
10.37018509254627 1.188886083135656e-57
10.38219109554777 1.186589850902559e-57
10.39419709854927 1.182276897885509e-57
10.40620310155078 1.176051934417767e-57
10.41820910455228 1.168021209138449e-57
10.43021510755378 1.158291899431872e-57
10.44222111055528 1.1469715414809e-57
10.45422711355678 1.134167500375303e-57
10.46623311655828 1.119986480392925e-57
10.47823911955978 1.104534075277802e-57
10.49024512256128 1.08791435807396e-57
10.50225112556278 1.070229509836536e-57
10.51425712856428 1.051579486332059e-57
10.52626313156578 1.032061721656429e-57
10.53826913456728 1.011770867541005e-57
10.55027513756878 9.907985669831736e-58
10.56228114057028 9.692332607267127e-58
10.57428714357179 9.471600250275124e-58
10.58629314657329 9.246604390705915e-58
10.59829914957479 9.018124803532373e-58
10.61030515257629 8.786904463153427e-58
10.62231115557779 8.553649004797185e-58
10.63431715857929 8.319026413613766e-58
10.64632316158079 8.083666924137395e-58
10.65832916458229 7.848163113003141e-58
10.67033516758379 7.613070168110501e-58
10.68234117058529 7.378906317822741e-58
10.69434717358679 7.146153404265058e-58
10.70635317658829 6.915257585324551e-58
10.7183591795898 6.686630150548911e-58
10.7303651825913 6.460648436781563e-58
10.7423711855928 6.23765683004551e-58
10.7543771885943 6.017967840890475e-58
10.7663831915958 5.801863241139316e-58
10.7783891945973 5.589595250701823e-58
10.7903951975988 5.381387763862253e-58
10.8024012006003 5.177437605183043e-58
10.8144072036018 4.977915805898419e-58
10.8264132066033 4.782968892390737e-58
10.8384192096048 4.592720179047186e-58
10.8504252126063 4.407271058480805e-58
10.8624312156078 4.226702282764066e-58
10.87443721860931 4.051075229964155e-58
10.8864432216108 3.880433150883266e-58
10.89844922461231 3.714802391494207e-58
10.91045522761381 3.554193587119026e-58
10.92246123061531 3.39860282492636e-58
10.93446723361681 3.248012771820488e-58
10.94647323661831 3.102393765261697e-58
10.95847923961981 2.96170486499327e-58
10.97048524262131 2.825894864055897e-58
10.98249124562281 2.694903257845143e-58
10.99449724862431 2.568661170313427e-58
11.00650325162581 2.44709223673468e-58
11.01850925462731 2.330113442738651e-58
11.03051525762881 2.21763591958384e-58
11.04252126063032 2.109565695874086e-58
11.05452726363182 2.00580440613511e-58
11.06653326663332 1.906249956855265e-58
11.07853926963482 1.810797150760112e-58
11.09054527263632 1.71933827023509e-58
11.10255127563782 1.63176362093523e-58
11.11455727863932 1.547962036726965e-58
11.12656328164082 1.467821347196235e-58
11.13856928464232 1.391228809030072e-58
11.15057528764382 1.318071502636958e-58
11.16258129064532 1.248236695416009e-58
11.17458729364682 1.181612173117116e-58
11.18659329664832 1.118086540755109e-58
11.19859929964982 1.057549494551544e-58
11.21060530265133 9.998920663790789e-59
11.22261130565283 9.450068421763971e-59
11.23461730865433 8.927881557873555e-59
11.24662331165583 8.431322596572129e-59
11.25862931465733 7.959374737922283e-59
11.27063531765883 7.511043143575096e-59
11.28264132066033 7.085356032522786e-59
11.29464732366183 6.681365599625593e-59
11.30665332666333 6.298148769490205e-59
11.31865932966483 5.934807797832149e-59
11.33066533266633 5.59047073198954e-59
11.34267133566783 5.264291741777232e-59
11.35467733866933 4.955451331382321e-59
11.36668334167084 4.663156442507453e-59
11.37868934467234 4.386640458471942e-59
11.39069534767384 4.125163118484682e-59
11.40270135067534 3.878010350810431e-59
11.41470735367684 3.644494033064211e-59
11.42671335667834 3.423951687390013e-59
11.43871935967984 3.215746117811172e-59
11.45072536268134 3.019264996582172e-59
11.46273136568284 2.833920405927086e-59
11.47473736868434 2.659148341118896e-59
11.48674337168584 2.49440818043783e-59
11.49874937468734 2.339182127146149e-59
11.51075537768885 2.192974628232095e-59
11.52276138069034 2.055311774307434e-59
11.53476738369185 1.925740684691212e-59
11.54677338669335 1.803828881377497e-59
11.55877938969485 1.68916365526644e-59
11.57078539269635 1.581351427736533e-59
11.58279139569785 1.480017110350718e-59
11.59479739869935 1.384803465220039e-59
11.60680340170085 1.295370468295529e-59
11.61880940470235 1.2113946776214e-59
11.63081540770385 1.132568608360178e-59
11.64282141070535 1.058600116192547e-59
11.65482741370685 9.892117905009264e-60
11.66683341670835 9.24140358565689e-60
11.67883941970986 8.63136101835866e-60
11.69084542271136 8.059622851816018e-60
11.70285142571286 7.523945998930658e-60
11.71485742871436 7.022206210592799e-60
11.72686343171586 6.552392798399659e-60
11.73886943471736 6.112603510333764e-60
11.75087543771886 5.701039562426795e-60
11.76288144072036 5.316000828522191e-60
11.77488744372186 4.955881189423653e-60
11.78689344672336 4.619164041971783e-60
11.79889944972486 4.304417967922166e-60
11.81090545272636 4.010292561900484e-60
11.82291145572786 3.735514417179059e-60
11.83491745872936 3.478883267549805e-60
11.84692346173087 3.239268283156814e-60
11.85892946473237 3.015604517793468e-60
11.87093546773387 2.806889504859893e-60
11.88294147073537 2.612179998913308e-60
11.89494747373687 2.430588859522568e-60
11.90695347673837 2.261282073955579e-60
11.91895947973987 2.103475915081129e-60
11.93096548274137 1.956434230752101e-60
11.94297148574287 1.819465860851954e-60
11.95497748874437 1.691922178128396e-60
11.96698349174587 1.5731947489047e-60
11.97898949474737 1.462713109747857e-60
11.99099549774887 1.359942656181647e-60
12.00300150075038 1.264382639559688e-60
12.01500750375187 1.175564268256871e-60
12.02701350675338 1.093048909395537e-60
12.03901950975488 1.016426387393822e-60
12.05102551275638 9.453133757064626e-61
12.06303151575788 8.7935187822161e-61
12.07503751875938 8.182077968798909e-61
12.08704352176088 7.615695821929109e-61
12.09904952476238 7.091469634568815e-61
12.11105552776388 6.606697555821298e-61
12.12306153076538 6.158867395903897e-61
12.13506753376688 5.745646139683111e-61
12.14707353676839 5.364870142071377e-61
12.15907953976988 5.014535980046042e-61
12.17108554277139 4.692791937555308e-61
12.18309154577289 4.397930101121277e-61
12.19509754877439 4.128379045536224e-61
12.20710355177589 3.882697090674147e-61
12.21910955477739 3.659566112106872e-61
12.23111555777889 3.457785889923725e-61
12.24312156078039 3.276268981908843e-61
12.25512756378189 3.114036109033885e-61
12.26713356678339 2.970212043080338e-61
12.27913956978489 2.844021988120222e-61
12.29114557278639 2.734788449562775e-61
12.30315157578789 2.641928586524578e-61
12.31515757878939 2.564952045409883e-61
12.3271635817909 2.50345927480549e-61
12.3391695847924 2.457140324110734e-61
12.3511755877939 2.425774130749273e-61
12.3631815907954 2.409228303358125e-61
12.3751875937969 2.407459411034477e-61
12.3871935967984 2.420513791557913e-61
12.3991995997999 2.448528894511277e-61
12.4112056028014 2.491735178416257e-61
12.4232116058029 2.550458584400099e-61
12.4352176088044 2.625123612539759e-61
12.4472236118059 2.716257030913757e-61
12.4592296148074 2.824492251556276e-61
12.4712356178089 2.95057441198194e-61
12.48324162081041 3.095366205764774e-61
12.49524762381191 3.259854510845668e-61
12.50725362681341 3.445157869847274e-61
12.51925962981491 3.652534882734648e-61
12.53126563281641 3.883393578719687e-61
12.54327163581791 4.13930184141626e-61
12.55527763881941 4.421998968965361e-61
12.56728364182091 4.733408459223847e-61
12.57928964482241 5.075652119211216e-61
12.59129564782391 5.451065607906289e-61
12.60330165082541 5.862215532256648e-61
12.61530765382691 6.311918227992091e-61
12.62731365682841 6.803260369610976e-61
12.63931965982992 7.339621567835476e-61
12.65132566283141 7.924699128018412e-61
12.66333166583292 8.562535159550032e-61
12.67533766883442 9.257546244389712e-61
12.68734367183592 1.001455589257812e-60
12.69934967483742 1.083883003412744e-60
12.71135567783892 1.173611582021231e-60
12.72336168084042 1.271268403228069e-60
12.73536768384192 1.377537542577719e-60
12.74737368684342 1.493165136584745e-60
12.75937968984492 1.618964914591657e-60
12.77138569284642 1.755824241667834e-60
12.78339169584793 1.904710719308917e-60
12.79539769884942 2.066679395075597e-60
12.80740370185093 2.242880637099373e-60
12.81940970485243 2.434568734619432e-60
12.83141570785393 2.643111291441763e-60
12.84342171085543 2.869999485475415e-60
12.85542771385693 3.116859274352371e-60
12.86743371685843 3.385463634632516e-60
12.87943971985993 3.677745930294826e-60
12.89144572286143 3.995814515186844e-60
12.90345172586293 4.341968683920194e-60
12.91545772886443 4.718716096440441e-60
12.92746373186593 5.128791813252853e-60
12.93946973486743 5.575179091148028e-60
12.95147573786893 6.061132103348203e-60
12.96348174087044 6.590200763401974e-60
12.97548774387194 7.166257849018906e-60
12.98749374687344 7.793528640494441e-60
12.99949974987494 8.47662330858212e-60
13.01150575287644 9.220572308790519e-60
13.02351175587794 1.003086506329941e-59
13.03551775887944 1.091349223820316e-59
13.04752376188094 1.18749919528188e-59
13.05952976488244 1.292250028958147e-59
13.07153576788394 1.406380650785485e-59
13.08354177088544 1.530741340309695e-59
13.09554777388694 1.666260329455858e-59
13.10755377688844 1.81395101704003e-59
13.11955977988995 1.974919856917298e-59
13.13156578289145 2.150374983143472e-59
13.14357178589295 2.341635641532929e-59
13.15557778889445 2.550142503572904e-59
13.16758379189595 2.777468945859817e-59
13.17958979489745 3.025333386116181e-59
13.19159579789895 3.295612775493273e-59
13.20360180090045 3.590357356337462e-59
13.21560780390195 3.911806804976242e-59
13.22761380690345 4.262407890450601e-59
13.23961980990495 4.644833792578878e-59
13.25162581290645 5.062005236388269e-59
13.26363181590795 5.517113614908558e-59
13.27563781890946 6.013646288714184e-59
13.28764382191095 6.555414268563655e-59
13.29964982491246 7.14658250717079e-59
13.31165582791396 7.791703047716582e-59
13.32366183091546 8.49575130035576e-59
13.33566783391696 9.264165743888105e-59
13.34767383691846 1.010289137817053e-58
13.35967983991996 1.10184272839825e-58
13.37168584292146 1.201787868118781e-58
13.38369184592296 1.310901391345041e-58
13.39569784892446 1.430032682877684e-58
13.40770385192596 1.560110507012348e-58
13.41970985492746 1.702150483960264e-58
13.43171585792896 1.857263275386974e-58
13.44372186093047 2.026663546753212e-58
13.45572786393197 2.211679780639496e-58
13.46773386693347 2.413765022360445e-58
13.47973986993497 2.634508646987114e-58
13.49174587293647 2.875649245462417e-58
13.50375187593797 3.13908873688922e-58
13.51575787893947 3.426907824373305e-58
13.52776388194097 3.741382923102203e-58
13.53976988494247 4.085004701732834e-58
13.55177588794397 4.460498391752074e-58
13.56378189094547 4.870846034381317e-58
13.57578789394697 5.319310850947075e-58
13.58779389694847 5.809463940574742e-58
13.59979989994997 6.345213528736391e-58
13.61180590295148 6.930837011764896e-58
13.62381190595298 7.571016066121695e-58
13.63581790895448 8.270875117178129e-58
13.64782391195598 9.036023490764373e-58
13.65982991495748 9.872601602001405e-58
13.67183591795898 1.078733157023016e-57
13.68384192096048 1.178757268648438e-57
13.69584792396198 1.288138220124485e-57
13.70785392696348 1.407758194552031e-57
13.71985992996498 1.538583134801642e-57
13.73186593296648 1.681670746570909e-57
13.74387193596798 1.838179270500637e-57
13.75587793896949 2.009377097638176e-57
13.76788394197099 2.196653309746269e-57
13.77988994497248 2.401529233868752e-57
13.79189594797399 2.625671109248881e-57
13.80390195097549 2.87090397422783e-57
13.81590795397699 3.139226891212593e-57
13.82791395697849 3.432829639285573e-57
13.83991995997999 3.754111016632437e-57
13.85192596298149 4.105698908800312e-57
13.86393196598299 4.49047229398588e-57
13.87593796898449 4.911585373224919e-57
13.88794397198599 5.372494031657069e-57
13.89994997498749 5.876984857132073e-57
13.911955977989 6.429206964482099e-57
13.92396198099049 7.03370689800229e-57
13.935967983992 7.695466911270305e-57
13.9479739869935 8.419946952628412e-57
13.959979989995 9.213130716704712e-57
13.9719859929965 1.008157615754438e-56
13.983991995998 1.103247089756662e-56
13.9959979989995 1.207369300899763e-56
14.008004002001 1.321387769102712e-56
14.0200100050025 1.446249041710636e-56
14.032016008004 1.582990718299822e-56
14.0440220110055 1.732750254790082e-56
14.056028014007 1.896774622873798e-56
14.0680340170085 2.07643090821406e-56
14.08004002001 2.273217939038909e-56
14.09204602301151 2.488779045736917e-56
14.10405202601301 2.72491606192054e-56
14.11605802901451 2.983604688254889e-56
14.12806403201601 3.267011352246585e-56
14.14007003501751 3.57751171025537e-56
14.15207603801901 3.917710952345814e-56
14.16408204102051 4.290466086364839e-56
14.17608804402201 4.698910394952589e-56
14.18809404702351 5.146480278222913e-56
14.20010005002501 5.63694471575413e-56
14.21210605302651 6.174437604496324e-56
14.22411205602801 6.763493254432005e-56
14.23611805902951 7.4090853515466e-56
14.24812406203102 8.116669728120412e-56
14.26013006503252 8.892231313814903e-56
14.27213606803402 9.742335677791314e-56
14.28414207103552 1.067418561249578e-55
14.29614807403702 1.1695683254132e-55
14.30815407703852 1.281549828361547e-55
14.32016008004002 1.404314280539729e-55
14.33216608304152 1.53890535604382e-55
14.34417208604302 1.686468219433034e-55
14.35617808904452 1.848259437268308e-55
14.36818409204602 2.025657861404506e-55
14.38019009504752 2.220176579652558e-55
14.39219609804903 2.433476038867291e-55
14.40420210105053 2.66737845589082e-55
14.41620810405203 2.923883643183098e-55
14.42821410705353 3.205186388502534e-55
14.44022011005503 3.513695541772715e-55
14.45222611305653 3.852054977409721e-55
14.46423211605803 4.223166617023843e-55
14.47623811905953 4.630215715699101e-55
14.48824412206103 5.076698635157705e-55
14.50025012506253 5.56645334921527e-55
14.51225612806403 6.103692951224224e-55
14.52426213106553 6.693042459906136e-55
14.53626813406703 7.339579249328275e-55
14.54827413706853 8.04887746104983e-55
14.56028014007003 8.827056791938948e-55
14.57228614307154 9.680836090162723e-55
14.58429214607304 1.061759223472912e-54
14.59629814907454 1.164542482109949e-54
14.60830415207604 1.27732272272168e-54
14.62031015507754 1.401076469127615e-54
14.63231615807904 1.536876009521365e-54
14.64432216108054 1.685898821677323e-54
14.65632816408204 1.84943792887498e-54
14.66833416708354 2.028913278728586e-54
14.68034017008504 2.225884246266894e-54
14.69234617308654 2.442063372676757e-54
14.70435217608804 2.679331462196307e-54
14.71635817908954 2.939754171818643e-54
14.72836418209105 3.225600241855422e-54
14.74037018509255 3.539361530132774e-54
14.75237618809405 3.883775028782848e-54
14.76438219109555 4.261847060399758e-54
14.77638819409705 4.676879869910116e-54
14.78839419709855 5.132500850043198e-54
14.80040020010005 5.632694661969561e-54
14.81240620310155 6.181838538724369e-54
14.82441220610305 6.784741087679353e-54
14.83641820910455 7.446684939835344e-54
14.84842421210605 8.173473628361915e-54
14.86043021510755 8.971483116926792e-54
14.87243621810905 9.847718440281839e-54
14.88444222111056 1.080987596568604e-53
14.89644822411206 1.18664118344682e-53
14.90845422711356 1.302661719882526e-53
14.92046023011506 1.430070093032349e-53
14.93246623311656 1.569988054407898e-53
14.94447223611806 1.723648215685561e-53
14.95647823911956 1.892405037900978e-53
14.96848424212106 2.077746913007699e-53
14.98049024512256 2.281309446665489e-53
14.99249624812406 2.504890061999338e-53
15.00450225112556 2.750464056034702e-53
15.01650825412706 3.020202253677082e-53
15.02851425712857 3.316490418585016e-53
15.04052026013007 3.641950596217188e-53
15.05252626313157 3.999464581862264e-53
15.06453226613307 4.392199725744564e-53
15.07653826913457 4.823637308516116e-53
15.08854427213607 5.297603743790159e-53
15.10055027513757 5.818304890056399e-53
15.11255627813907 6.39036378257959e-53
15.12456228114057 7.018862126978864e-53
15.13656828414207 7.709385930400945e-53
15.14857428714357 8.468075683849186e-53
15.16058029014507 9.301681550657603e-53
15.17258629314657 1.021762406168476e-52
15.18459229614807 1.122406086796436e-52
15.19659829914957 1.232996015674839e-52
15.20860430215108 1.354518139762121e-52
15.22061030515258 1.488056415220678e-52
15.23261630815408 1.634802575455028e-52
15.24462231115558 1.796066875020591e-52
15.25662831415708 1.973289907114817e-52
15.26863431715858 2.168055602166363e-52
15.28064032016008 2.382105525827653e-52
15.29264632316158 2.617354606550531e-52
15.30465232616308 2.875908435993344e-52
15.31665832916458 3.160082299890777e-52
15.32866433216608 3.472422112847616e-52
15.34067033516758 3.8157274479402e-52
15.35267633816908 4.193076871185057e-52
15.36468234117059 4.607855812039874e-52
15.37668834417209 5.063787224332175e-52
15.38869434717359 5.564965317579952e-52
15.40070035017509 6.115892666811971e-52
15.41270635317659 6.721521039973238e-52
15.42471235617809 7.387296316098997e-52
15.43671835917959 8.119207904973534e-52
15.44872436218109 8.923843120304523e-52
15.46073036518259 9.808447003921377e-52
15.47273636818409 1.078098814856723e-51
15.48474237118559 1.185023112196145e-51
15.49674837418709 1.302581615547258e-51
15.50875437718859 1.431834682752124e-51
15.5207603801901 1.573948654534627e-51
15.5327663831916 1.730206470969627e-51
15.5447723861931 1.902019353610068e-51
15.5567783891946 2.090939660445496e-51
15.5687843921961 2.298675031663223e-51
15.5807903951976 2.527103956070738e-51
15.5927963981991 2.778292901125227e-51
15.6048024012006 3.054515163924452e-51
15.6168084042021 3.358271616376242e-51
15.6288144072036 3.692313535228717e-51
15.6408204102051 4.059667726871921e-51
15.6528264132066 4.463664177992335e-51
15.6648324162081 4.90796648647107e-51
15.6768384192096 5.396605352580913e-51
15.6888444222111 5.934015438795009e-51
15.70085042521261 6.525075937633249e-51
15.71285642821411 7.175155221230474e-51
15.72486243121561 7.890159984031572e-51
15.73686843421711 8.676589331553265e-51
15.74887443721861 9.541594313886559e-51
15.76088044022011 1.049304345297324e-50
15.77288644322161 1.153959486814233e-50
15.78489244622311 1.269077566545434e-50
15.79689844922461 1.395706932364022e-50
15.80890445222611 1.535001188346464e-50
15.82091045522761 1.688229782887792e-50
15.83291645822911 1.856789663810808e-50
15.84492246123061 2.042218108171907e-50
15.85692846423212 2.246206845354538e-50
15.86893446723362 2.470617604032144e-50
15.88094047023512 2.717499226787321e-50
15.89294647323662 2.989106510716164e-50
15.90495247623812 3.287920948361812e-50
15.91695847923962 3.616673560958482e-50
15.92896448224112 3.978370035391354e-50
15.94097048524262 4.376318397669747e-50
15.95297648824412 4.814159479270807e-50
15.96498249124562 5.295900458658312e-50
15.97698849424712 5.825951788858538e-50
15.98899449724862 6.409167853449249e-50
16.00100050025013 7.050891727982817e-50
16.01300650325162 7.757004462044239e-50
16.02501250625313 8.533979339196054e-50
16.03701850925463 9.388941618378041e-50
16.04902451225613 1.032973431134323e-49
16.06103051525763 1.136499060690011e-49
16.07303651825913 1.250421361461952e-49
16.08504252126063 1.375786416883293e-49
16.09704852426213 1.513745750883395e-49
16.10905452726363 1.665566973390027e-49
16.12106053026513 1.832645502285303e-49
16.13306653326664 2.016517470821726e-49
16.14507253626813 2.218873940558142e-49
16.15707853926963 2.441576552051048e-49
16.16908454227114 2.686674758948696e-49
16.18109054527264 2.956424805909476e-49
16.19309654827414 3.253310627040538e-49
16.20510255127564 3.580066859480251e-49
16.21710855427714 3.939704186496861e-49
16.22911455727864 4.335537246230871e-49
16.24112056028014 4.771215366174382e-49
16.25312656328164 5.250756409881586e-49
16.26513256628314 5.778584051488738e-49
16.27713856928464 6.359568825662114e-49
16.28914457228614 6.999073335889518e-49
16.30115057528764 7.70300204291632e-49
16.31315657828915 8.477856097965854e-49
16.32516258129064 9.330793732578826e-49
16.33716858429214 1.026969676890054e-48
16.34917458729365 1.130324387152671e-48
16.36118059029515 1.2440991225127e-48
16.37318659329665 1.369346139159317e-48
16.38519259629815 1.507224117706005e-48
16.39719859929965 1.659008942354185e-48
16.40920460230115 1.826105573290873e-48
16.42121060530265 2.010061123337268e-48
16.43321660830415 2.212579261152184e-48
16.44522261130565 2.435536075730097e-48
16.45722861430716 2.6809975506353e-48
16.46923461730865 2.951238811510218e-48
16.48124062031015 3.248765327029586e-48
16.49324662331166 3.57633626179938e-48
16.50525262631316 3.936990199893026e-48
16.51725862931466 4.334073479967404e-48
16.52926463231616 4.771271407417507e-48
16.54127063531766 5.252642636042044e-48
16.55327663831916 5.782657041457631e-48
16.56528264132066 6.36623744129703e-48
16.57728864432216 7.00880555336637e-48
16.58929464732366 7.716332622758326e-48
16.60130065032516 8.495395192798396e-48
16.61330665332666 9.353236543053672e-48
16.62531265632816 1.029783437091406e-47
16.63731865932967 1.13379753519676e-47
16.64932466233117 1.24833372790884e-47
16.66133066533267 1.374457955144892e-47
16.67333666833417 1.51334428632299e-47
16.68534267133567 1.6662859028375e-47
16.69734867433717 1.834707197313828e-47
16.70935467733867 2.020177103330462e-47
16.72136068034017 2.224423780881789e-47
16.73336668334167 2.449350795622365e-47
16.74537268634317 2.697054944003072e-47
16.75737868934467 2.96984589191467e-47
16.76938469234617 3.270267811541401e-47
16.78139069534767 3.601123219958012e-47
16.79339669834918 3.96549924375592e-47
16.80540270135068 4.366796556854534e-47
16.81740870435218 4.80876126385827e-47
16.82941470735368 5.29552002909716e-47
16.84142071035518 5.83161878210173e-47
16.85342671335668 6.422065364001043e-47
16.86543271635818 7.072376516515552e-47
16.87743871935968 7.788629656195878e-47
16.88944472236118 8.577519921722602e-47
16.90145072536268 9.446423031858663e-47
16.91345672836418 1.040346454650596e-46
16.92546273136568 1.145759618378139e-46
16.93746873436718 1.261867991266726e-46
16.94947473736868 1.389758061423844e-46
16.96148074037018 1.530626818541979e-46
16.97348674337169 1.685793004844915e-46
16.98549274637319 1.856709512756028e-46
16.99749874937469 2.044977046278739e-46
17.00950475237619 2.252359175025755e-46
17.02151075537769 2.48079892300112e-46
17.03351675837919 2.73243704875236e-46
17.04552276138069 3.009632189506767e-46
17.05752876438219 3.314983059537958e-46
17.06953476738369 3.651352912443478e-46
17.08154077038519 4.021896498435933e-46
17.09354677338669 4.430089771362153e-46
17.10555277638819 4.879762626191386e-46
17.1175587793897 5.375134976401663e-46
17.1295647823912 5.920856512315461e-46
17.14157078539269 6.522050516292152e-46
17.1535767883942 7.184362149106383e-46
17.1655827913957 7.914011664193376e-46
17.1775887943972 8.717853053126755e-46
17.1895947973987 9.603438677155221e-46
17.2016008004002 1.057909049635034e-45
17.2136068034017 1.165397857044806e-45
17.2256128064032 1.283820757439543e-45
17.2376188094047 1.414291214759714e-45
17.2496248124062 1.558036197961563e-45
17.26163081540771 1.716407762741067e-45
17.27363681840921 1.890895816098754e-45
17.2856428214107 2.083142184652473e-45
17.29764882441221 2.294956119974053e-45
17.30965482741371 2.528331387860934e-45
17.32166083041521 2.785465103485014e-45
17.33366683341671 3.068778490931204e-45
17.34567283641821 3.380939763905241e-45
17.35767883941971 3.724889344527949e-45
17.36968484242121 4.1038676593332e-45
17.38169084542271 4.521445776060555e-45
17.39369684842421 4.981559171814049e-45
17.40570285142572 5.488544952902769e-45
17.41770885442721 6.047182879469987e-45
17.42971485742871 6.662740584168083e-45
17.44172086043022 7.341023413990638e-45
17.45372686343172 8.088429368310611e-45
17.46573286643321 8.912009654613189e-45
17.47773886943472 9.819535436815192e-45
17.48974487243622 1.081957140993895e-44
17.50175087543772 1.192155689981847e-44
17.51375687843922 1.313589525807814e-44
17.52576288144072 1.447405240152215e-44
17.53776888444222 1.594866543205693e-44
17.54977488744372 1.757366236917146e-44
17.56178089044522 1.936439413273236e-44
17.57378689344672 2.133778003042475e-44
17.58579289644823 2.351246813269415e-44
17.59779889944972 2.59090120597488e-44
17.60980490245122 2.855006586141507e-44
17.62181090545273 3.146059884289423e-44
17.63381690845423 3.46681323793886e-44
17.64582291145573 3.820300097196421e-44
17.65782891445723 4.209864002789188e-44
17.66983491745873 4.639190310326531e-44
17.68184092046023 5.112341162636309e-44
17.69384692346173 5.63379404296807e-44
17.70585292646323 6.208484275976639e-44
17.71785892946473 6.841851881020688e-44
17.72986493246623 7.539893223792176e-44
17.74187093546773 8.309217958030044e-44
17.75387693846923 9.157111799502226e-44
17.76588294147074 1.009160573004585e-43
17.77788894447224 1.112155229076775e-43
17.78989494747374 1.225670969111217e-43
17.80190095047524 1.350783453504562e-43
17.81390695347674 1.488678404780369e-43
17.82591295647824 1.640662877727562e-43
17.83791895947974 1.80817768440375e-43
17.84992496248124 1.992811092423915e-43
17.86193096548274 2.1963139271056e-43
17.87393696848424 2.420616221439938e-43
17.88594297148574 2.667845572631677e-43
17.89794897448724 2.940347380242093e-43
17.90995497748874 3.240707158932337e-43
17.92196098049025 3.571775138612994e-43
17.93396698349175 3.936693386648159e-43
17.94597298649325 4.338925710848114e-43
17.95797898949475 4.782290628544153e-43
17.96998499249625 5.270997716326645e-43
17.98199099549775 5.809687687323213e-43
17.99399699849925 6.403476578507223e-43
18.00600300150075 7.058004469798566e-43
18.01800900450225 7.779489200024995e-43
18.03001500750375 8.574785592567747e-43
18.04202101050525 9.451450756177234e-43
18.05402701350675 1.041781608451752e-42
18.06603301650825 1.148306664203845e-42
18.07803901950975 1.265732869439517e-42
18.09004502251126 1.39517662195128e-42
18.10205102551276 1.537868732127549e-42
18.11405702851426 1.695166156252715e-42
18.12606303151576 1.868564933851259e-42
18.13806903451726 2.05971445270649e-42
18.15007503751876 2.270433177886027e-42
18.16208104052026 2.502725995113343e-42
18.17408704352176 2.758803334271807e-42
18.18609304652326 3.04110225586281e-42
18.19809904952476 3.352309702026005e-42
18.21010505252626 3.695388134447708e-42
18.22211105552776 4.073603804331666e-42
18.23411705852926 4.490557924803857e-42
18.24612306153077 4.950221043911461e-42
18.25812906453227 5.456970947022169e-42
18.27013506753377 6.015634451227576e-42
18.28214107053527 6.631533491627743e-42
18.29414707353677 7.310535940480872e-42
18.30615307653827 8.059111645536651e-42
18.31815907953977 8.884394223869565e-42
18.33016508254127 9.794249202668765e-42
18.34217108554277 1.07973491592536e-41
18.35417708854427 1.190325657965207e-41
18.36618309154577 1.312251522904724e-41
18.37818909454727 1.44667509089741e-41
18.39019509754878 1.594878256612e-41
18.40220110055028 1.758274481680884e-41
18.41420710355177 1.938422306068647e-41
18.42621310655328 2.137040247782252e-41
18.43821910955478 2.356023233656147e-41
18.45022511255628 2.597460718627238e-41
18.46223111555778 2.863656667107154e-41
18.47423711855928 3.15715158791824e-41
18.48624312156078 3.48074683395666e-41
18.49824912456228 3.837531399470306e-41
18.51025512756378 4.230911471799473e-41
18.52226113056528 4.66464302085485e-41
18.53426713356679 5.142867738754213e-41
18.54627313656828 5.670152674186402e-41
18.55827913956978 6.251533941527784e-41
18.57028514257129 6.892564923843213e-41
18.58229114557279 7.599369432036535e-41
18.59429714857428 8.378700329989434e-41
18.60630315157579 9.238004187999723e-41
18.61830915457729 1.0185492584705e-40
18.63031515757879 1.123022074151201e-40
18.64232116058029 1.238217424395966e-40
18.65432716358179 1.365236468210179e-40
18.66633316658329 1.505293512765108e-40
18.67833916958479 1.659727646010251e-40
18.69034517258629 1.830015565826178e-40
18.70235117558779 2.017785728854361e-40
18.7143571785893 2.224833954818352e-40
18.72636318159079 2.453140636134347e-40
18.73836918459229 2.704889718033238e-40
18.7503751875938 2.982489631429247e-40
18.7623811905953 3.288596379535676e-40
18.7743871935968 3.626138999927082e-40
18.7863931965983 3.998347646578262e-40
18.7983991995998 4.408784561593758e-40
18.8104052026013 4.861378234119612e-40
18.8224112056028 5.360461074569067e-40
18.8344172086043 5.910810966091065e-40
18.8464232116058 6.517697092489985e-40
18.85842921460731 7.186930482926191e-40
18.8704352176088 7.924919759085537e-40
18.8824412206103 8.738732620538936e-40
18.89444722361181 9.636163659202214e-40
18.90645322661331 1.062580915468349e-39
18.91845922961481 1.171714956945653e-39
18.93046523261631 1.292064053687075e-39
18.94247123561781 1.424781321671592e-39
18.95447723861931 1.571138498318823e-39
18.96648324162081 1.73253815095243e-39
18.97848924462231 1.910527142323735e-39
18.99049524762381 2.106811482686287e-39
19.00250125062531 2.323272711256541e-39
19.01450725362681 2.561985964615964e-39
19.02651325662831 2.82523990584759e-39
19.03851925962982 3.115558706111985e-39
19.05052526263132 3.43572629012614e-39
19.06253126563282 3.788813078804844e-39
19.07453726863432 4.1782054863673e-39
19.08654327163582 4.607638455734404e-39
19.09854927463732 5.081231345299529e-39
19.11055527763882 5.603527512430283e-39
19.12256128064032 6.179537974661629e-39
19.13456728364182 6.814789568815294e-39
19.14657328664332 7.515378071605541e-39
19.15857928964482 8.28802679308466e-39
19.17058529264632 9.140151207004452e-39
19.18259129564782 1.007993024033054e-38
19.19459729864932 1.11163849083062e-38
19.20660330165082 1.225946505224006e-38
19.21860930465233 1.352014501527083e-38
19.23061530765383 1.491052917749474e-38
19.24262131065533 1.644396836686026e-38
19.25462731365683 1.81351882670547e-38
19.26663331665833 2.000043105924195e-38
19.27863931965983 2.205761166207526e-38
19.29064532266133 2.432649007513399e-38
19.30265132566283 2.682886148617844e-38
19.31465732866433 2.958876597387939e-38
19.32666333166583 3.263271982661355e-38
19.33866933466733 3.598997070634459e-38
19.35067533766883 3.969277911654697e-38
19.36268134067033 4.37767288867931e-38
19.37468734367184 4.828106966646616e-38
19.38669334667334 5.324909472878034e-38
19.39869934967484 5.872855772687051e-38
19.41070535267634 6.477213241944299e-38
19.42271135567784 7.143791979798633e-38
19.43471735867934 7.879000750482966e-38
19.44672336168084 8.689908693582386e-38
19.45872936468234 9.584313397797901e-38
19.47073536768384 1.057081599463982e-37
19.48274137068534 1.165890399622328e-37
19.49474737368684 1.285904267606942e-37
19.50675337668834 1.418277587426105e-37
19.51875937968985 1.564283719925766e-37
19.53076538269135 1.725327269902117e-37
19.54277138569284 1.902957618480898e-37
19.55477738869435 2.098883851312598e-37
19.56678339169585 2.314991226607206e-37
19.57878939469735 2.553359341897736e-37
19.59079539769885 2.816282174822379e-37
19.60280140070035 3.106290191308939e-37
19.61480740370185 3.426174734507508e-37
19.62681340670335 3.779014929840751e-37
19.63881940970485 4.168207365838825e-37
19.65082541270635 4.597498837232696e-37
19.66283141570786 5.071022466354522e-37
19.67483741870936 5.593337551522977e-37
19.68684342171085 6.169473527090243e-37
19.69884942471236 6.80497845954399e-37
19.71085542771386 7.505972547876295e-37
19.72286143071536 8.279207144775475e-37
19.73486743371686 9.132129868534198e-37
19.74687343671836 1.007295643441358e-36
19.75887943971986 1.111074989912748e-36
19.77088544272136 1.225550808374202e-36
19.78289144572286 1.351826001931513e-36
19.79489744872436 1.491117234679445e-36
19.80690345172586 1.644766669889241e-36
19.81890945472736 1.81425491977957e-36
19.83091545772886 2.001215331966956e-36
19.84292146073037 2.20744975061179e-36
19.85492746373187 2.434945904530934e-36
19.86693346673336 2.685896590275507e-36
19.87893946973487 2.962720835524957e-36
19.89094547273637 3.268087247293928e-36
19.90295147573787 3.604939770571895e-36
19.91495747873937 3.97652610632166e-36
19.92696348174087 4.386429063477012e-36
19.93896948474237 4.838601147951131e-36
19.95097548774387 5.337402722970279e-36
19.96298149074537 5.887644109584924e-36
19.97498749374687 6.494632034317138e-36
19.98699349674838 7.164220872947698e-36
19.99899949974987 7.902869185835932e-36
20.01100550275137 8.717702091349097e-36
20.02301150575288 9.616580080451548e-36
20.03501750875438 1.060817493781398e-35
20.04702351175588 1.17020535035529e-35
20.05902951475738 1.29087700855662e-35
20.07103551775888 1.42399684161263e-35
20.08304152076038 1.570849413873939e-35
20.09504752376188 1.732851891317071e-35
20.10705352676338 1.911567733896005e-35
20.11905952976488 2.108721802179664e-35
20.13106553276639 2.326217024398957e-35
20.14307153576788 2.566152785128648e-35
20.15507753876938 2.83084521349193e-35
20.16708354177089 3.122849567160929e-35
20.17908954477239 3.444984928712197e-35
20.19109554777389 3.800361453279404e-35
20.20310155077539 4.192410431142617e-35
20.21510755377689 4.62491745614406e-35
20.22711355677839 5.102059020888279e-35
20.23911955977989 5.628442892861265e-35
20.25112556278139 6.2091526622102e-35
20.26313156578289 6.849796892317434e-35
20.27513756878439 7.556563348870884e-35
20.28714357178589 8.336278832309949e-35
20.29914957478739 9.196475192788046e-35
20.3111555777889 1.014546216666586e-34
20.3231615807904 1.119240773961376e-34
20.3351675837919 1.234742681429781e-34
20.3471735867934 1.362167904105838e-34
20.3591795897949 1.50274767587426e-34
20.3711855927964 1.657840409078319e-34
20.3831915957979 1.828944834967513e-34
20.3951975987994 2.017714502223603e-34
20.4072036018009 2.225973773960246e-34
20.4192096048024 2.455735478108837e-34
20.4312156078039 2.709220382121968e-34
20.4432216108054 2.988878680601716e-34
20.4552276138069 3.297413703963816e-34
20.4672336168084 3.63780807777017e-34
20.4792396198099 4.013352586109545e-34
20.49124562281141 4.427678018610152e-34
20.50325162581291 4.884790309582202e-34
20.51525762881441 5.389109309693919e-34
20.52726363181591 5.945511565790383e-34
20.53926963481741 6.559377523312348e-34
20.55127563781891 7.23664360863891e-34
20.56328164082041 7.983859695979039e-34
20.57528764382191 8.808252515631851e-34
20.58729364682341 9.717795618030107e-34
20.59929964982491 1.072128657153467e-33
20.61130565282641 1.182843214207617e-33
20.62331165582791 1.304994228012428e-33
20.63531765882941 1.439763382585582e-33
20.64732366183092 1.588454493761837e-33
20.65932966483242 1.752506135276151e-33
20.67133566783392 1.933505570464119e-33
20.68334167083542 2.13320412462081e-33
20.69534767383692 2.35353414702964e-33
20.70735367683842 2.596627727089173e-33
20.71935967983992 2.864837345977123e-33
20.73136568284142 3.1607586640627e-33
20.74337168584292 3.487255664992769e-33
20.75537768884442 3.847488400235282e-33
20.76738369184592 4.244943603086946e-33
20.77938969484742 4.683468468985864e-33
20.79139569784893 5.167307929684326e-33
20.80340170085043 5.701145782729908e-33
20.81540770385192 6.290150075103923e-33
20.82741370685343 6.940023181137941e-33
20.83941970985493 7.657057060372235e-33
20.85142571285643 8.448194231277108e-33
20.86343171585793 9.321095052216593e-33
20.87543771885943 1.028421196223298e-32
20.88744372186093 1.134687140176395e-32
20.89944972486243 1.251936420792755e-32
20.91145572786393 1.381304536124801e-32
20.92346173086543 1.524044405144503e-32
20.93546773386693 1.681538513005352e-32
20.94747373686843 1.855312312815083e-32
20.95947973986993 2.047049013941866e-32
20.97148574287144 2.258605900334125e-32
20.98349174587294 2.492032337184685e-32
20.99549774887443 2.749589640657887e-32
21.00750375187594 3.033773003482777e-32
21.01950975487744 3.347335689172214e-32
21.03151575787894 3.693315729650511e-32
21.04352176088044 4.075065385375057e-32
21.05552776388194 4.49628365385631e-32
21.06753376688344 4.961052142076148e-32
21.07953976988494 5.473874650964394e-32
21.09154577288644 6.039720856134632e-32
21.10355177588794 6.664074508853464e-32
21.11555777888945 7.352986625108467e-32
21.12756378189095 8.113134179075933e-32
21.13956978489244 8.951884870740394e-32
21.15157578789395 9.877368596403696e-32
21.16358179089545 1.089855631591482e-31
21.17558779389695 1.202534708228564e-31
21.18759379689845 1.326866407863012e-31
21.19959979989995 1.464056059484613e-31
21.21160580290145 1.615433697299896e-31
21.22361180590295 1.782466965690415e-31
21.23561780890445 1.966775359897755e-31
21.24762381190595 2.170145940716713e-31
21.25962981490746 2.39455067579642e-31
21.27163581790895 2.642165575950337e-31
21.28364182091045 2.91539181231369e-31
21.29564782391196 3.216879019430463e-31
21.30765382691346 3.549551010588715e-31
21.31965982991496 3.916634155159022e-31
21.33166583291646 4.321688693554297e-31
21.34367183591796 4.768643293971374e-31
21.35567783891946 5.261833186573152e-31
21.36768384192096 5.806042245531059e-31
21.37968984492246 6.406549427708955e-31
21.39169584792396 7.069180019104499e-31
21.40370185092547 7.800362186883952e-31
21.41570785392696 8.607189386405839e-31
21.42771385692846 9.497489229529012e-31
21.43971985992997 1.04798994832949e-30
21.45172586293147 1.156395193737277e-30
21.46373186593297 1.276016495513439e-30
21.47573786893447 1.408014560762454e-30
21.48774387193597 1.553670238283715e-30
21.49974987493747 1.714396956549912e-30
21.51175587793897 1.891754449600528e-30
21.52376188094047 2.087463904234137e-30
21.53576788394197 2.303424675699527e-30
21.54777388694347 2.541732734333402e-30
21.55977988994497 2.804701022419835e-30
21.57178589294647 3.09488191911744e-30
21.58379189594798 3.415092031795072e-30
21.59579789894947 3.768439554735067e-30
21.60780390195097 4.158354461124757e-30
21.61980990495248 4.588621821804885e-30
21.63181590795398 5.063418574645791e-30
21.64382191095548 5.587354101974495e-30
21.65582791395698 6.16551501050461e-30
21.66783391695848 6.803514549086496e-30
21.67983991995998 7.507547144695035e-30
21.69184592296148 8.284448586845441e-30
21.70385192596298 9.141762445558206e-30
21.71585792896448 1.008781336861677e-29
21.72786393196598 1.113178797076617e-29
21.73986993496748 1.228382410133814e-29
21.75187593796898 1.355510935827738e-29
21.76388194097049 1.495798980647689e-29
21.77588794397199 1.650608995758352e-29
21.78789394697349 1.821444517797374e-29
21.79989994997499 2.009964781248984e-29
21.81190595297649 2.218000844494608e-29
21.82391195597799 2.447573386365922e-29
21.83591795897949 2.700912346276384e-29
21.84792396198099 2.980478598942001e-29
21.85992996498249 3.288987874495519e-29
21.87193596798399 3.629437156643097e-29
21.88394197098549 4.005133815621428e-29
21.89594797398699 4.419727759320836e-29
21.90795397698849 4.877246915305293e-29
21.91995997999 5.382136388869173e-29
21.9319659829915 5.939301678038648e-29
21.943971985993 6.554156365900957e-29
21.9559779889945 7.232674754211756e-29
21.967983991996 7.981449950313467e-29
21.9799899949975 8.807757972464259e-29
21.991995997999 9.719628497244442e-29
22.0040020010005 1.072592293734513e-28
22.016008004002 1.183642060938225e-28
22.0280140070035 1.306191383011184e-28
22.040020010005 1.441431286631718e-28
22.0520260130065 1.590676175954e-28
22.064032016008 1.755376615267157e-28
22.07603801900951 1.937133436223463e-28
22.088044022011 2.137713306911248e-28
22.10005002501251 2.359065914277137e-28
22.11205602801401 2.603342927106374e-28
22.12406203101551 2.872918924102073e-28
22.13606803401701 3.17041449073323e-28
22.14807403701851 3.498721709633349e-28
22.16008004002001 3.861032292632376e-28
22.17208604302151 4.260868628221112e-28
22.18409204602301 4.702118046629932e-28
22.19609804902451 5.189070636028883e-28
22.20810405202601 5.726460977929238e-28
22.22011005502752 6.319514208024028e-28
22.23211605802901 6.973996850818747e-28
22.24412206103052 7.696272922883445e-28
22.25612806403202 8.49336585085665e-28
22.26813406703352 9.373026806949708e-28
22.28014007003502 1.03438101271886e-27
22.29214607303652 1.141515654659826e-27
22.30415207603802 1.259748506165306e-27
22.31615807903952 1.390229431432892e-27
22.32816408204102 1.534227448481515e-27
22.34017008504252 1.693143078228123e-27
22.35217608804402 1.868521973604287e-27
22.36418209104552 2.062069961413241e-27
22.37618809404702 2.275669643386633e-27
22.38819409704853 2.511398718085768e-27
22.40020010005003 2.771550202052279e-27
22.41220610305152 3.05865474711141e-27
22.42421210605303 3.375505271147485e-27
22.43621810905453 3.725184142204837e-27
22.44822411205603 4.111093180637873e-27
22.46023011505753 4.536986771483568e-27
22.47223611805903 5.007008409525871e-27
22.48424212106053 5.525731032959623e-27
22.49624812406203 6.098201538467495e-27
22.50825412706353 6.729989911256658e-27
22.52026013006503 7.427243448559679e-27
22.53226613306653 8.196746604724402e-27
22.54427213606803 9.045987040783966e-27
22.55627813906953 9.98322852184459e-27
22.56828414207104 1.101759137234431e-26
22.58029014507254 1.21591412728707e-26
22.59229614807404 1.341898726349766e-26
22.60430215107554 1.480938990830277e-26
22.61630815407704 1.634388067473148e-26
22.62831415707854 1.803739369074831e-26
22.64032016008004 1.990641116332265e-26
22.65232616308154 2.196912387491407e-26
22.66433216608304 2.424560832154646e-26
22.67633816908454 2.675802221822411e-26
22.68834417208604 2.953082027642772e-26
22.70035017508754 3.259099235597748e-26
22.71235617808905 3.596832631159179e-26
22.72436218109054 3.969569809512773e-26
22.73636818409205 4.380939194011085e-26
22.74837418709355 4.834945374833586e-26
22.76038019009505 5.336008112190485e-26
22.77238619309655 5.889005384122213e-26
22.78439219609805 6.499320898366425e-26
22.79639819909955 7.172896531273677e-26
22.80840420210105 7.916290204775577e-26
22.82041020510255 8.736739765413714e-26
22.83241620810405 9.642233487940532e-26
22.84442221110555 1.064158789057534e-25
22.85642821410705 1.174453362026941e-25
22.86843421710855 1.296181024499826e-25
22.88044022011006 1.430527087692462e-25
22.89244622311156 1.578799764610801e-25
22.90445222611306 1.742442915021155e-25
22.91645822911456 1.923050112240505e-25
22.92846423211606 2.122380168852371e-25
22.94047023511756 2.342374272677111e-25
22.95247623811906 2.585174900024049e-25
22.96448224112056 2.853146690580096e-25
22.97648824412206 3.148899487414417e-25
22.98849424712356 3.47531376668794e-25
23.00050025012506 3.835568704955748e-25
23.01250625312656 4.23317315766709e-25
23.02451225612806 4.671999850852617e-25
23.03651825912956 5.15632311931843e-25
23.04852426213106 5.690860559247081e-25
23.06053026513257 6.280819001274391e-25
23.07253626813407 6.931945252239754e-25
23.08454227113557 7.65058210030781e-25
23.09654827413707 8.443730129484409e-25
23.10855427713857 9.319115946200271e-25
23.12056028014007 1.028526748316457e-24
23.13256628314157 1.135159711470743e-24
23.14457228614307 1.252849339400887e-24
23.15657828914457 1.382742230669434e-24
23.16858429214607 1.526103902808546e-24
23.18059029514757 1.684331127383227e-24
23.19259629814907 1.858965544672178e-24
23.20460230115058 2.051708690725845e-24
23.21660830415207 2.264438583336372e-24
23.22861430715358 2.499228028658798e-24
23.24062031015508 2.758364827005222e-24
23.25262631315658 3.044374074857651e-24
23.26463231615808 3.360042780591492e-24
23.27663831915958 3.708447033969697e-24
23.28864432216108 4.092981994377632e-24
23.30065032516258 4.517394990263881e-24
23.31265632816408 4.98582205260065e-24
23.32466233116558 5.502828238675453e-24
23.33666833416708 6.073452139500134e-24
23.34867433716859 6.703255004934848e-24
23.36068034017008 7.398374965671606e-24
23.37268634317159 8.165586880944132e-24
23.38469234617309 9.012368395713034e-24
23.39669834917459 9.946972851653605e-24
23.40870435217609 1.097850976313879e-23
23.42071035517759 1.211703364321482e-23
23.43271635817909 1.33736420460318e-23
23.44472236118059 1.476058378211143e-23
23.45672836418209 1.629137836208637e-23
23.46873436718359 1.798094783409942e-23
23.48074037018509 1.984576230097509e-23
23.49274637318659 2.190400053675084e-23
23.50475237618809 2.417572726948406e-23
23.5167583791896 2.668308885987068e-23
23.5287643821911 2.945052928471061e-23
23.5407703851926 3.250502853238458e-23
23.5527763881941 3.587636573620199e-23
23.5647823911956 3.959740961287331e-23
23.5767883941971 4.370443903981083e-23
23.5887943971986 4.82374968990685e-23
23.6008004002001 5.324078064036582e-23
23.6128064032016 5.876307337397288e-23
23.6248124062031 6.485821969975914e-23
23.6368184092046 7.158565091529115e-23
23.6488244122061 7.901096472776365e-23
23.6608304152076 8.720656512647197e-23
23.6728364182091 9.625236865966994e-23
23.6848424212106 1.062365840077432e-22
23.69684842421211 1.17256572459987e-22
23.70885442721361 1.294197976918945e-22
23.72086043021511 1.428448741114467e-22
23.73286643321661 1.576627240049589e-22
23.74487243621811 1.740178547749662e-22
23.75687843921961 1.920697687348054e-22
23.76888444222111 2.119945192183988e-22
23.78089044522261 2.339864281919166e-22
23.79289644822411 2.582599821304206e-22
23.80490245122561 2.850519246626732e-22
23.81690845422711 3.146235664080202e-22
23.82891445722861 3.47263334549375e-22
23.84092046023012 3.832895870265536e-22
23.85292646323161 4.230537188173816e-22
23.86493246623312 4.669435906253387e-22
23.87693846923462 5.153873134398725e-22
23.88894447223612 5.688574259096278e-22
23.90095047523762 6.278755053036346e-22
23.91295647823912 6.930172570684128e-22
23.92496248124062 7.649181326613381e-22
23.93696848424212 8.44279530498081e-22
23.94897448724362 9.318756405448615e-22
23.96098049024512 1.028560999370244e-21
23.97298649324662 1.135278829407601e-21
23.98499249624813 1.253070243835947e-21
23.99699849924962 1.38308440693834e-21
24.00900450225113 1.526589749126063e-21
24.02101050525263 1.684986346114357e-21
24.03301650825413 1.859819583102242e-21
24.04502251125563 2.052795237355899e-21
24.05702851425713 2.265796126444726e-21
24.06903451725863 2.500900484666877e-21
24.08104052026013 2.760402247076034e-21
24.09304652326163 3.046833439148304e-21
24.10505252626313 3.362988890689308e-21
24.11705852926463 3.71195351527766e-21
24.12906453226613 4.09713242159371e-21
24.14107053526763 4.522284150636489e-21
24.15307653826913 4.991557363357208e-21
24.16508254127064 5.50953133693276e-21
24.17708854427213 6.081260665096472e-21
24.18909454727364 6.712324598999302e-21
24.20110055027514 7.408881510393608e-21
24.21310655327664 8.177729008956573e-21
24.22511255627814 9.02637030078969e-21
24.23711855927964 9.963087436084003e-21
24.24912456228114 1.099702216122357e-20
24.26113056528264 1.213826516486897e-20
24.27313656828414 1.339795458954425e-20
24.28514257128564 1.47883847707457e-20
24.29714857428714 1.632312626548256e-20
24.30915457728864 1.801715834242517e-20
24.32116058029014 1.988701522755171e-20
24.33316658329165 2.195094753353924e-20
24.34517258629315 2.422910044945305e-20
24.35717858929465 2.674371043099567e-20
24.36918459229615 2.951932231228697e-20
24.38119059529765 3.258302895962145e-20
24.39319659829915 3.596473580783972e-20
24.40520260130065 3.969745286300815e-20
24.41720860430215 4.381761702339925e-20
24.42921460730365 4.83654478669267e-20
24.44122061030515 5.3385340380107e-20
24.45322661330665 5.892629846448923e-20
24.46523261630815 6.504241345484026e-20
24.47723861930966 7.179339232308865e-20
24.48924462231115 7.924514072741268e-20
24.50125062531266 8.747040660164848e-20
24.51325662831416 9.654949057163016e-20
24.52526263131566 1.065710301379333e-19
24.53726863431716 1.176328652851562e-19
24.54927463731866 1.298429939733829e-19
24.56128064032016 1.433206268456008e-19
24.57328664332166 1.581973514541742e-19
24.58529264632316 1.746184173794829e-19
24.59729864932466 1.927441547949621e-19
24.60930465232616 2.127515403365939e-19
24.62131065532767 2.348359255741163e-19
24.63331665832916 2.592129449699196e-19
24.64532266133067 2.861206219653066e-19
24.65732866433217 3.158216937696443e-19
24.66933466733367 3.486061775648533e-19
24.68134067033517 3.847942031965439e-19
24.69334667333667 4.247391400269777e-19
24.70535267633817 4.688310484993543e-19
24.71735867933967 5.175004901357856e-19
24.72936468234117 5.712227331937395e-19
24.74137068534267 6.305223950719397e-19
24.75337668834417 6.959785668244926e-19
24.76538269134567 7.682304698530715e-19
24.77738869434717 8.47983700047401e-19
24.78939469734867 9.360171203848423e-19
24.80140070035018 1.033190469336727e-18
24.81340670335167 1.140452759424139e-18
24.82541270635318 1.258851547987485e-18
24.83741870935468 1.389543170757901e-18
24.84942471235618 1.533804038227633e-18
24.86143071535768 1.693043105202958e-18
24.87343671835918 1.868815635388539e-18
24.88544272136068 2.062838395508385e-18
24.89744872436218 2.277006427439529e-18
24.90945472736368 2.513411562256728e-18
24.92146073036518 2.774362857110684e-18
24.93346673336668 3.062409154654881e-18
24.94547273636818 3.380363985480909e-18
24.95747873936968 3.731333056921762e-18
24.96948474237119 4.118744596861094e-18
24.98149074537269 4.546382849090745e-18
24.99349674837419 5.018425047561947e-18
25.00550275137569 5.539482230878468e-18
25.01750875437719 6.114644295915131e-18
25.02951475737869 6.74952973087954e-18
25.04152076038019 7.450340513873411e-18
25.05352676338169 8.223922713500126e-18
25.06553276638319 9.077833383800224e-18
25.07753876938469 1.00204144073218e-17
25.08954477238619 1.106087400804938e-17
25.10155077538769 1.220937673088716e-17
25.1135567783892 1.34771427671532e-17
25.12556278139069 1.487655759689947e-17
25.1375687843922 1.642129301972233e-17
25.1495747873937 1.812644075705399e-17
25.1615807903952 2.000865993181751e-17
25.1735867933967 2.208633986698668e-17
25.1855927963982 2.43797797943442e-17
25.1975987993997 2.691138723004179e-17
25.2096048024012 2.970589695604965e-17
25.2216108054027 3.279061274802503e-17
25.2336168084042 3.619567421250018e-17
25.2456228114057 3.995435134176286e-17
25.25762881440721 4.410336966577797e-17
25.2696348174087 4.868326917962702e-17
25.28164082041021 5.373880055514736e-17
25.29364682341171 5.931936250996483e-17
25.30565282641321 6.547948460949589e-17
25.31765882941471 7.227936022168292e-17
25.32966483241621 7.97854348345636e-17
25.34167083541771 8.807105548805584e-17
25.35367683841921 9.721718766885837e-17
25.36568284142071 1.073132066769646e-16
25.37768884442221 1.18457771200418e-16
25.38969484742371 1.307597876387164e-16
25.40170085042521 1.443394746025638e-16
25.41370685342671 1.593295379971531e-16
25.42571285642821 1.758764681774052e-16
25.43771885942972 1.941419718571871e-16
25.44972486243121 2.143045527721313e-16
25.46173086543272 2.365612565501895e-16
25.47373686843422 2.611295968496814e-16
25.48574287143572 2.882496815970609e-16
25.49774887443722 3.181865601132493e-16
25.50975487743872 3.512328140772999e-16
25.52176088044022 3.877114176605167e-16
25.53376688344172 4.279788947962314e-16
25.54577288644322 4.724288044560263e-16
25.55777888944472 5.214955880106727e-16
25.56978489244622 5.756588162948099e-16
25.58179089544772 6.354478779030613e-16
25.59379689844922 7.014471545600774e-16
25.60580290145073 7.743017341701497e-16
25.61780890445223 8.547237174100919e-16
25.62981490745373 9.434991795335258e-16
25.64182091045523 1.041495855462255e-15
25.65382691345673 1.149671623313774e-15
25.66583291645823 1.2690838693223e-15
25.67783891945973 1.400899825730461e-15
25.68984492246123 1.546407982744124e-15
25.70185092546273 1.707030686147057e-15
25.71385692846423 1.884338043767725e-15
25.72586293146573 2.08006327679115e-15
25.73786893446723 2.296119666039464e-15
25.74987493746874 2.534619258943895e-15
25.76188094047023 2.797893520150989e-15
25.77388694347174 3.088516127715304e-15
25.78589294647324 3.409328137815671e-15
25.79789894947474 3.763465764097531e-15
25.80990495247624 4.154391043316601e-15
25.82191095547774 4.585925687189197e-15
25.83391695847924 5.062288451518278e-15
25.84592296148074 5.588136388066343e-15
25.85792896448224 6.168610382623462e-15
25.86993496748374 6.809385424642256e-15
25.88194097048524 7.516726100091937e-15
25.89394697348675 8.297547850273017e-15
25.90595297648824 9.159484595733168e-15
25.91795897948974 1.011096338668443e-14
25.92996498249125 1.116128681005164e-14
25.94197098549274 1.232072395915435e-14
25.95397698849425 1.360061085578111e-14
25.96598299149575 1.501346130687641e-14
25.97798899449725 1.657308928013002e-14
25.98999499749875 1.829474399543584e-14
26.00200100050025 2.019525905357397e-14
26.01400700350175 2.22932170607835e-14
26.02601300650325 2.460913135947685e-14
26.03801900950475 2.716564664268356e-14
26.05002501250625 2.998776041453867e-14
26.06203101550775 3.310306746305573e-14
26.07403701850926 3.654202973654257e-14
26.08604302151075 4.033827426353175e-14
26.09804902451226 4.452892203043808e-14
26.11005502751376 4.915495103400791e-14
26.12206103051526 5.426159705995159e-14
26.13406703351676 5.989879610822262e-14
26.14607303651826 6.612167279283701e-14
26.15807903951976 7.299107949389863e-14
26.17008504252126 8.057419153601459e-14
26.18209104552276 8.894516421540398e-14
26.19409704852426 9.818585810309025e-14
26.20610305152576 1.083866397195397e-13
26.21810905452726 1.196472654135048e-13
26.23011505752876 1.320778570918651e-13
26.24212106053027 1.457999793458965e-13
26.25412706353177 1.609478285114332e-13
26.26613306653327 1.776695452955297e-13
26.27813906953477 1.96128663811186e-13
26.29014507253627 2.165057111963152e-13
26.30215107553777 2.389999734664513e-13
26.31415707853927 2.638314448771485e-13
26.32616308154077 2.912429798675172e-13
26.33816908454227 3.215026686384522e-13
26.35017508754377 3.549064596072256e-13
26.36218109054527 3.917810543956691e-13
26.37418709354677 4.324871036757655e-13
26.38619309654828 4.774227351402438e-13
26.39819909954977 5.270274481154971e-13
26.41020510255128 5.817864129216373e-13
26.42221110555278 6.42235217044882e-13
26.43421710855428 7.089651045594709e-13
26.44622311155578 7.82628760062736e-13
26.45822911455728 8.639466937150374e-13
26.47023511755878 9.537142898581457e-13
26.48224112056028 1.052809588178899e-12
26.49424712356178 1.162201873553099e-12
26.50625312656328 1.282961158617832e-12
26.51825912956478 1.416268651856094e-12
26.53026513256628 1.563428313621327e-12
26.54227113556778 1.725879613175576e-12
26.55427713856928 1.905211611567621e-12
26.56628314157079 2.103178508151754e-12
26.57828914457228 2.321716802870692e-12
26.59029514757379 2.562964242237782e-12
26.60230115057529 2.829280734408735e-12
26.61430715357679 3.123271438002695e-12
26.62631315657829 3.447812250604838e-12
26.63831915957979 3.806077946366343e-12
26.65032516258129 4.201573238042185e-12
26.66233116558279 4.638167067426581e-12
26.67433716858429 5.120130459740132e-12
26.68634317158579 5.652178312401053e-12
26.69834917458729 6.239515527116715e-12
26.7103551775888 6.887887936737884e-12
26.72236118059029 7.603638525242648e-12
26.7343671835918 8.393769491019308e-12
26.7463731865933 9.266010760804551e-12
26.7583791895948 1.022889562476482e-11
26.7703851925963 1.129184423290273e-11
26.7823911955978 1.246525576990914e-11
26.7943971985993 1.376061021051776e-11
26.8064032016008 1.51905806511849e-11
26.8184092046023 1.676915731742916e-11
26.8304152076038 1.851178446043901e-11
26.8424212106053 2.043551148270715e-11
26.8544272136068 2.255915977171617e-11
26.8664332166083 2.490350687444158e-11
26.87843921960981 2.749148981516222e-11
26.89044522261131 3.034842954643526e-11
26.90245122561281 3.350227872993682e-11
26.91445722861431 3.698389527221639e-11
26.92646323161581 4.08273442924965e-11
26.93846923461731 4.507023147793874e-11
26.95047523761881 4.975407108901512e-11
26.96248124062031 5.492469221677927e-11
26.97448724362181 6.063268726824426e-11
26.98649324662331 6.69339070694072e-11
26.99849924962481 7.389000743176474e-11
27.01050525262631 8.156905253190065e-11
27.02251125562782 9.004618100983218e-11
27.03451725862931 9.940434130571795e-11
27.04652326163082 1.09735103432266e-10
27.05852926463232 1.21139555128375e-10
27.07053526763382 1.337292911655117e-10
27.08254127063532 1.476275054901716e-10
27.09454727363682 1.629701968923991e-10
27.10655327663832 1.799075000016269e-10
27.11855927963982 1.986051546379044e-10
27.13056528264132 2.192461279009318e-10
27.14257128564282 2.420324048744641e-10
27.15457728864432 2.671869654742282e-10
27.16658329164582 2.949559667896774e-10
27.17858929464732 3.256111522815163e-10
27.19059529764882 3.594525114176711e-10
27.20260130065033 3.968112157819983e-10
27.21460730365182 4.380528603965057e-10
27.22661330665333 4.835810419857258e-10
27.23861930965483 5.33841309210366e-10
27.25062531265633 5.893255235387636e-10
27.26263131565783 6.505766734446581e-10
27.27463731865933 7.181941890576934e-10
27.28664332166083 7.928398092923646e-10
27.29864932466233 8.752440588897582e-10
27.31065532766383 9.662133987773898e-10
27.32266133066533 1.066638119744157e-09
27.33466733366683 1.177501056704454e-09
27.34667333666833 1.299887208859088e-09
27.35867933966983 1.434994359929424e-09
27.37068534267134 1.584144802432071e-09
27.38269134567284 1.748798280770181e-09
27.39469734867434 1.93056627984998e-09
27.40670335167584 2.131227799104269e-09
27.41870935467734 2.352746766347352e-09
27.43071535767884 2.597291261940485e-09
27.44272136068034 2.867254741470834e-09
27.45472736368184 3.165279464713449e-09
27.46673336668334 3.494282360246668e-09
27.47873936968484 3.857483578938042e-09
27.49074537268634 4.258438015843902e-09
27.50275137568784 4.701070109128789e-09
27.51475737868935 5.189712256695827e-09
27.52676338169085 5.729147226639739e-09
27.53876938469235 6.324654976737645e-09
27.55077538769385 6.982064341361745e-09
27.56278139069535 7.707810091855304e-09
27.57478739369685 8.508995929025737e-09
27.58679339669835 9.393464024491042e-09
27.59879939969985 1.036987179173736e-08
27.61080540270135 1.144777663853377e-08
27.62281140570285 1.263772953049874e-08
27.63481740870435 1.395137828188657e-08
27.64682341170585 1.540158158490572e-08
27.65882941470736 1.700253489402794e-08
27.67083541770885 1.876990939782613e-08
27.68284142071035 2.072100543902738e-08
27.69484742371186 2.287492188494023e-08
27.70685342671336 2.525274310659749e-08
27.71885942971486 2.787774539737702e-08
27.73086543271636 3.077562485221189e-08
27.74287143571786 3.397474893864154e-08
27.75487743871936 3.750643422294573e-08
27.76688344172086 4.140525297071449e-08
27.77888944472236 4.570937162394801e-08
27.79089544772386 5.046092446892018e-08
27.80290145072536 5.570642615363433e-08
27.81490745372686 6.149722709412426e-08
27.82691345672836 6.789001622883455e-08
27.83891945972987 7.494737604396361e-08
27.85092546273136 8.27383953045109e-08
27.86293146573287 9.133934549085182e-08
27.87493746873437 1.008344275645002e-07
27.88694347173587 1.113165963754232e-07
27.89894947473737 1.228884707835855e-07
27.91095547773887 1.356633384067748e-07
27.92296148074037 1.497662648334073e-07
27.93496748374187 1.653353181620147e-07
27.94697348674337 1.82522920858492e-07
27.95897948974487 2.014973421689906e-07
27.97098549274637 2.224443457027944e-07
27.98299149574787 2.455690083190978e-07
27.99499749874937 2.710977281291849e-07
28.00700350175088 2.992804412775413e-07
28.01900950475238 3.303930692100248e-07
28.03101550775388 3.647402203944326e-07
28.04302151075538 4.02658172950713e-07
28.05502751375688 4.44518167399106e-07
28.06703351675838 4.907300417715849e-07
28.07903951975988 5.417462446848785e-07
28.09104552276138 5.980662656748954e-07
28.10305152576288 6.602415261788274e-07
28.11505752876438 7.288807790625792e-07
28.12706353176588 8.046560695716697e-07
28.13906953476738 8.883093160821312e-07
28.15107553776889 9.806595750980688e-07
28.16308154077038 1.082611061643886e-06
28.17508754377189 1.19516200359737e-06
28.18709354677339 1.319414416677316e-06
28.19909954977489 1.456584895816173e-06
28.21110555277639 1.608016528602615e-06
28.22311155577789 1.775192047468497e-06
28.23511755877939 1.959748349426968e-06
28.24712356178089 2.163492525562441e-06
28.25912956478239 2.388419557259865e-06
28.27113556778389 2.636731852485086e-06
28.28314157078539 2.910860813450004e-06
28.29514757378689 3.213490646892199e-06
28.30715357678839 3.547584650163633e-06
28.31915957978989 3.91641423057205e-06
28.3311655827914 4.323590942189362e-06
28.34317158579289 4.773101853895849e-06
28.3551775887944 5.269348595056866e-06
28.3671835917959 5.817190461249612e-06
28.3791895947974 6.421992002224196e-06
28.3911955977989 7.089675558185203e-06
28.4032016008004 7.82677925894742e-06
28.4152076038019 8.640521054026911e-06
28.4272136068034 9.53886940080053e-06
28.4392196098049 1.053062130308178e-05
28.4512256128064 1.162548846445761e-05
28.4632316158079 1.283419240021427e-05
28.47523761880941 1.416856943943005e-05
28.4872436218109 1.564168664568684e-05
28.49924962481241 1.726796979180183e-05
28.51125562781391 1.906334464205101e-05
28.52326163081541 2.104539292570574e-05
28.53526763381691 2.323352452960817e-05
28.54727363681841 2.564916759638136e-05
28.55927963981991 2.831597839026132e-05
28.57128564282141 3.126007298616905e-05
28.58329164582291 3.451028305140858e-05
28.59529764882441 3.809843822537477e-05
28.60730365182591 4.20596778631957e-05
28.61930965482741 4.643279519687011e-05
28.63131565782891 5.126061728500867e-05
28.64332166083042 5.659042447285996e-05
28.65532766383192 6.247441347133196e-05
28.66733366683342 6.897020859099957e-05
28.67933966983492 7.614142613880297e-05
28.69134567283642 8.405829750591421e-05
28.70335167583792 9.279835705017872e-05
28.71535767883942 0.0001024472015112593
28.72736368184092 0.0001130993283973413
28.73936968484242 0.0001248590615558599
28.75137568784392 0.0001378415729947708
28.76338169084542 0.0001521740109637574
28.77538769384692 0.0001679967453457092
28.78739369684843 0.0001854647425579884
28.79939969984992 0.0002047490834317115
28.81140570285143 0.0002260386389379162
28.82341170585293 0.0002495419201757999
28.83541770885443 0.0002754891207453415
28.84742371185593 0.0003041343715112899
28.85942971485743 0.0003357582298461737
28.87143571785893 0.0003706704277370512
28.88344172086043 0.0004092129056766773
28.89544772386193 0.0004517631620594634
28.90745372686343 0.0004987379508934699
28.91945972986493 0.000550597364052001
28.93146573286643 0.0006078493380555661
28.94347173586793 0.000671054629533978
28.95547773886943 0.0007408323081099004
28.96748374187094 0.0008178658205142198
28.97948974487243 0.0009029096853398819
28.99149574787394 0.000996796884019118
29.00350175087544 0.001100447020429822
29.01550775387694 0.001214875329067066
29.02751375687844 0.001341202620029125
29.03951975987994 0.001480666258245396
29.05152576288144 0.001634632284506124
29.06353176588294 0.001804608797040231
29.07553776888444 0.001992260724737323
29.08754377188594 0.002199426136744142
29.09954977488744 0.002428134248218
29.11155577788895 0.002680625298637386
29.12356178089044 0.002959372497416034
29.13556778389195 0.0032671062518208
29.14757378689345 0.003606840914554356
29.15957978989495 0.003981904313049953
29.17158579289645 0.004395970349779247
29.18359179589795 0.0048530949929625
29.19559779889945 0.005357756010288081
29.20760380190095 0.005914896834920703
29.21960980490245 0.006529974993564448
29.23161580790395 0.007209015571044139
29.24362181090545 0.007958670235215005
29.25562781390695 0.008786282400489183
29.26763381690845 0.009699959168412563
29.27963981990996 0.01070865075012574
29.29164582291146 0.01182223814884941
29.30365182591296 0.01305162996146527
29.31565782891446 0.01440886924761216
29.32766383191596 0.01590725151335801
29.33966983491746 0.01756145496540941
29.35167583791896 0.01938768431204766
29.36368184092046 0.02140382951971239
29.37568784392196 0.02362964108069111
29.38769384692346 0.02608692350915174
29.39969984992496 0.02879974896136
29.41170585292646 0.03179469307310533
29.42371185592796 0.03510109532504937
29.43571785892946 0.03875134648704307
29.44772386193096 0.04278120595778855
29.45972986493247 0.04723015210914689
29.47173586793397 0.05214176906778784
29.48374187093547 0.05756417372390651
29.49574787393697 0.06355048715089744
29.50775387693847 0.07015935505503877
29.51975987993997 0.07745552235466333
29.53176588294147 0.08551046751868689
29.54377188594297 0.09440310287992536
29.55577788894447 0.1042205477850975
29.56778389194597 0.1150589821571172
29.57978989494747 0.1270245888332179
29.59179589794897 0.14023459391235
29.60380190095048 0.1548184153056643
29.61580790395197 0.1709189307441653
29.62781390695348 0.1886938776681637
29.63981990995498 0.2083173987154602
29.65182591295648 0.2299817479519081
29.66383191595798 0.2538991745631204
29.67583791895948 0.2803040024650307
29.68784392196098 0.3094549262108454
29.69984992496248 0.3416375456914338
29.71185592796398 0.3771671644661741
29.72386193096548 0.4163918791446346
29.73586793396698 0.4596959900915411
29.74787393696849 0.5075037668762037
29.75987993996998 0.560283605363821
29.77188594297149 0.6185526171839003
29.78389194597299 0.6828816965480483
29.79589794897449 0.7539011140671162
29.80790395197599 0.8323066923819726
29.81990995497749 0.91886662412363
29.83191595797899 1.014428999012955
29.84392196098049 1.119930113859411
29.85592796398199 1.236403646890358
29.86793396698349 1.364990786312502
29.87993996998499 1.506951412358219
29.89194597298649 1.663676442393255
29.90395197598799 1.836701460059944
29.9159579789895 2.027721762013292
29.927963981991 2.238608969699323
29.9399699849925 2.471429368962181
29.951975987994 2.728464157198882
29.9639819909955 3.012231796474321
29.975987993997 3.325512691647308
29.9879939969985 3.671376435343305
30 4.05321188676458
