6 0 
6.012006003001501 1.32722384256557e-73 
6.024012006003002 3.559274551241487e-73 
6.036018009004502 8.163421897331987e-73 
6.048024012006003 1.807953883122881e-72 
6.060030015007504 3.947927808486666e-72 
6.072036018009005 8.535432413189871e-72 
6.084042021010506 1.828737149073046e-71 
6.096048024012006 3.883772046773652e-71 
6.108054027013507 8.176737487023098e-71 
6.120060030015008 1.706729049576199e-70 
6.132066033016509 3.53214658863513e-70 
6.144072036018009 7.248248974969712e-70 
6.156078039019509 1.474952533357087e-69 
6.16808404202101 2.976484540366994e-69 
6.180090045022511 5.957166560015518e-69 
6.192096048024012 1.182540564847931e-68 
6.204102051025512 2.328423615382749e-68 
6.216108054027013 4.547857154697181e-68 
6.228114057028514 8.812101831334103e-68 
6.240120060030015 1.693982179271088e-67 
6.252126063031516 3.230898642237657e-67 
6.264132066033016 6.114363905617722e-67 
6.276138069034517 1.148208412108042e-66 
6.288144072036018 2.139732331040631e-66 
6.300150075037519 3.95726373319384e-66 
6.31215607803902 7.26364559750994e-66 
6.32416208104052 1.323321685725989e-65 
6.336168084042021 2.393062891867324e-65 
6.348174087043522 4.295831143830688e-65 
6.360180090045023 7.655453873909223e-65 
6.372186093046524 1.354413644033558e-64 
6.384192096048024 2.379107401803568e-64 
6.396198099049525 4.149393108549847e-64 
6.408204102051026 7.18601479712776e-64 
6.420210105052527 1.235803859698872e-63 
6.432216108054027 2.110539852092946e-63 
6.444222111055527 3.579682639596172e-63 
6.456228114057028 6.030128612084283e-63 
6.468234117058529 1.0089358672295e-62 
6.48024012006003 1.676791538763785e-62 
6.49224612306153 2.768193442862514e-62 
6.504252126063031 4.539820727347659e-62 
6.516258129064532 7.39654098412697e-62 
6.528264132066033 1.197261051465027e-61 
6.540270135067534 1.925491130526897e-61 
6.552276138069034 3.076866589060635e-61 
6.564282141070535 4.88553370761199e-61 
6.576288144072036 7.708555985154007e-61 
6.588294147073537 1.208684397385842e-60 
6.600300150075038 1.883443531018157e-60 
6.612306153076538 2.916841058297352e-60 
6.624312156078039 4.489663622751919e-60 
6.63631815907954 6.868720774986374e-60 
6.648324162081041 1.044524942136545e-59 
6.660330165082541 1.578927806944366e-59 
6.672336168084042 2.372605768617737e-59 
6.684342171085543 3.544278333767699e-59 
6.696348174087044 5.263659641215226e-59 
6.708354177088545 7.771843817103249e-59 
6.720360180090045 1.140919208453924e-58 
6.732366183091546 1.665322264684586e-58 
6.744372186093047 2.416974062559192e-58 
6.756378189094547 3.488136406294008e-58 
6.768384192096048 5.005873709864701e-58 
6.780390195097548 7.144110950224009e-58 
6.792396198099049 1.013946410093494e-57 
6.80440220110055 1.431187976659494e-57 
6.816408204102051 2.009135816998477e-57 
6.828414207103552 2.805231071923266e-57 
6.840420210105052 3.895742228301487e-57 
6.852426213106553 5.381324982135145e-57 
6.864432216108054 7.394019199053016e-57 
6.876438219109555 1.01059904963259e-56 
6.888444222111056 1.374037107936635e-56 
6.900450225112556 1.858460348140447e-56 
6.912456228114057 2.50067401317277e-56 
6.924462231115558 3.347519897830649e-56 
6.936468234117059 4.458251780508207e-56 
6.948474237118559 5.907368377075722e-56 
6.96048024012006 7.787963562511816e-56 
6.972486243121561 1.021565388189386e-55 
6.984492246123062 1.333314123251214e-55 
6.996498249124563 1.731546337790895e-55 
7.008504252126063 2.237597593161495e-55 
7.020510255127563 2.877309587352499e-55 
7.032516258129064 3.681781778216896e-55 
7.044522261130565 4.688198906758486e-55 
7.056528264132066 5.940729894554058e-55 
7.068534267133566 7.491489721735383e-55 
7.080540270135067 9.401551283379206e-55 
7.092546273136568 1.174198887216483e-54 
7.104552276138069 1.459492887899471e-54 
7.11655827913957 1.805457661704917e-54 
7.12856428214107 2.222818098489514e-54 
7.140570285142571 2.723689117101208e-54 
7.152576288144072 3.321645200587993e-54 
7.164582291145573 4.031767718825489e-54 
7.176588294147074 4.870663281402646e-54 
7.188594297148574 5.856445783498537e-54 
7.200600300150075 7.008674374323778e-54 
7.212606303151576 8.348239341828871e-54 
7.224612306153077 9.897187921790894e-54 
7.236618309154577 1.16784823570546e-53 
7.248624312156078 1.371568320371471e-53 
7.260630315157579 1.60325519514358e-53 
7.27263631815908 1.865256853044296e-53 
7.284642321160581 2.159836124459652e-53 
7.296648324162081 2.489104910670806e-53 
7.308654327163582 2.854949945127035e-53 
7.320660330165083 3.258950703106841e-53 
7.332666333166584 3.702290451365074e-53 
7.344672336168085 4.185661830279532e-53 
7.356678339169584 4.709168781305157e-53 
7.368684342171085 5.272227059339079e-53 
7.380690345172586 5.87346598703958e-53 
7.392696348174087 6.510634499162664e-53 
7.404702351175588 7.180514869968923e-53 
7.416708354177088 7.878847795697579e-53 
7.428714357178589 8.600272696609708e-53 
7.44072036018009 9.338287188993265e-53 
7.452726363181591 1.008522963857427e-52 
7.464732366183092 1.083228852697942e-52 
7.476738369184592 1.15695420298201e-52 
7.488744372186093 1.228603071087197e-52 
7.500750375187594 1.296986557895757e-52 
7.512756378189095 1.360837293622944e-52 
7.524762381190595 1.41882764793024e-52 
7.536768384192096 1.469591601489791e-52 
7.548774387193597 1.511750094475263e-52 
7.560780390195098 1.543939539154076e-52 
7.572786393196599 1.56484305164362e-52 
7.584792396198099 1.573223826334593e-52 
7.596798399199599 1.567959950201797e-52 
7.6088044022011 1.548079838277897e-52 
7.620810405202601 1.512797371053082e-52 
7.632816408204102 1.461545734555038e-52 
7.644822411205602 1.394008909002788e-52 
7.656828414207103 1.310149726465367e-52 
7.668834417208604 1.21023342529208e-52 
7.680840420210105 1.094845671743364e-52 
7.692846423211606 9.649040986661371e-53 
7.704852426213106 8.216625273722276e-53 
7.716858429214607 6.667071909435578e-53 
7.728864432216108 5.019444624608673e-53 
7.740870435217609 3.295798061717823e-53 
7.75287643821911 1.520879081570061e-53 
7.76488244122061 -2.782580085023976e-54 
7.776888444222111 -2.072717516690318e-53 
7.788894447223612 -3.832302251331201e-53 
7.800900450225113 -5.526117151565482e-53 
7.812906453226613 -7.123224139901114e-53 
7.824912456228114 -8.593333476214801e-53 
7.836918459229615 -9.907515033197945e-53 
7.848924462231116 -1.103891146873904e-52 
7.860930465232617 -1.196343430851046e-52 
7.872936468234117 -1.266042352572955e-52 
7.884942471235618 -1.311325135233375e-52 
7.896948474237119 -1.330985179589048e-52 
7.90895447723862 -1.324315866935871e-52 
7.920960480240121 -1.291143684634977e-52 
7.932966483241621 -1.23184938923681e-52 
7.944972486243121 -1.147376213334275e-52 
7.956978489244622 -1.039224452956415e-52 
7.968984492246123 -9.094321333602964e-53 
7.980990495247624 -7.605418319792944e-53 
7.992996498249124 -5.955541266759724e-53 
8.005002501250626 -4.178685233523308e-53 
8.017008504252125 -2.312130873454463e-53 
8.029014507253628 -3.956434606943385e-54 
8.041020510255127 1.529406650445155e-53 
8.053026513256629 3.420980851625936e-53 
8.065032516258128 5.237343120828021e-53 
8.077038519259631 6.938040255792043e-53 
8.08904452226113 8.484866219110047e-53 
8.101050525262632 9.842785370412068e-53 
8.113056528264131 1.098079014070319e-52 
8.125062531265632 1.187267018878783e-52 
8.137068534267133 1.249767223061856e-52 
8.149074537268634 1.284103248878378e-52 
8.161080540270135 1.289436699213637e-52 
8.173086543271635 1.265590866933257e-52 
8.185092546273136 1.21305842161647e-52 
8.197098549274637 1.132992795714087e-52 
8.209104552276138 1.027183424285937e-52 
8.221110555277638 8.98015420109374e-53 
8.233116558279139 7.484146767773076e-53 
8.24512256128064 5.817797747253999e-53 
8.257128564282141 4.019024081998259e-53 
8.269134567283642 2.128783455533938e-53 
8.281140570285142 1.901117304590933e-54 
8.293146573286643 -1.7528875258126e-53 
8.305152576288144 -3.656076092684359e-53 
8.317158579289645 -5.476310998663713e-53 
8.329164582291146 -7.172445847201924e-53 
8.341170585292646 -8.706279111184982e-53 
8.353176588294147 -1.004342654810531e-52 
8.365182591295648 -1.115409707429368e-52 
8.377188594297149 -1.2013754131856e-52 
8.389194597298649 -1.260364770275494e-52 
8.40120060030015 -1.291120557744046e-52 
8.413206603301651 -1.293027617030539e-52 
8.425212606303152 -1.266121898684038e-52 
8.437218609304653 -1.211084268289437e-52 
8.449224612306153 -1.129219441238348e-52 
8.461230615307654 -1.022420773897514e-52 
8.473236618309155 -8.931219700111614e-53 
8.485242621310656 -7.442370578948971e-53 
8.497248624312157 -5.790902493917441e-53 
8.509254627313657 -4.01337500253362e-53 
8.521260630315158 -2.148817496288357e-53 
8.533266633316659 -2.37839211986348e-54 
8.54527263631816 1.678281807767889e-53 
8.55727863931966 3.558509501337338e-53 
8.569284642321161 5.362939565135558e-53 
8.58129064532266 7.053648496718782e-53 
8.593296648324163 8.595483655208357e-53 
8.605302651325662 9.956777956307932e-53 
8.617308654327164 1.11099750149051e-52 
8.629314657328663 1.20321530073197e-52 
8.641320660330166 1.27054381774454e-52 
8.653326663331665 1.311730168424663e-52 
8.665332666333168 1.326073631038963e-52 
8.677338669334667 1.313431235334144e-52 
8.689344672336169 1.274211473494723e-52 
8.701350675337668 1.20935659322964e-52 
8.713356678339169 1.120314169728767e-52 
8.72536268134067 1.008998864789237e-52 
8.737368684342171 8.777454642141947e-53 
8.749374687343671 7.292544356761273e-53 
8.761380690345172 5.665313665613446e-53 
8.773386693346673 3.928217237247652e-53 
8.785392696348174 2.115424243386814e-53 
8.797398699349674 2.621171970063752e-54 
8.809404702351175 -1.596211266538891e-53 
8.821410705352676 -3.424449368392187e-53 
8.833416708354177 -5.188531429139252e-53 
8.845422711355678 -6.856064933510545e-53 
8.857428714357178 -8.396908244862792e-53 
8.869434717358679 -9.783689245667379e-53 
8.88144072036018 -1.099225676565303e-52 
8.893446723361681 -1.200205834047877e-52 
8.905452726363182 -1.279643957966055e-52 
8.917458729364682 -1.336286217302228e-52 
8.929464732366183 -1.369303929216946e-52 
8.941470735367684 -1.378298881231574e-52 
8.953476738369185 -1.363300635836171e-52 
8.965482741370685 -1.324756163962217e-52 
8.977488744372186 -1.263512285627924e-52 
8.989494747373687 -1.180791511846684e-52 
9.001500750375188 -1.078161980122504e-52 
9.013506753376689 -9.57502255558779e-53 
9.025512756378189 -8.209618302320161e-53 
9.03751875937969 -6.70918194928608e-53 
9.049524762381191 -5.099313799082549e-53 
9.061530765382692 -3.406968657094431e-53 
9.073536768384193 -1.659977521513512e-53 
9.085542771385693 1.134295510743499e-54 
9.097548774387194 1.885091242954994e-53 
9.109554777388695 3.627365832881716e-53 
9.121560780390196 5.313558179070456e-53 
9.133566783391696 6.91831664940956e-53 
9.145572786393197 8.417994646785108e-53 
9.157578789394698 9.790972253012296e-53 
9.169584792396197 1.101793442055332e-52 
9.1815907953977 1.20821030583127e-52 
9.193596798399199 1.296942126878543e-52 
9.205602801400701 1.366868888244868e-52 
9.2176088044022 1.417164928687739e-52 
9.229614807403703 1.44730283497391e-52 
9.241620810405202 1.457052697547497e-52 
9.253626813406704 1.446476950604013e-52 
9.265632816408203 1.415921076930146e-52 
9.277638819409706 1.366000508939796e-52 
9.289644822411205 1.297584099818416e-52 
9.301650825412706 1.211774572424137e-52 
9.313656828414207 1.109886378600049e-52 
9.325662831415707 9.93421417997476e-53 
9.337668834417208 8.640430736988776e-53 
9.349674837418709 7.235490222967201e-53 
9.36168084042021 5.738432691608262e-53 
9.37368684342171 4.169078460385821e-53 
9.385692846423211 2.547745885627214e-53 
9.397698849424712 8.949738643524427e-54 
9.409704852426213 -7.687473021862298e-54 
9.421710855427714 -2.423233377857338e-53 
9.433716858429214 -4.048849046923988e-53 
9.445722861430715 -5.626733587841923e-53 
9.457728864432216 -7.139007191398955e-53 
9.469734867433717 -8.568956148721901e-53 
9.481740870435218 -9.901195534196293e-53 
9.493746873436718 -1.112180840151912e-52 
9.505752876438219 -1.221846089237376e-52 
9.51775887943972 -1.318049302164824e-52 
9.529764882441221 -1.399898524644885e-52 
9.541770885442721 -1.466680124479985e-52 
9.553776888444222 -1.51786076209572e-52 
9.565782891445723 -1.55308715154509e-52 
9.577788894447224 -1.572183732771487e-52 
9.589794897448725 -1.575148395646835e-52 
9.601800900450225 -1.562146412749017e-52 
9.613806903451726 -1.533502751019065e-52 
9.625812906453227 -1.489692942403435e-52 
9.637818909454728 -1.431332700447751e-52 
9.649824912456229 -1.359166473703268e-52 
9.661830915457729 -1.274055127913122e-52 
9.67383691845923 -1.176962947460434e-52 
9.685842921460731 -1.06894414270749e-52 
9.697848924462232 -9.511290438709354e-53 
9.709854927463732 -8.24710154210703e-53 
9.721860930465233 -6.909282258132348e-53 
9.733866933466732 -5.510585103794902e-53 
9.745872936468235 -4.063973254372321e-53 
9.757878939469734 -2.582490635329935e-53 
9.769884942471236 -1.079137584605153e-53 
9.781890945472735 4.332469132438095e-54 
9.793896948474238 1.942095560548143e-53 
9.805902951475737 3.435214928224839e-53 
9.81790895447724 4.900878905375232e-53 
9.829914957478739 6.32791297225414e-53 
9.841920960480241 7.705768982964989e-53 
9.85392696348174 9.024590269014247e-53 
9.865932966483243 1.027526699247534e-52 
9.877938969484742 1.14494817871042e-52 
9.889944972486242 1.2539745826627e-52 
9.901950975487743 1.35394255510821e-52 
9.913956978489244 1.444276036418408e-52 
9.925962981490745 1.524487168700486e-52 
9.937968984492246 1.594176381577863e-52 
9.949974987493746 1.65303170844061e-52 
9.961980990495247 1.700827387545931e-52 
9.973986993496748 1.73742180574559e-52 
9.985992996498249 1.762754845126916e-52 
9.99799899949975 1.776844694522254e-52 
10.01000500250125 1.779784188720006e-52 
10.02201100550275 1.771736738355837e-52 
10.03401700850425 1.752931912935409e-52 
10.04602301150575 1.723660738303549e-52 
10.05802901450725 1.684270768192599e-52 
10.07003501750875 1.635160987321632e-52 
10.08204102051026 1.576776600941309e-52 
10.09404702351176 1.509603762791136e-52 
10.10605302651326 1.434164290218085e-52 
10.11805902951476 1.35101041175909e-52 
10.13006503251626 1.260719588868271e-52 
10.14207103551776 1.163889449730418e-52 
10.15407703851926 1.061132869291836e-52 
10.16608304152076 9.530732258059318e-53 
10.17808904452226 8.403398603752216e-53 
10.19009504752376 7.235637622118403e-53 
10.20210105052526 6.033734986688591e-53 
10.21410705352676 4.803914055443055e-53 
10.22611305652826 3.552300497543658e-53 
10.23811905952977 2.284889732331273e-53 
10.25012506253126 1.007517238615431e-53 
10.26213106553277 -2.741682362822778e-54 
10.27413706853427 -1.554728564744884e-53 
10.28614307153577 -2.828957245661999e-53 
10.29814907453727 -4.09189757324493e-53 
10.31015507753877 -5.338858031159779e-53 
10.32216108054027 -6.565424992941979e-53 
10.33416708354177 -7.767472825124693e-53 
10.34617308654327 -8.941171502843864e-53 
10.35817908954477 -1.008299185893935e-52 
10.37018509254627 -1.118970859683458e-52 
10.38219109554777 -1.225840120484344e-52 
10.39419709854927 -1.328645291512093e-52 
10.40620310155078 -1.427154785435949e-52 
10.41820910455228 -1.521166653564902e-52 
10.43021510755378 -1.610507984178964e-52 
10.44222111055528 -1.695034164989474e-52 
10.45422711355678 -1.774628024547317e-52 
10.46623311655828 -1.849198867145302e-52 
10.47823911955978 -1.918681415393853e-52 
10.49024512256128 -1.983034674198279e-52 
10.50225112556278 -2.042240729343582e-52 
10.51425712856428 -2.096303493310056e-52 
10.52626313156578 -2.145247410310341e-52 
10.53826913456728 -2.189116131866121e-52 
10.55027513756878 -2.227971173539638e-52 
10.56228114057028 -2.26189056271088e-52 
10.57428714357179 -2.29096748655318e-52 
10.58629314657329 -2.315308948616049e-52 
10.59829914957479 -2.335034441680501e-52 
10.61030515257629 -2.35027464381593e-52 
10.62231115557779 -2.361170143843026e-52 
10.63431715857929 -2.367870201700172e-52 
10.64632316158079 -2.370531548524654e-52 
10.65832916458229 -2.369317230598893e-52 
10.67033516758379 -2.364395500678359e-52 
10.68234117058529 -2.355938759614581e-52 
10.69434717358679 -2.344122550615757e-52 
10.70635317658829 -2.329124607950193e-52 
10.7183591795898 -2.311123961394931e-52 
10.7303651825913 -2.290300097265075e-52 
10.7423711855928 -2.266832176427553e-52 
10.7543771885943 -2.240898309307196e-52 
10.7663831915958 -2.212674887532547e-52 
10.7783891945973 -2.18233597154274e-52 
10.7903951975988 -2.150052733184977e-52 
10.8024012006003 -2.115992952072749e-52 
10.8144072036018 -2.0803205642478e-52 
10.8264132066033 -2.043195261491511e-52 
10.8384192096048 -2.004772139463314e-52 
10.8504252126063 -1.96520139270305e-52 
10.8624312156078 -1.924628054419139e-52 
10.87443721860931 -1.88319177889383e-52 
10.8864432216108 -1.84102666426848e-52 
10.89844922461231 -1.798261113424554e-52 
10.91045522761381 -1.755017730647808e-52 
10.92246123061531 -1.711413251752552e-52 
10.93446723361681 -1.667558505348221e-52 
10.94647323661831 -1.62355840295022e-52 
10.95847923961981 -1.579511955669445e-52 
10.97048524262131 -1.535512315258976e-52 
10.98249124562281 -1.49164683735013e-52 
10.99449724862431 -1.447997164772725e-52 
11.00650325162581 -1.40463932892428e-52 
11.01850925462731 -1.361643867228894e-52 
11.03051525762881 -1.31907595480775e-52 
11.04252126063032 -1.27699554856834e-52 
11.05452726363182 -1.235457542007682e-52 
11.06653326663332 -1.194511929115301e-52 
11.07853926963482 -1.154203975853388e-52 
11.09054527263632 -1.114574397784069e-52 
11.10255127563782 -1.075659542505997e-52 
11.11455727863932 -1.037491575654146e-52 
11.12656328164082 -1.000098669307278e-52 
11.13856928464232 -9.635051917364521e-53 
11.15057528764382 -9.277318975146852e-53 
11.16258129064532 -8.92796117092387e-53 
11.17458729364682 -8.587119450248269e-53 
11.18659329664832 -8.25490426116678e-53 
11.19859929964982 -7.931397388242407e-53 
11.21060530265133 -7.616653753282138e-53 
11.22261130565283 -7.310703177586498e-53 
11.23461730865433 -7.013552101190111e-53 
11.24662331165583 -6.725185255179196e-53 
11.25862931465733 -6.445567283752144e-53 
11.27063531765883 -6.174644313233868e-53 
11.28264132066033 -5.912345465762884e-53 
11.29464732366183 -5.658584315843648e-53 
11.30665332666333 -5.413260288394294e-53 
11.31865932966483 -5.176259997324971e-53 
11.33066533266633 -4.947458524052993e-53 
11.34267133566783 -4.7267206357006e-53 
11.35467733866933 -4.513901943030073e-53 
11.36668334167084 -4.308849998449982e-53 
11.37868934467234 -4.111405334677499e-53 
11.39069534767384 -3.921402444865897e-53 
11.40270135067534 -3.738670705205086e-53 
11.41470735367684 -3.563035241177635e-53 
11.42671335667834 -3.394317738804631e-53 
11.43871935967984 -3.232337202346458e-53 
11.45072536268134 -3.076910660034183e-53 
11.46273136568284 -2.927853819499458e-53 
11.47473736868434 -2.784981674645818e-53 
11.48674337168584 -2.648109065763275e-53 
11.49874937468734 -2.517051194732447e-53 
11.51075537768885 -2.391624097195467e-53 
11.52276138069034 -2.271645073589574e-53 
11.53476738369185 -2.15693308094677e-53 
11.54677338669335 -2.047309087360561e-53 
11.55877938969485 -1.942596391009029e-53 
11.57078539269635 -1.842620905604017e-53 
11.58279139569785 -1.747211414109324e-53 
11.59479739869935 -1.656199792537693e-53 
11.60680340170085 -1.569421205597875e-53 
11.61880940470235 -1.48671427591961e-53 
11.63081540770385 -1.407921228537098e-53 
11.64282141070535 -1.33288801226076e-53 
11.65482741370685 -1.261464399513555e-53 
11.66683341670835 -1.193504066152454e-53 
11.67883941970986 -1.128864652738145e-53 
11.69084542271136 -1.067407808657438e-53 
11.70285142571286 -1.008999220443299e-53 
11.71485742871436 -9.535086255775384e-54 
11.72686343171586 -9.008098130011503e-54 
11.73886943471736 -8.507806114975303e-54 
11.75087543771886 -8.033028670545043e-54 
11.76288144072036 -7.582624102525795e-54 
11.77488744372186 -7.155490146692426e-54 
11.78689344672336 -6.750563472327342e-54 
11.79889944972486 -6.366819114036032e-54 
11.81090545272636 -6.00326984008686e-54 
11.82291145572786 -5.658965465000729e-54 
11.83491745872936 -5.332992113611692e-54 
11.84692346173087 -5.024471443332633e-54 
11.85892946473237 -4.732559830890942e-54 
11.87093546773387 -4.456447529348297e-54 
11.88294147073537 -4.19535780078638e-54 
11.89494747373687 -3.948546029627009e-54 
11.90695347673837 -3.715298821160374e-54 
11.91895947973987 -3.494933089479165e-54 
11.93096548274137 -3.286795138659015e-54 
11.94297148574287 -3.090259740686594e-54 
11.95497748874437 -2.904729213315601e-54 
11.96698349174587 -2.729632500727589e-54 
11.97898949474737 -2.564424259588237e-54 
11.99099549774887 -2.408583952820268e-54 
12.00300150075038 -2.261614953160946e-54 
12.01500750375187 -2.123043658334524e-54 
12.02701350675338 -1.992418619447575e-54 
12.03901950975488 -1.869309684007161e-54 
12.05102551275638 -1.753307154767847e-54 
12.06303151575788 -1.644020965432853e-54 
12.07503751875938 -1.541079874066631e-54 
12.08704352176088 -1.44413067492023e-54 
12.09904952476238 -1.352837429226363e-54 
12.11105552776388 -1.26688071538742e-54 
12.12306153076538 -1.185956898856246e-54 
12.13506753376688 -1.109777421895721e-54 
12.14707353676839 -1.038068113298356e-54 
12.15907953976988 -9.705685180507927e-55 
12.17108554277139 -9.070312468395727e-55 
12.18309154577289 -8.472213452133438e-55 
12.19509754877439 -7.909156821422356e-55 
12.20710355177589 -7.379023576468694e-55 
12.21910955477739 -6.879801291069411e-55 
12.23111555777889 -6.409578558019294e-55 
12.24312156078039 -5.966539611838212e-55 
12.25512756378189 -5.548959123332668e-55 
12.26713356678339 -5.15519716005849e-55 
12.27913956978489 -4.783694306336884e-55 
12.29114557278639 -4.432966936090055e-55 
12.30315157578789 -4.101602631400207e-55 
12.31515757878939 -3.78825573935342e-55 
12.3271635817909 -3.491643059402816e-55 
12.3391695847924 -3.210539653169919e-55 
12.3511755877939 -2.943774768294883e-55 
12.3631815907954 -2.690227867641347e-55 
12.3751875937969 -2.448824754856012e-55 
12.3871935967984 -2.218533786972823e-55 
12.3991995997999 -1.998362164432566e-55 
12.4112056028014 -1.787352288556926e-55 
12.4232116058029 -1.584578176167551e-55 
12.4352176088044 -1.389141920671051e-55 
12.4472236118059 -1.20017018853611e-55 
12.4592296148074 -1.016810739664481e-55 
12.4712356178089 -8.382289596991269e-56 
12.48324162081041 -6.636043918154588e-56 
12.49524762381191 -4.921272550006603e-56 
12.50725362681341 -3.229949352362975e-56 
12.51925962981491 -1.554084353554999e-56 
12.53126563281641 1.143123135774153e-57 
12.54327163581791 1.783267195291776e-56 
12.55527763881941 3.460881185585669e-56 
12.56728364182091 5.155368254520812e-56 
12.57928964482241 6.875095420942563e-56 
12.59129564782391 8.628624165317812e-56 
12.60330165082541 1.042475349044588e-55 
12.61530765382691 1.227256485094069e-55 
12.62731365682841 1.41814691867341e-55 
12.63931965982992 1.616125631151366e-55 
12.65132566283141 1.822214692409406e-55 
12.66333166583292 2.037484752935167e-55 
12.67533766883442 2.263060857565472e-55 
12.68734367183592 2.500128613783992e-55 
12.69934967483742 2.749940749887059e-55 
12.71135567783892 3.013824100952793e-55 
12.72336168084042 3.293187063401305e-55 
12.73536768384192 3.589527562036734e-55 
12.74737368684342 3.904441576836221e-55 
12.75937968984492 4.239632280419285e-55 
12.77138569284642 4.596919841118231e-55 
12.78339169584793 4.978251950902742e-55 
12.79539769884942 5.385715142119013e-55 
12.80740370185093 5.82154696211675e-55 
12.81940970485243 6.288149080390745e-55 
12.83141570785393 6.788101408894097e-55 
12.84342171085543 7.324177322728299e-55 
12.85542771385693 7.899360075524587e-55 
12.86743371685843 8.516860511548885e-55 
12.87943971985993 9.180136184940867e-55 
12.89144572286143 9.892912005591899e-55 
12.90345172586293 1.065920254103778e-54 
12.91545772886443 1.148333611445636e-54 
12.92746373186593 1.236998085048846e-54 
12.93946973486743 1.332417283322172e-54 
12.95147573786893 1.43513465543742e-54 
12.96348174087044 1.545736784458147e-54 
12.97548774387194 1.66485694968249e-54 
12.98749374687344 1.793178980855053e-54 
12.99949974987494 1.9314414288033e-54 
13.01150575287644 2.080442079116658e-54 
13.02351175587794 2.241042837725351e-54 
13.03551775887944 2.414175019665991e-54 
13.04752376188094 2.60084507495846e-54 
13.05952976488244 2.802140788381542e-54 
13.07153576788394 3.019237993042317e-54 
13.08354177088544 3.253407841007636e-54 
13.09554777388694 3.506024677927832e-54 
13.10755377688844 3.778574572558012e-54 
13.11955977988995 4.072664556397765e-54 
13.13156578289145 4.39003263335533e-54 
13.14357178589295 4.732558624428793e-54 
13.15557778889445 5.10227591791963e-54 
13.16758379189595 5.501384201690288e-54 
13.17958979489745 5.932263260488392e-54 
13.19159579789895 6.397487928430201e-54 
13.20360180090045 6.899844294413086e-54 
13.21560780390195 7.442347266563972e-54 
13.22761380690345 8.028259610884474e-54 
13.23961980990495 8.661112589086348e-54 
13.25162581290645 9.344728331289961e-54 
13.26363181590795 1.00832440908573e-53 
13.27563781890946 1.088113854122912e-53 
13.28764382191095 1.174326028831994e-53 
13.29964982491246 1.267485878688905e-53 
13.31165582791396 1.368161786545247e-53 
13.32366183091546 1.476969208184207e-53 
13.33566783391696 1.594574615057401e-53 
13.34767383691846 1.721699770389183e-53 
13.35967983991996 1.859126367084256e-53 
13.37168584292146 2.007701058318319e-53 
13.38369184592296 2.168340914346879e-53 
13.39569784892446 2.342039341952721e-53 
13.40770385192596 2.529872506087844e-53 
13.41970985492746 2.733006296672741e-53 
13.43171585792896 2.952703887218462e-53 
13.44372186093047 3.190333935960651e-53 
13.45572786393197 3.447379484567838e-53 
13.46773386693347 3.725447614239049e-53 
13.47973986993497 4.026279924171604e-53 
13.49174587293647 4.351763902994802e-53 
13.50375187593797 4.703945269868276e-53 
13.51575787893947 5.085041368577994e-53 
13.52776388194097 5.497455705174482e-53 
13.53976988494247 5.943793727537527e-53 
13.55177588794397 6.426879953774374e-53 
13.56378189094547 6.949776565624038e-53 
13.57578789394697 7.515803593114013e-53 
13.58779389694847 8.128560827668242e-53 
13.59979989994997 8.791951612773729e-53 
13.61180590295148 9.510208674261588e-53 
13.62381190595298 1.028792216633799e-52 
13.63581790895448 1.113007012481067e-52 
13.64782391195598 1.204205153560549e-52 
13.65982991495748 1.30297222447729e-52 
13.67183591795898 1.409943395587378e-52 
13.68384192096048 1.525807658204782e-52 
13.69584792396198 1.651312424335656e-52 
13.70785392696348 1.787268522532337e-52 
13.71985992996498 1.934555624214248e-52 
13.73186593296648 2.094128137799608e-52 
13.74387193596798 2.267021611251365e-52 
13.75587793896949 2.454359687186403e-52 
13.76788394197099 2.657361658554079e-52 
13.77988994497248 2.87735067708585e-52 
13.79189594797399 3.115762671282298e-52 
13.80390195097549 3.374156035669543e-52 
13.81590795397699 3.654222158459577e-52 
13.82791395697849 3.957796860626761e-52 
13.83991995997999 4.286872825807945e-52 
13.85192596298149 4.643613107391807e-52 
13.86393196598299 5.030365806734237e-52 
13.87593796898449 5.449680024674809e-52 
13.88794397198599 5.904323197493935e-52 
13.89994997498749 6.397299938205377e-52 
13.911955977989 6.931872514694397e-52 
13.92396198099049 7.511583107764335e-52 
13.935967983992 8.140278004726833e-52 
13.9479739869935 8.822133897853684e-52 
13.959979989995 9.561686471899921e-52 
13.9719859929965 1.036386148111561e-51 
13.983991995998 1.123400853380464e-51 
13.9959979989995 1.21779378216898e-51 
14.008004002001 1.320196005224368e-51 
14.0200100050025 1.431292986489437e-51 
14.032016008004 1.551829303677945e-51 
14.0440220110055 1.682613781067914e-51 
14.056028014007 1.824525070710564e-51 
14.0680340170085 1.978517721447278e-51 
14.08004002001 2.145628778605004e-51 
14.09204602301151 2.326984961026948e-51 
14.10405202601301 2.523810466217817e-51 
14.11605802901451 2.737435458871214e-51 
14.12806403201601 2.969305302933534e-51 
14.14007003501751 3.220990602679583e-51 
14.15207603801901 3.494198124068677e-51 
14.16408204102051 3.790782673958424e-51 
14.17608804402201 4.11276002162273e-51 
14.18809404702351 4.46232095450072e-51 
14.20010005002501 4.841846568248993e-51 
14.21210605302651 5.25392490004011e-51 
14.22411205602801 5.701369023710444e-51 
14.23611805902951 6.187236735880941e-51 
14.24812406203102 6.714851973631795e-51 
14.26013006503252 7.287828116790545e-51 
14.27213606803402 7.910093341483674e-51 
14.28414207103552 8.585918206404219e-51 
14.29614807403702 9.31994566937042e-51 
14.30815407703852 1.011722374931136e-50 
14.32016008004002 1.098324106794361e-50 
14.33216608304152 1.192396552623847e-50 
14.34417208604302 1.294588639347564e-50 
14.35617808904452 1.405606011140234e-50 
14.36818409204602 1.526216014294948e-50 
14.38019009504752 1.657253122429592e-50 
14.39219609804903 1.799624841103426e-50 
14.40420210105053 1.954318134401247e-50 
14.41620810405203 2.122406419836126e-50 
14.42821410705353 2.305057182054746e-50 
14.44022011005503 2.503540260332244e-50 
14.45222611305653 2.719236869749631e-50 
14.46423211605803 2.953649421292245e-50 
14.47623811905953 3.208412211932051e-50 
14.48824412206103 3.485303062102788e-50 
14.50025012506253 3.78625598489199e-50 
14.51225612806403 4.113374978808916e-50 
14.52426213106553 4.46894904419815e-50 
14.53626813406703 4.855468532315959e-50 
14.54827413706853 5.275642945836576e-50 
14.56028014007003 5.732420320180864e-50 
14.57228614307154 6.229008326638959e-50 
14.58429214607304 6.768897250877458e-50 
14.59629814907454 7.35588501417425e-50 
14.60830415207604 7.994104419712231e-50 
14.62031015507754 8.68805282259831e-50 
14.63231615807904 9.442624440077817e-50 
14.64432216108054 1.026314553781895e-49 
14.65632816408204 1.115541274929176e-49 
14.66833416708354 1.212573480831895e-49 
14.68034017008504 1.318097800000253e-49 
14.69234617308654 1.432861566261971e-49 
14.70435217608804 1.557678210293572e-49 
14.71635817908954 1.693433131992502e-49 
14.72836418209105 1.841090096736687e-49 
14.74037018509255 2.001698202445297e-49 
14.75237618809405 2.176399468570058e-49 
14.76438219109555 2.366437102742181e-49 
14.77638819409705 2.573164505809973e-49 
14.78839419709855 2.798055081464084e-49 
14.80040020010005 3.042712922601988e-49 
14.81240620310155 3.30888445307515e-49 
14.82441220610305 3.598471110540186e-49 
14.83641820910455 3.91354316385209e-49 
14.84842421210605 4.256354766851162e-49 
14.86043021510755 4.629360359568679e-49 
14.87243621810905 5.035232537878605e-49 
14.88444222111056 5.476881523528439e-49 
14.89644822411206 5.957476378374025e-49 
14.90845422711356 6.480468119609669e-49 
14.92046023011506 7.049614906923981e-49 
14.93246623311656 7.669009487929648e-49 
14.94447223611806 8.343109105027818e-49 
14.95647823911956 9.076768085201425e-49 
14.96848424212106 9.87527335422478e-49 
14.98049024512256 1.074438313857929e-48 
14.99249624812406 1.169036914214193e-48 
15.00450225112556 1.272006251064302e-48 
15.01650825412706 1.384090392516828e-48 
15.02851425712857 1.506099819682095e-48 
15.04052026013007 1.638917376829507e-48 
15.05252626313157 1.78350475647947e-48 
15.06453226613307 1.940909567674379e-48 
15.07653826913457 2.112273040036855e-48 
15.08854427213607 2.298838420982951e-48 
15.10055027513757 2.501960128649281e-48 
15.11255627813907 2.723113728755325e-48 
15.12456228114057 2.963906809798258e-48 
15.13656828414207 3.226090837714398e-48 
15.14857428714357 3.511574078489664e-48 
15.16058029014507 3.822435685217064e-48 
15.17258629314657 4.160941054842806e-48 
15.18459229614807 4.52955856938049e-48 
15.19659829914957 4.93097784677736e-48 
15.20860430215108 5.368129637966567e-48 
15.22061030515258 5.84420751902109e-48 
15.23261630815408 6.362691540832268e-48 
15.24462231115558 6.927374013471426e-48 
15.25662831415708 7.542387618468831e-48 
15.26863431715858 8.212236059782178e-48 
15.28064032016008 8.941827483360528e-48 
15.29264632316158 9.736510916084446e-48 
15.30465232616308 1.060211599763785e-47 
15.31665832916458 1.154499630371517e-47 
15.32866433216608 1.257207658607779e-47 
15.34067033516758 1.369090428455337e-47 
15.35267633816908 1.490970569834466e-47 
15.36468234117059 1.62374472392288e-47 
15.37668834417209 1.768390222764972e-47 
15.38869434717359 1.925972373463038e-47 
15.40070035017509 2.097652401817668e-47 
15.41270635317659 2.284696115276037e-47 
15.42471235617809 2.488483350493511e-47 
15.43671835917959 2.710518276757439e-47 
15.44872436218109 2.952440633007517e-47 
15.46073036518259 3.216037983264334e-47 
15.47273636818409 3.50325908300074e-47 
15.48474237118559 3.81622845741843e-47 
15.49674837418709 4.157262301789241e-47 
15.50875437718859 4.528885824057365e-47 
15.5207603801901 4.933852160851766e-47 
15.5327663831916 5.375163010011568e-47 
15.5447723861931 5.856091135772343e-47 
15.5567783891946 6.380204916998245e-47 
15.5687843921961 6.951395124382662e-47 
15.5807903951976 7.5739041294978e-47 
15.5927963981991 8.252357767081206e-47 
15.6048024012006 8.991800092146713e-47 
15.6168084042021 9.797731295553587e-47 
15.6288144072036 1.067614906572998e-46 
15.6408204102051 1.16335937105097e-46 
15.6528264132066 1.26771973817068e-46 
15.6648324162081 1.38147377763402e-46 
15.6768384192096 1.505469672257148e-46 
15.6888444222111 1.640632409569494e-46 
15.70085042521261 1.787970755020728e-46 
15.71285642821411 1.948584859839686e-46 
15.72486243121561 2.123674561437171e-46 
15.73686843421711 2.314548439536426e-46 
15.74887443721861 2.522633696991564e-46 
15.76088044022011 2.749486940559927e-46 
15.77288644322161 2.996805943777671e-46 
15.78489244622311 3.266442481601941e-46 
15.79689844922461 3.560416334685657e-46 
15.80890445222611 3.880930570105404e-46 
15.82091045522761 4.230388215138254e-46 
15.83291645822911 4.611410451354888e-46 
15.84492246123061 5.026856467946504e-46 
15.85692846423212 5.479845125921483e-46 
15.86893446723362 5.973778598692875e-46 
15.88094047023512 6.512368169736639e-46 
15.89294647323662 7.099662384550164e-46 
15.90495247623812 7.740077772208947e-46 
15.91695847923962 8.438432371545704e-46 
15.92896448224112 9.199982318513393e-46 
15.94097048524262 1.003046177480784e-45 
15.95297648824412 1.09361265034988e-45 
15.96498249124562 1.192380142544906e-45 
15.97698849424712 1.300093252090577e-45 
15.98899449724862 1.417564347406477e-45 
16.00100050025013 1.545679749489366e-45 
16.01300650325162 1.685406479233811e-45 
16.02501250625313 1.837799621653351e-45 
16.03701850925463 2.004010363514104e-45 
16.04902451225613 2.185294766078808e-45 
16.06103051525763 2.383023340322215e-45 
16.07303651825913 2.598691498162296e-45 
16.08504252126063 2.833930960003763e-45 
16.09704852426213 3.090522206263492e-45 
16.10905452726363 3.370408068598537e-45 
16.12106053026513 3.675708565349165e-45 
16.13306653326664 4.008737095309883e-45 
16.14507253626813 4.372018114425299e-45 
16.15707853926963 4.76830643145624e-45 
16.16908454227114 5.20060827116378e-45 
16.18109054527264 5.672204267211829e-45 
16.19309654827414 6.186674561898686e-45 
16.20510255127564 6.747926206110482e-45 
16.21710855427714 7.36022307067113e-45 
16.22911455727864 8.028218499682686e-45 
16.24112056028014 8.756990957657675e-45 
16.25312656328164 9.552082945406278e-45 
16.26513256628314 1.041954348493603e-44 
16.27713856928464 1.136597450124715e-44 
16.28914457228614 1.239858145907752e-44 
16.30115057528764 1.352522864560265e-44 
16.31315657828915 1.475449952608425e-44 
16.32516258129064 1.609576263876683e-44 
16.33716858429214 1.755924353825065e-44 
16.34917458729365 1.915610334345676e-44 
16.36118059029515 2.089852449751031e-44 
16.37318659329665 2.27998044028015e-44 
16.38519259629815 2.487445765557579e-44 
16.39719859929965 2.713832767113199e-44 
16.40920460230115 2.960870856358964e-44 
16.42121060530265 3.230447822379476e-44 
16.43321660830415 3.524624362588527e-44 
16.44522261130565 3.845649948801476e-44 
16.45722861430716 4.195980151647593e-44 
16.46923461730865 4.578295557578331e-44 
16.48124062031015 4.995522425105473e-44 
16.49324662331166 5.450855240423716e-44 
16.50525262631316 5.947781347341479e-44 
16.51725862931466 6.490107842576577e-44 
16.52926463231616 7.081990945096353e-44 
16.54127063531766 7.727968067432407e-44 
16.55327663831916 8.432992837928923e-44 
16.56528264132066 9.202473345855098e-44 
16.57728864432216 1.004231390640615e-43 
16.58929464732366 1.095896067003004e-43 
16.60130065032516 1.195945143046297e-43 
16.61330665332666 1.305147001857032e-43 
16.62531265632816 1.424340570482714e-43 
16.63731865932967 1.5544418072313e-43 
16.64932466233117 1.696450786474658e-43 
16.66133066533267 1.851459436067889e-43 
16.67333666833417 2.020659987586625e-43 
16.68534267133567 2.205354205145372e-43 
16.69734867433717 2.406963464635228e-43 
16.70935467733867 2.627039761856541e-43 
16.72136068034017 2.867277735273235e-43 
16.73336668334167 3.129527797037614e-43 
16.74537268634317 3.415810474589431e-43 
16.75737868934467 3.728332074588953e-43 
16.76938469234617 4.069501791274674e-43 
16.78139069534767 4.441950392623482e-43 
16.79339669834918 4.848550630022894e-43 
16.80540270135068 5.292439530638394e-43 
16.81740870435218 5.777042746379619e-43 
16.82941470735368 6.306101149452799e-43 
16.84142071035518 6.883699882059829e-43 
16.85342671335668 7.51430008700457e-43 
16.86543271635818 8.202773566945457e-43 
16.87743871935968 8.954440642954956e-43 
16.88944472236118 9.775111508091154e-43 
16.90145072536268 1.067113139905155e-42 
16.91345672836418 1.164942993887917e-42 
16.92546273136568 1.271757503636157e-42 
16.93746873436718 1.388383176346123e-42 
16.94947473736868 1.515722667112161e-42 
16.96148074037018 1.654761804641447e-42 
16.97348674337169 1.806577266056549e-42 
16.98549274637319 1.972344960828385e-42 
16.99749874937469 2.153349189442754e-42 
17.00950475237619 2.350992648479818e-42 
17.02151075537769 2.56680736042541e-42 
17.03351675837919 2.802466613788324e-42 
17.04552276138069 3.059798007025782e-42 
17.05752876438219 3.340797698442632e-42 
17.06953476738369 3.647645973696733e-42 
17.08154077038519 3.982724252888068e-42 
17.09354677338669 4.348633670513859e-42 
17.10555277638819 4.748215373925581e-42 
17.1175587793897 5.184572699423564e-42 
17.1295647823912 5.661095399877365e-42 
17.14157078539269 6.181486113881595e-42 
17.1535767883942 6.749789284074662e-42 
17.1655827913957 7.370422751500712e-42 
17.1775887943972 8.048212273935213e-42 
17.1895947973987 8.788429239087678e-42 
17.2016008004002 9.596831868722947e-42 
17.2136068034017 1.047971023720327e-41 
17.2256128064032 1.144393545796408e-41 
17.2376188094047 1.24970134242338e-41 
17.2496248124062 1.364714352615142e-41 
17.26163081540771 1.490328280560765e-41 
17.27363681840921 1.627521605294635e-41 
17.2856428214107 1.777363239645015e-41 
17.29764882441221 1.941020898666789e-41 
17.30965482741371 2.119770243352603e-41 
17.32166083041521 2.31500487152424e-41 
17.33366683341671 2.528247234481292e-41 
17.34567283641821 2.761160565279609e-41 
17.35767883941971 3.015561912485502e-41 
17.36968484242121 3.29343638196617e-41 
17.38169084542271 3.596952698801327e-41 
17.39369684842421 3.928480211810839e-41 
17.40570285142572 4.290607474570702e-41 
17.41770885442721 4.686162549225037e-41 
17.42971485742871 5.11823519299315e-41 
17.44172086043022 5.590201102125972e-41 
17.45372686343172 6.105748404302741e-41 
17.46573286643321 6.668906608205234e-41 
17.47773886943472 7.284078238403866e-41 
17.48974487243622 7.956073404890917e-41 
17.50175087543772 8.690147579769215e-41 
17.51375687843922 9.492042878933237e-41 
17.52576288144072 1.036803317426447e-40 
17.53776888444222 1.13249733921235e-40 
17.54977488744372 1.237035338699731e-40 
17.56178089044522 1.351235681531403e-40 
17.57378689344672 1.475992547395542e-40 
17.58579289644823 1.612282961119285e-40 
17.59779889944972 1.761174476498845e-40 
17.60980490245122 1.923833573521303e-40 
17.62181090545273 2.101534835274685e-40 
17.63381690845423 2.295670977009467e-40 
17.64582291145573 2.507763806555266e-40 
17.65782891445723 2.739476202664657e-40 
17.66983491745873 2.99262520591021e-40 
17.68184092046023 3.269196325564986e-40 
17.69384692346173 3.571359175520647e-40 
17.70585292646323 3.901484562817509e-40 
17.71785892946473 4.262163163860767e-40 
17.72986493246623 4.656225935968084e-40 
17.74187093546773 5.086766425635591e-40 
17.75387693846923 5.557165149931217e-40 
17.76588294147074 6.071116243845541e-40 
17.77788894447224 6.632656584381367e-40 
17.78989494747374 7.246197621786757e-40 
17.80190095047524 7.916560169788074e-40 
17.81390695347674 8.649012430130292e-40 
17.82591295647824 9.449311552367835e-40 
17.83791895947974 1.032374905787404e-39 
17.84992496248124 1.127920048767419e-39 
17.86193096548274 1.23231796671993e-39 
17.87393696848424 1.346389801767142e-39 
17.88594297148574 1.471032938385841e-39 
17.89794897448724 1.607228089169391e-39 
17.90995497748874 1.756047039709555e-39 
17.92196098049025 1.918661113961202e-39 
17.93396698349175 2.096350427170241e-39 
17.94597298649325 2.290513999695588e-39 
17.95797898949475 2.502680811889178e-39 
17.96998499249625 2.734521887668542e-39 
17.98199099549775 2.987863502583595e-39 
17.99399699849925 3.264701621108148e-39 
18.00600300150075 3.56721767764831e-39 
18.01800900450225 3.897795826432068e-39 
18.03001500750375 4.259041797112032e-39 
18.04202101050525 4.653803505669399e-39 
18.05402701350675 5.085193584153291e-39 
18.06603301650825 5.556614008036876e-39 
18.07803901950975 6.071783016641511e-39 
18.09004502251126 6.634764540305359e-39 
18.10205102551276 7.25000036789886e-39 
18.11405702851426 7.922345310074723e-39 
18.12606303151576 8.657105637458508e-39 
18.13806903451726 9.460081099027189e-39 
18.15007503751876 1.033761085439489e-38 
18.16208104052026 1.129662368485443e-38 
18.17408704352176 1.234469288205829e-38 
18.18609304652326 1.349009625043492e-38 
18.19809904952476 1.474188170012241e-38 
18.21010505252626 1.610993895168604e-38 
18.22211105552776 1.760507792252413e-38 
18.23411705852926 1.923911441804552e-38 
18.24612306153077 2.102496380884689e-38 
18.25812906453227 2.297674343869188e-38 
18.27013506753377 2.510988457760522e-38 
18.28214107053527 2.744125481039731e-38 
18.29414707353677 2.998929183403557e-38 
18.30615307653827 3.277414972814071e-38 
18.31815907953977 3.58178588622355e-38 
18.33016508254127 3.914450071200223e-38 
18.34217108554277 4.278039897558199e-38 
18.35417708854427 4.675432851082077e-38 
18.36618309154577 5.109774375637343e-38 
18.37818909454727 5.584502845484868e-38 
18.39019509754878 6.103376866595888e-38 
18.40220110055028 6.670505124328234e-38 
18.41420710355177 7.290379015123674e-38 
18.42621310655328 7.96790832208224e-38 
18.43821910955478 8.70846021853959e-38 
18.45022511255628 9.517901910311964e-38 
18.46223111555778 1.040264725629191e-37 
18.47423711855928 1.136970773880904e-37 
18.48624312156078 1.242674818986687e-37 
18.49824912456228 1.358214771730691e-37 
18.51025512756378 1.484506631643795e-37 
18.52226113056528 1.622551769803351e-37 
18.53426713356679 1.773444891320667e-37 
18.54627313656828 1.938382740991505e-37 
18.55827913956978 2.118673621516506e-37 
18.57028514257129 2.315747800184529e-37 
18.58229114557279 2.531168887004625e-37 
18.59429714857428 2.766646275028234e-37 
18.60630315157579 3.024048742084384e-37 
18.61830915457729 3.305419322425011e-37 
18.63031515757879 3.612991566919239e-37 
18.64232116058029 3.949207321525674e-37 
18.65432716358179 4.316736165899318e-37 
18.66633316658329 4.718496667251592e-37 
18.67833916958479 5.157679619084358e-37 
18.69034517258629 5.637773450277936e-37 
18.70235117558779 6.162592007355633e-37 
18.7143571785893 6.736304931712565e-37 
18.72636318159079 7.363470874335824e-37 
18.73836918459229 8.049073813222994e-37 
18.7503751875938 8.79856276350787e-37 
18.7623811905953 9.617895197424849e-37 
18.7743871935968 1.051358452090411e-36 
18.7863931965983 1.149275198602572e-36 
18.7983991995998 1.256318345403262e-36 
18.8104052026013 1.373339146239353e-36 
18.8224112056028 1.501268309182878e-36 
18.8344172086043 1.641123417560409e-36 
18.8464232116058 1.794017044413184e-36 
18.85842921460731 1.961165625340282e-36 
18.8704352176088 2.143899160644813e-36 
18.8824412206103 2.343671824338798e-36 
18.89444722361181 2.562073564819297e-36 
18.90645322661331 2.800842789964594e-36 
18.91845922961481 3.061880238078543e-36 
18.93046523261631 3.347264145603049e-36 
18.94247123561781 3.659266832899244e-36 
18.95447723861931 4.00037284075055e-36 
18.96648324162081 4.373298762656378e-36 
18.97848924462231 4.781014931563467e-36 
18.99049524762381 5.226769134531635e-36 
19.00250125062531 5.714112545071151e-36 
19.01450725362681 6.246928080650302e-36 
19.02651325662831 6.829461412296661e-36 
19.03851925962982 7.466354874459732e-36 
19.05052526263132 8.162684546536697e-36 
19.06253126563282 8.924000802873319e-36 
19.07453726863432 9.756372655842628e-36 
19.08654327163582 1.066643624699778e-35 
19.09854927463732 1.166144787453667e-35 
19.11055527763882 1.274934198167111e-35 
19.12256128064032 1.393879457025434e-35 
19.13456728364182 1.523929254750754e-35 
19.14657328664332 1.666120956124625e-35 
19.15857928964482 1.82158889310254e-35 
19.17058529264632 1.991573433951202e-35 
19.18259129564782 2.177430901061774e-35 
19.19459729864932 2.380644416897519e-35 
19.20660330165082 2.602835764977311e-35 
19.21860930465233 2.845778360937005e-35 
19.23061530765383 3.111411437614121e-35 
19.24262131065533 3.401855557839186e-35 
19.25462731365683 3.719429579267688e-35 
19.26663331665833 4.066669207235431e-35 
19.27863931965983 4.446347284360818e-35 
19.29064532266133 4.8614959795526e-35 
19.30265132566283 5.315431054322832e-35 
19.31465732866433 5.811778400974828e-35 
19.32666333166583 6.354503065468593e-35 
19.33866933466733 6.947940987708308e-35 
19.35067533766883 7.596833713808082e-35 
19.36268134067033 8.306366358748828e-35 
19.37468734367184 9.082209123932559e-35 
19.38669334667334 9.930562702680386e-35 
19.39869934967484 1.085820793793664e-34 
19.41070535267634 1.187256013058466e-34 
19.42271135567784 1.29817284341248e-34 
19.43471735867934 1.419458081231201e-34 
19.44672336168084 1.552081508102796e-34 
19.45872936468234 1.697103660453027e-34 
19.47073536768384 1.855684326967151e-34 
19.48274137068534 2.029091842014502e-34 
19.49474737368684 2.218713249676062e-34 
19.50675337668834 2.426065419969922e-34 
19.51875937968985 2.652807206520011e-34 
19.53076538269135 2.900752743281724e-34 
19.54277138569284 3.171885987091234e-34 
19.55477738869435 3.468376622817073e-34 
19.56678339169585 3.792597458843599e-34 
19.57878939469735 4.14714345259437e-34 
19.59079539769885 4.534852518905556e-34 
19.60280140070035 4.958828288390981e-34 
19.61480740370185 5.422464998616352e-34 
19.62681340670335 5.929474718047139e-34 
19.63881940970485 6.483917121490199e-34 
19.65082541270635 7.090232056264949e-34 
19.66283141570786 7.753275160780486e-34 
19.67483741870936 8.478356821741623e-34 
19.68684342171085 9.271284783056709e-34 
19.69884942471236 1.013841074888986e-33 
19.71085542771386 1.108668135542601e-33 
19.72286143071536 1.212369392105843e-33 
19.73486743371686 1.325775742314709e-33 
19.74687343671836 1.449795919154319e-33 
19.75887943971986 1.585423785506863e-33 
19.77088544272136 1.733746312744895e-33 
19.78289144572286 1.895952307423148e-33 
19.79489744872436 2.073341956241841e-33 
19.80690345172586 2.267337266039401e-33 
19.81890945472736 2.479493482775584e-33 
19.83091545772886 2.711511581345257e-33 
19.84292146073037 2.965251926682082e-33 
19.85492746373187 3.242749216039458e-33 
19.86693346673336 3.546228822649407e-33 
19.87893946973487 3.878124672241617e-33 
19.89094547273637 4.241098796245751e-33 
19.90295147573787 4.638062718999557e-33 
19.91495747873937 5.072200851052499e-33 
19.92696348174087 5.546996076808244e-33 
19.93896948474237 6.066257742419899e-33 
19.95097548774387 6.634152269181811e-33 
19.96298149074537 7.255236638806717e-33 
19.97498749374687 7.934495020107989e-33 
19.98699349674838 8.677378831909645e-33 
19.99899949974987 9.489850564686273e-33 
20.01100550275137 1.037843171371403e-32 
20.02301150575288 1.135025520963659e-32 
20.03501750875438 1.241312276858374e-32 
20.04702351175588 1.357556762361746e-32 
20.05902951475738 1.484692314264031e-32 
20.07103551775888 1.623739788533383e-32 
20.08304152076038 1.775815770358351e-32 
20.09504752376188 1.942141554660896e-32 
20.10705352676338 2.124052969411357e-32 
20.11905952976488 2.323011120869523e-32 
20.13106553276639 2.540614147307014e-32 
20.14307153576788 2.778610075895174e-32 
20.15507753876938 3.038910886335509e-32 
20.16708354177089 3.323607894537954e-32 
20.17908954477239 3.634988580294571e-32 
20.19109554777389 3.975554994538438e-32 
20.20310155077539 4.348043894513603e-32 
20.21510755377689 4.755448769114781e-32 
20.22711355677839 5.201043931897398e-32 
20.23911955977989 5.688410875932842e-32 
20.25112556278139 6.221467102924805e-32 
20.26313156578289 6.804497658957818e-32 
20.27513756878439 7.442189631079562e-32 
20.28714357178589 8.139669882800512e-32 
20.29914957478739 8.902546332720953e-32 
20.3111555777889 9.736953109077131e-32 
20.3231615807904 1.064959994426644e-31 
20.3351675837919 1.164782620761819e-31 
20.3471735867934 1.273966001209853e-31 
20.3591795897949 1.393388287157693e-31 
20.3711855927964 1.52401004300692e-31 
20.3831915957979 1.666881983336834e-31 
20.3951975987994 1.823153436707782e-31 
20.4072036018009 1.994081604370216e-31 
20.4192096048024 2.181041688560415e-31 
20.4312156078039 2.385537972082179e-31 
20.4432216108054 2.609215938552051e-31 
20.4552276138069 2.853875531085653e-31 
20.4672336168084 3.121485656392483e-31 
20.4792396198099 3.414200051300225e-31 
20.49124562281141 3.73437463972856e-31 
20.50325162581291 4.084586520165475e-31 
20.51525762881441 4.467654736863511e-31 
20.52726363181591 4.886663002375467e-31 
20.53926963481741 5.344984554805461e-31 
20.55127563781891 5.846309350389057e-31 
20.56328164082041 6.394673810874904e-31 
20.57528764382191 6.994493365812375e-31 
20.58729364682341 7.650598052421865e-31 
20.59929964982491 8.368271460419211e-31 
20.61130565282641 9.153293336182676e-31 
20.62331165582791 1.001198619020881e-30 
20.63531765882941 1.095126628414082e-30 
20.64732366183092 1.197869940903185e-30 
20.65932966483242 1.310256190521146e-30 
20.67133566783392 1.433190741646972e-30 
20.68334167083542 1.56766399176024e-30 
20.69534767383692 1.714759360504693e-30 
20.70735367683842 1.875662029579279e-30 
20.71935967983992 2.05166850404191e-30 
20.73136568284142 2.244197072248905e-30 
20.74337168584292 2.454799248914969e-30 
20.75537768884442 2.685172293723713e-30 
20.76738369184592 2.937172906611052e-30 
20.77938969484742 3.212832210354021e-30 
20.79139569784893 3.514372141502216e-30 
20.80340170085043 3.844223382072657e-30 
20.81540770385192 4.205044976883272e-30 
20.82741370685343 4.599745795026346e-30 
20.83941970985493 5.031508008891339e-30 
20.85142571285643 5.503812780457069e-30 
20.86343171585793 6.020468362418424e-30 
20.87543771885943 6.585640841236939e-30 
20.88744372186093 7.203887770565606e-30 
20.89944972486243 7.880194966869296e-30 
20.91145572786393 8.620016764632083e-30 
20.92346173086543 9.429320056518644e-30 
20.93546773386693 1.031463247446522e-29 
20.94747373686843 1.128309510116408e-29 
20.95947973986993 1.234252013804499e-29 
20.97148574287144 1.350145399594485e-29 
20.98349174587294 1.476924631851634e-29 
20.99549774887443 1.615612549641381e-29 
21.00750375187594 1.76732812827976e-29 
21.01950975487744 1.933295517814256e-29 
21.03151575787894 2.114853931518647e-29 
21.04352176088044 2.313468464361946e-29 
21.05552776388194 2.53074192893528e-29 
21.06753376688344 2.768427804552331e-29 
21.07953976988494 3.028444404245564e-29 
21.09154577288644 3.31289037423473e-29 
21.10355177588794 3.624061651225922e-29 
21.11555777888945 3.964470014696062e-29 
21.12756378189095 4.336863384224672e-29 
21.13956978489244 4.74424802605664e-29 
21.15157578789395 5.189912848530859e-29 
21.16358179089545 5.677455982915199e-29 
21.17558779389695 6.210813864685233e-29 
21.18759379689845 6.794293050522329e-29 
21.19959979989995 7.43260502845004e-29 
21.21160580290145 8.13090430275558e-29 
21.22361180590295 8.894830061851911e-29 
21.23561780890445 9.730551766240206e-29 
21.24762381190595 1.064481902546734e-28 
21.25962981490746 1.164501616769558e-28 
21.27163581790895 1.273922194349328e-28 
21.28364182091045 1.393627484702391e-28 
21.29564782391196 1.524584458329278e-28 
21.30765382691346 1.667851025987566e-28 
21.31965982991496 1.824584593600301e-28 
21.33166583291646 1.996051422145093e-28 
21.34367183591796 2.183636868287597e-28 
21.35567783891946 2.388856588655585e-28 
21.36768384192096 2.613368798453809e-28 
21.37968984492246 2.858987683658788e-28 
21.39169584792396 3.127698075375629e-28 
21.40370185092547 3.421671505161712e-28 
21.41570785392696 3.743283771307536e-28 
21.42771385692846 4.095134158303747e-28 
21.43971985992997 4.480066465114697e-28 
21.45172586293147 4.901192012531258e-28 
21.46373186593297 5.361914815907958e-28 
21.47573786893447 5.865959127131618e-28 
21.48774387193597 6.417399568863004e-28 
21.49974987493747 7.020694105094913e-28 
21.51175587793897 7.680720115050189e-28 
21.52376188094047 8.402813862587386e-28 
21.53576788394197 9.192813680794442e-28 
21.54777388694347 1.005710722155449e-27 
21.55977988994497 1.100268315280735e-27 
21.57178589294647 1.203718772227184e-27 
21.58379189594798 1.316898664583117e-27 
21.59579789894947 1.440723282193442e-27 
21.60780390195097 1.576194042058374e-27 
21.61980990495248 1.724406594713989e-27 
21.63181590795398 1.886559693770933e-27 
21.64382191095548 2.063964900473106e-27 
21.65582791395698 2.258057201906374e-27 
21.66783391695848 2.470406628893131e-27 
21.67983991995998 2.70273096771203e-27 
21.69184592296148 2.956909668648995e-27 
21.70385192596298 3.234999064087837e-27 
21.71585792896448 3.539249019464987e-27 
21.72786393196598 3.872121152029206e-27 
21.73986993496748 4.236308765057904e-27 
21.75187593796898 4.634758659089997e-27 
21.76388194097049 5.070694996953854e-27 
21.77588794397199 5.547645416021451e-27 
21.78789394697349 6.069469599341266e-27 
21.79989994997499 6.640390537240802e-27 
21.81190595297649 7.265028732806516e-27 
21.82391195597799 7.948439628521476e-27 
21.83591795897949 8.696154557463053e-27 
21.84792396198099 9.514225551046191e-27 
21.85992996498249 1.040927436657443e-26 
21.87193596798399 1.138854613208468e-26 
21.88394197098549 1.24599680434203e-26 
21.89594797398699 1.363221358944476e-26 
21.90795397698849 1.49147728261469e-26 
21.91995997999 1.631802926945331e-26 
21.9319659829915 1.785334403025135e-26 
21.943971985993 1.953314787387354e-26 
21.9559779889945 2.137104195057798e-26 
21.967983991996 2.338190801390104e-26 
21.9799899949975 2.558202902072963e-26 
21.991995997999 2.798922109116522e-26 
22.0040020010005 3.062297789841452e-26 
22.016008004002 3.350462865979023e-26 
22.0280140070035 3.665751101025873e-26 
22.040020010005 4.010716016072559e-26 
22.0520260130065 4.388151587538498e-26 
22.064032016008 4.801114894704781e-26 
22.07603801900951 5.252950900758129e-26 
22.088044022011 5.747319568372112e-26 
22.10005002501251 6.288225529796673e-26 
22.11205602801401 6.880050552157483e-26 
22.12406203101551 7.52758906135111e-26 
22.13606803401701 8.236087012744894e-26 
22.14807403701851 9.011284424052876e-26 
22.16008004002001 9.859461915482268e-26 
22.17208604302151 1.078749163476973e-25 
22.18409204602301 1.180289298031748e-25 
22.19609804902451 1.291389357458524e-25 
22.20810405202601 1.412949598251094e-25 
22.22011005502752 1.545955071636798e-25 
22.23211605802901 1.691483611949782e-25 
22.24412206103052 1.850714577719812e-25 
22.25612806403202 2.024938416415316e-25 
22.26813406703352 2.215567130465985e-25 
22.28014007003502 2.424145729507373e-25 
22.29214607303652 2.652364761796819e-25 
22.30415207603802 2.902074026511856e-25 
22.31615807903952 3.175297578230095e-25 
22.32816408204102 3.474250145381408e-25 
22.34017008504252 3.801355095944229e-25 
22.35217608804402 4.159264096221282e-25 
22.36418209104552 4.550878622278082e-25 
22.37618809404702 4.979373498671799e-25 
22.38819409704853 5.4482226555609e-25 
22.40020010005003 5.961227313300968e-25 
22.41220610305152 6.522546823345743e-25 
22.42421210605303 7.136732415844992e-25 
22.43621810905453 7.808764127937342e-25 
22.44822411205603 8.544091212568861e-25 
22.46023011505753 9.348676355936571e-25 
22.47223611805903 1.02290440625902e-24 
22.48424212106053 1.119233360107655e-24 
22.49624812406203 1.224635694005394e-24 
22.50825412706353 1.339966214534089e-24 
22.52026013006503 1.466160275272162e-24 
22.53226613306653 1.604241367987385e-24 
22.54427213606803 1.755329429390354e-24 
22.55627813906953 1.920649930910107e-24 
22.56828414207104 2.101543825314431e-24 
22.58029014507254 2.299478430958449e-24 
22.59229614807404 2.516059342062593e-24 
22.60430215107554 2.753043461756952e-24 
22.61630815407704 3.012353263751139e-24 
22.62831415707854 3.296092398471147e-24 
22.64032016008004 3.606562770428604e-24 
22.65232616308154 3.946283225541983e-24 
22.66433216608304 4.318010000210928e-24 
22.67633816908454 4.724759098260318e-24 
22.68834417208604 5.169830777536319e-24 
22.70035017508754 5.65683634507991e-24 
22.71235617808905 6.189727478563483e-24 
22.72436218109054 6.772828312205812e-24 
22.73636818409205 7.410870547846723e-24 
22.74837418709355 8.109031876447905e-24 
22.76038019009505 8.872978022190463e-24 
22.77238619309655 9.708908750781691e-24 
22.78439219609805 1.062360821580251e-23 
22.79639819909955 1.162450005218537e-23 
22.80840420210105 1.271970766449634e-23 
22.82041020510255 1.391812019991897e-23 
22.83241620810405 1.522946474204425e-23 
22.84442221110555 1.666438531213655e-23 
22.85642821410705 1.823452931988109e-23 
22.86843421710855 1.99526421661741e-23 
22.88044022011006 2.183267076678531e-23 
22.89244622311156 2.388987683824198e-23 
22.90445222611306 2.614096086664515e-23 
22.91645822911456 2.86041977669767e-23 
22.92846423211606 3.129958533549743e-23 
22.94047023511756 3.42490067018437e-23 
22.95247623811906 3.747640810125075e-23 
22.96448224112056 4.100799341188867e-23 
22.97648824412206 4.487243703860674e-23 
22.98849424712356 4.910111687355208e-23 
23.00050025012506 5.372836922737141e-23 
23.01250625312656 5.879176780335095e-23 
23.02451225612806 6.433242898234879e-23 
23.03651825912956 7.039534590032061e-23 
23.04852426213106 7.702975403437049e-23 
23.06053026513257 8.428953126948162e-23 
23.07253626813407 9.223363569847926e-23 
23.08454227113557 1.00926584714633e-22 
23.09654827413707 1.104389792921127e-22 
23.10855427713857 1.20848077717007e-22 
23.12056028014007 1.32238423433781e-22 
23.13256628314157 1.447025321121665e-22 
23.14457228614307 1.58341643521127e-22 
23.15657828914457 1.732665443236302e-22 
23.16858429214607 1.895984684827935e-22 
23.18059029514757 2.074700826012345e-22 
23.19259629814907 2.270265642062812e-22 
23.20460230115058 2.484267817497271e-22 
23.21660830415207 2.718445859181695e-22 
23.22861430715358 2.974702227554139e-22 
23.24062031015508 3.255118800893061e-22 
23.25262631315658 3.561973798397417e-22 
23.26463231615808 3.897760299713279e-22 
23.27663831915958 4.265206511528826e-22 
23.28864432216108 4.667297946072332e-22 
23.30065032516258 5.107301691901797e-22 
23.31265632816408 5.588792974396776e-22 
23.32466233116558 6.11568422199132e-22 
23.33666833416708 6.692256874573349e-22 
23.34867433716859 7.323196192786123e-22 
23.36068034017008 8.013629351383518e-22 
23.37268634317159 8.769167126511029e-22 
23.38469234617309 9.595949516026667e-22 
23.39669834917459 1.050069566397781e-21 
23.40870435217609 1.149075849537256e-21 
23.42071035517759 1.257418450571194e-21 
23.43271635817909 1.375977919169458e-21 
23.44472236118059 1.505717865541005e-21 
23.45672836418209 1.647692796457361e-21 
23.46873436718359 1.803056690633409e-21 
23.48074037018509 1.973072383235419e-21 
23.49274637318659 2.159121835870961e-21 
23.50475237618809 2.362717375621531e-21 
23.5167583791896 2.58551399456514e-21 
23.5287643821911 2.829322809866892e-21 
23.5407703851926 3.096125793961058e-21 
23.5527763881941 3.388091894685179e-21 
23.5647823911956 3.707594676539547e-21 
23.5767883941971 4.057231626625998e-21 
23.5887943971986 4.439845282369327e-21 
23.6008004002001 4.858546352952884e-21 
23.6128064032016 5.316739022627967e-21 
23.6248124062031 5.818148641816567e-21 
23.6368184092046 6.366852031363422e-21 
23.6488244122061 6.967310646564587e-21 
23.6608304152076 7.624406870878891e-21 
23.6728364182091 8.343483734705506e-21 
23.6848424212106 9.130388382492619e-21 
23.69684842421211 9.991519641956275e-21 
23.70885442721361 1.093388008258292e-20 
23.72086043021511 1.196513298713648e-20 
23.73286643321661 1.309366469988818e-20 
23.74487243621811 1.432865285906068e-20 
23.75687843921961 1.568014106888431e-20 
23.76888444222111 1.715912061909138e-20 
23.78089044522261 1.877761991705344e-20 
23.79289644822411 2.054880236056141e-20 
23.80490245122561 2.248707344797249e-20 
23.81690845422711 2.460819799766037e-20 
23.82891445722861 2.692942843101808e-20 
23.84092046023012 2.946964516334769e-20 
23.85292646323161 3.224951024556099e-20 
23.86493246623312 3.52916355075133e-20 
23.87693846923462 3.862076657187824e-20 
23.88894447223612 4.226398423670581e-20 
23.90095047523762 4.625092486624271e-20 
23.91295647823912 5.061402158438463e-20 
23.92496248124062 5.538876823453609e-20 
23.93696848424212 6.061400825505454e-20 
23.94897448724362 6.633225082236203e-20 
23.96098049024512 7.259001683587359e-20 
23.97298649324662 7.943821756192392e-20 
23.98499249624813 8.693256901985624e-20 
23.99699849924962 9.513404548453197e-20 
24.00900450225113 1.041093757981038e-19 
24.02101050525263 1.139315865325578e-19 
24.03301650825413 1.246805964261206e-19 
24.04502251125563 1.364438669342442e-19 
24.05702851425713 1.493171141929386e-19 
24.06903451725863 1.634050881924357e-19 
24.08104052026013 1.788224255066137e-19 
24.09304652326163 1.956945825227583e-19 
24.10505252626313 2.141588567719582e-19 
24.11705852926463 2.34365504678071e-19 
24.12906453226613 2.564789648286111e-19 
24.14107053526763 2.806791967304886e-19 
24.15307653826913 3.071631459542794e-19 
24.16508254127064 3.361463476003021e-19 
24.17708854427213 3.67864681146598e-19 
24.18909454727364 4.025762909721449e-19 
24.20110055027514 4.405636881983358e-19 
24.21310655327664 4.821360509689091e-19 
24.22511255627814 5.276317419051834e-19 
24.23711855927964 5.77421063242781e-19 
24.24912456228114 6.319092720924617e-19 
24.26113056528264 6.915398803869947e-19 
24.27313656828414 7.567982663954585e-19 
24.28514257128564 8.282156272248808e-19 
24.29714857428714 9.063733045073771e-19 
24.30915457728864 9.919075185116127e-19 
24.32116058029014 1.085514549245221e-18 
24.33316658329165 1.187956406756935e-18 
24.34517258629315 1.30006703683329e-18 
24.35717858929465 1.42275911264733e-18 
24.36918459229615 1.557031467691344e-18 
24.38119059529765 1.703977230551245e-18 
24.39319659829915 1.864792727799284e-18 
24.40520260130065 2.040787227541077e-18 
24.41720860430215 2.233393603003381e-18 
24.42921460730365 2.444180003046549e-18 
24.44122061030515 2.674862624691252e-18 
24.45322661330665 2.927319691729697e-18 
24.46523261630815 3.203606753320585e-18 
24.47723861930966 3.505973427224283e-18 
24.48924462231115 3.836881724108142e-18 
24.50125062531266 4.199026102237324e-18 
24.51325662831416 4.595355415969046e-18 
24.52526263131566 5.029096936902801e-18 
24.53726863431716 5.50378264343166e-18 
24.54927463731866 6.023277992927918e-18 
24.56128064032016 6.591813411030948e-18 
24.57328664332166 7.214018754650951e-18 
24.58529264632316 7.89496102954013e-18 
24.59729864932466 8.640185669810114e-18 
24.60930465232616 9.45576171580754e-18 
24.62131065532767 1.034833125853538e-17 
24.63331665832916 1.132516355358483e-17 
24.64532266133067 1.239421424560496e-17 
24.65732866433217 1.356419018599543e-17 
24.66933466733367 1.48446203721005e-17 
24.68134067033517 1.624593358608294e-17 
24.69334667333667 1.777954336627027e-17 
24.70535267633817 1.94579410035391e-17 
24.71735867933967 2.129479732072314e-17 
24.72936468234117 2.330507406463022e-17 
24.74137068534267 2.550514581861775e-17 
24.75337668834417 2.791293342944283e-17 
24.76538269134567 3.054805003597221e-17 
24.77738869434717 3.343196089007491e-17 
24.78939469734867 3.65881582724627e-17 
24.80140070035018 4.00423529293093e-17 
24.81340670335167 4.382268359017126e-17 
24.82541270635318 4.795994627514981e-17 
24.83741870935468 5.248784526057669e-17 
24.84942471235618 5.744326774909357e-17 
24.86143071535768 6.286658448326421e-17 
24.87343671835918 6.880197875338732e-17 
24.88544272136068 7.529780648169166e-17 
24.89744872436218 8.24069903184802e-17 
24.90945472736368 9.018745096311698e-17 
24.92146073036518 9.870257922627532e-17 
24.93346673336668 1.080217526820707e-16 
24.94547273636818 1.18220901122291e-16 
24.95747873936968 1.293831254228793e-16 
24.96948474237119 1.415993748683635e-16 
24.98149074537269 1.549691884566179e-16 
24.99349674837419 1.696015062280719e-16 
25.00550275137569 1.856155572345014e-16 
25.01750875437719 2.031418313875176e-16 
25.02951475737869 2.223231431108912e-16 
25.04152076038019 2.43315795469506e-16 
25.05352676338169 2.662908542671284e-16 
25.06553276638319 2.914355425019926e-16 
25.07753876938469 3.189547665507508e-16 
25.08954477238619 3.490727865256301e-16 
25.10155077538769 3.820350444254415e-16 
25.1135567783892 4.181101649879809e-16 
25.12556278139069 4.575921455598665e-16 
25.1375687843922 5.008027528414345e-16 
25.1495747873937 5.480941460515709e-16 
25.1615807903952 5.998517479040335e-16 
25.1735867933967 6.564973868079884e-16 
25.1855927963982 7.184927359176494e-16 
25.1975987993997 7.863430770770908e-16 
25.2096048024012 8.606014203562815e-16 
25.2216108054027 9.41873012774769e-16 
25.2336168084042 1.030820272983884e-15 
25.2456228114057 1.128168192152758e-15 
25.25762881440721 1.234710245106173e-15 
25.2696348174087 1.35131485992434e-15 
25.28164082041021 1.478932498770063e-15 
25.29364682341171 1.618603407694614e-15 
25.30565282641321 1.771466098630603e-15 
25.31765882941471 1.938766632752815e-15 
25.32966483241621 2.121868780925051e-15 
25.34167083541771 2.322265144105838e-15 
25.35367683841921 2.541589324416822e-15 
25.36568284142071 2.781629246148617e-15 
25.37768884442221 3.04434173535986e-15 
25.38969484742371 3.331868476992649e-15 
25.40170085042521 3.646553479665287e-15 
25.41370685342671 3.990962190603012e-15 
25.42571285642821 4.367902416629496e-15 
25.43771885942972 4.780447221876203e-15 
25.44972486243121 5.231959988993485e-15 
25.46173086543272 5.726121848298125e-15 
25.47373686843422 6.266961698610972e-15 
25.48574287143572 6.85888906468297e-15 
25.49774887443722 7.506730059250863e-15 
25.50975487743872 8.215766743094058e-15 
25.52176088044022 8.991780204188122e-15 
25.53376688344172 9.841097707394544e-15 
25.54577288644322 1.077064429933845e-14 
25.55777888944472 1.178799928947663e-14 
25.56978489244622 1.290145806814462e-14 
25.58179089544772 1.412009976591807e-14 
25.59379689844922 1.545386130628545e-14 
25.60580290145073 1.69136184557965e-14 
25.61780890445223 1.851127453294695e-14 
25.62981490745373 2.025985749955426e-14 
25.64182091045523 2.21736262267786e-14 
25.65382691345673 2.426818680280763e-14 
25.66583291645823 2.656061983116443e-14 
25.67783891945973 2.906961975828194e-14 
25.68984492246123 3.181564736714932e-14 
25.70185092546273 3.482109668127411e-14 
25.71385692846423 3.811047764079793e-14 
25.72586293146573 4.171061604131188e-14 
25.73786893446723 4.565087236679078e-14 
25.74987493746874 4.996338130225394e-14 
25.76188094047023 5.468331388052179e-14 
25.77388694347174 5.984916440215074e-14 
25.78589294647324 6.550306446980004e-14 
25.79789894947474 7.169112669956582e-14 
25.80990495247624 7.846382091401322e-14 
25.82191095547774 8.587638588672661e-14 
25.83391695847924 9.398927999834285e-14 
25.84592296148074 1.028686744816028e-13 
25.85792896448224 1.125869932805433e-13 
25.86993496748374 1.232235039293944e-13 
25.88194097048524 1.348649642731484e-13 
25.89394697348675 1.476063303075304e-13 
25.90595297648824 1.61551530914942e-13 
25.91795897948974 1.768143158189449e-13 
25.92996498249125 1.935191836774578e-13 
25.94197098549274 2.118023978889319e-13 
25.95397698849425 2.318130984016963e-13 
25.96598299149575 2.537145186002563e-13 
25.97798899449725 2.77685317200001e-13 
25.98999499749875 3.039210360205081e-13 
26.00200100050025 3.326356955351191e-13 
26.01400700350175 3.640635412190534e-13 
26.02601300650325 3.984609549492422e-13 
26.03801900950475 4.361085470563271e-13 
26.05002501250625 4.773134461038925e-13 
26.06203101550775 5.22411805084014e-13 
26.07403701850926 5.717715444848027e-13 
26.08604302151075 6.257953546192104e-13 
26.09804902451226 6.849239817207348e-13 
26.11005502751376 7.496398246281047e-13 
26.12206103051526 8.20470871416439e-13 
26.13406703351676 8.979950081074731e-13 
26.14607303651826 9.828447346288793e-13 
26.15807903951976 1.075712326517285e-12 
26.17008504252126 1.17735548449845e-12 
26.18209104552276 1.288603518060933e-12 
26.19409704852426 1.410364113498945e-12 
26.20610305152576 1.543630741671582e-12 
26.21810905452726 1.689490765948224e-12 
26.23011505752876 1.849134316526148e-12 
26.24212106053027 2.023864003563134e-12 
26.25412706353177 2.215105548416e-12 
26.26613306653327 2.424419419771623e-12 
26.27813906953477 2.653513569661227e-12 
26.29014507253627 2.904257373328515e-12 
26.30215107553777 3.178696886751057e-12 
26.31415707853927 3.47907154637229e-12 
26.32616308154077 3.80783244737656e-12 
26.33816908454227 4.167662349727897e-12 
26.35017508754377 4.56149757529991e-12 
26.36218109054527 4.992551974864668e-12 
26.37418709354677 5.464343160608504e-12 
26.38619309654828 5.980721218340675e-12 
26.39819909954977 6.545900133807579e-12 
26.41020510255128 7.164492189686179e-12 
26.42221110555278 7.841545614086478e-12 
26.43421710855428 8.582585787942205e-12 
26.44622311155578 9.393660347728522e-12 
26.45822911455728 1.028138855175235e-11 
26.47023511755878 1.12530153130751e-11 
26.48224112056028 1.231647034023328e-11 
26.49424712356178 1.348043286863064e-11 
26.50625312656328 1.47544025111275e-11 
26.51825912956478 1.614877680632072e-11 
26.53026513256628 1.767493609770009e-11 
26.54227113556778 1.934533643673025e-11 
26.55427713856928 2.117361126843065e-11 
26.56628314157079 2.317468272974429e-11 
26.57828914457228 2.536488346948541e-11 
26.59029514757379 2.77620899845776e-11 
26.60230115057529 3.038586856133908e-11 
26.61430715357679 3.3257635013509e-11 
26.62631315657829 3.640082952137858e-11 
26.63831915957979 3.984110799971376e-11 
26.65032516258129 4.360655155713979e-11 
26.66233116558279 4.772789575740382e-11 
26.67433716858429 5.223878155464801e-11 
26.68634317158579 5.7176029951832e-11 
26.69834917458729 6.257994262518687e-11 
26.7103551775888 6.849463096964471e-11 
26.72236118059029 7.496837625230152e-11 
26.7343671835918 8.205402381503166e-11 
26.7463731865933 8.980941454545543e-11 
26.7583791895948 9.829785713983904e-11 
26.7703851925963 1.075886450146634e-10 
26.7823911955978 1.177576220882594e-10 
26.7943971985993 1.288878020530462e-10 
26.8064032016008 1.410700461957932e-10 
26.8184092046023 1.544038053015168e-10 
26.8304152076038 1.689979317000322e-10 
26.8424212106053 1.849715680870837e-10 
26.8544272136068 2.024551203790464e-10 
26.8664332166083 2.215913225465648e-10 
26.87843921960981 2.425364021237618e-10 
26.89044522261131 2.654613559119631e-10 
26.90245122561281 2.905533462969493e-10 
26.91445722861431 3.180172295839261e-10 
26.92646323161581 3.480772288327384e-10 
26.93846923461731 3.809787648561614e-10 
26.95047523761881 4.169904603360147e-10 
26.96248124062031 4.564063334259288e-10 
26.97448724362181 4.995481987573923e-10 
26.98649324662331 5.467682954598675e-10 
26.99849924962481 5.984521636601364e-10 
27.01050525262631 6.550217929557506e-10 
27.02251125562782 7.169390685791256e-10 
27.03451725862931 7.847095434005622e-10 
27.04652326163082 8.588865665801805e-10 
27.05852926463232 9.400758025921576e-10 
27.07053526763382 1.028940177533572e-09 
27.08254127063532 1.12620529312062e-09 
27.09454727363682 1.232665352595534e-09 
27.10655327663832 1.349189646949348e-09 
27.11855927963982 1.47672965444299e-09 
27.13056528264132 1.61632681141931e-09 
27.14257128564282 1.769121017882646e-09 
27.15457728864432 1.936359947325048e-09 
27.16658329164582 2.119409236848547e-09 
27.17858929464732 2.319763640824325e-09 
27.19059529764882 2.539059239201353e-09 
27.20260130065033 2.779086800193047e-09 
27.21460730365182 3.041806406501372e-09 
27.22661330665333 3.329363464560568e-09 
27.23861930965483 3.644106227581568e-09 
27.25062531265633 3.988604975545715e-09 
27.26263131565783 4.365673008833457e-09 
27.27463731865933 4.778389626990955e-09 
27.28664332166083 5.230125280356224e-09 
27.29864932466233 5.724569100018721e-09 
27.31065532766383 6.265759031017666e-09 
27.32266133066533 6.858114814953296e-09 
27.33466733366683 7.506474091465632e-09 
27.34667333666833 8.216131913517487e-09 
27.35867933966983 8.99288399931042e-09 
27.37068534267134 9.843074074192252e-09 
27.38269134567284 1.077364568933195e-08 
27.39469734867434 1.179219894051526e-08 
27.40670335167584 1.290705255045146e-08 
27.41870935467734 1.412731182180502e-08 
27.43071535767884 1.546294301613381e-08 
27.44272136068034 1.692485476642045e-08 
27.45472736368184 1.852498718835339e-08 
27.46673336668334 2.027640941842011e-08 
27.47873936968484 2.219342637572984e-08 
27.49074537268634 2.429169561985029e-08 
27.50275137568784 2.65883552594381e-08 
27.51475737868935 2.910216395674011e-08 
27.52676338169085 3.18536541718797e-08 
27.53876938469235 3.486529989902845e-08 
27.55077538769385 3.816170026498007e-08 
27.56278139069535 4.176978049026118e-08 
27.57478739369685 4.571901185478951e-08 
27.58679339669835 5.00416524653853e-08 
27.59879939969985 5.477301079242362e-08 
27.61080540270135 5.995173412897599e-08 
27.62281140570285 6.562012432944571e-08 
27.63481740870435 7.182448340762165e-08 
27.64682341170585 7.861549181807784e-08 
27.65882941470735 8.604862251192805e-08 
27.67083541770885 9.418459415028686e-08 
27.68284142071035 1.030898671787817e-07 
27.69484742371186 1.128371868167186e-07 
27.70685342671336 1.235061773978925e-07 
27.71885942971486 1.351839929196796e-07 
27.73086543271636 1.479660291163933e-07 
27.74287143571786 1.619567028756685e-07 
27.75487743871936 1.772703053669847e-07 
27.76688344172086 1.940319358538315e-07 
27.77888944472236 2.123785238203975e-07 
27.79089544772386 2.324599477653997e-07 
27.80290145072536 2.544402598056801e-07 
27.81490745372686 2.784990260969255e-07 
27.82691345672836 3.048327940253849e-07 
27.83891945972987 3.336566981605094e-07 
27.85092546273136 3.652062180924865e-07 
27.86293146573287 3.997391025199431e-07 
27.87493746873437 4.375374753118244e-07 
27.88694347173587 4.789101407546861e-07 
27.89894947473737 5.241951068245594e-07 
27.91095547773887 5.737623471044385e-07 
27.92296148074037 6.28016823918887e-07 
27.93496748374187 6.874017973921876e-07 
27.94697348674337 7.524024474733353e-07 
27.95897948974487 8.235498385290848e-07 
27.97098549274637 9.014252589061368e-07 
27.98299149574787 9.866649709282456e-07 
27.99499749874937 1.079965410148633e-06 
28.00700350175088 1.182088876349998e-06 
28.01900950475238 1.29386976280365e-06 
28.03101550775388 1.416221374698718e-06 
28.04302151075538 1.550143392467941e-06 
28.05502751375688 1.696730041007638e-06 
28.06703351675838 1.857179031559125e-06 
28.07903951975988 2.032801349334304e-06 
28.09104552276138 2.225031966880953e-06 
28.10305152576288 2.435441570750035e-06 
28.11505752876438 2.665749397309805e-06 
28.12706353176588 2.91783728261748e-06 
28.13906953476738 3.193765041182793e-06 
28.15107553776889 3.495787299319979e-06 
28.16308154077038 3.826371920674559e-06 
28.17508754377189 4.188220174525689e-06 
28.18709354677339 4.584288811710453e-06 
28.19909954977489 5.017814228609588e-06 
28.21110555277639 5.492338916702266e-06 
28.22311155577789 6.011740413880323e-06 
28.23511755877939 6.580262994162316e-06 
28.24712356178089 7.202552354832362e-06 
28.25912956478239 7.883693584530669e-06 
28.27113556778389 8.629252722642575e-06 
28.28314157078539 9.445322249689693e-06 
28.29514757378689 1.033857088056089e-05 
28.30715357678839 1.131629806759439e-05 
28.31915957978989 1.238649365902368e-05 
28.3311655827914 1.355790320044279e-05 
28.34317158579289 1.484009941307677e-05 
28.3551775887944 1.62435604331368e-05 
28.3671835917959 1.777975545180966e-05 
28.3791895947974 1.946123845593031e-05 
28.3911955977989 2.13017508356084e-05 
28.4032016008004 2.331633369756618e-05 
28.4152076038019 2.552145080228892e-05 
28.4272136068034 2.793512312993919e-05 
28.4392196098049 3.057707617505158e-05 
28.4512256128064 3.346890117408432e-05 
28.4632316158079 3.663423158380644e-05 
28.47523761880941 4.009893625317881e-05 
28.4872436218109 4.389133086785966e-05 
28.49924962481241 4.804240939584996e-05 
28.51125562781391 5.258609742630931e-05 
28.52326163081541 5.755952947255844e-05 
28.53526763381691 6.300335250620133e-05 
28.54727363681841 6.896205820375163e-05 
28.55927963981991 7.548434662188786e-05 
28.57128564282141 8.262352427440762e-05 
28.58329164582291 9.043793986520605e-05 
28.59529764882441 9.8991461239466e-05 
28.60730365182591 0.0001083539974522343 
28.61930965482741 0.0001186020702224264 
28.63131565782891 0.0001298194394440655 
28.64332166083042 0.0001420977878685253 
28.65532766383192 0.0001555374705553177 
28.66733366683342 0.0001702483352185112 
28.67933966983492 0.0001863506201755014 
28.69134567283642 0.0002039759372393347 
28.70335167583792 0.0002232683475902851 
28.71535767883942 0.0002443855394225908 
28.72736368184092 0.0002675001169943854 
28.73936968484242 0.0002928010116197043 
28.75137568784392 0.000320495026138477 
28.76338169084542 0.0003508085254917607 
28.77538769384692 0.0003839892872240706 
28.78739369684843 0.0004203085270422834 
28.79939969984992 0.0004600631159919136 
28.81140570285143 0.0005035780073783092 
28.82341170585293 0.0005512088932752872 
28.83541770885443 0.0006033451123409451 
28.84742371185593 0.0006604128327152153 
28.85942971485743 0.0007228785360229559 
28.87143571785893 0.0007912528309684003 
28.88344172086043 0.0008660946277017492 
28.89544772386193 0.0009480157070886121 
28.90745372686343 0.001037685722242039 
28.91945972986493 0.001135837673211392 
28.93146573286643 0.001243273899591244 
28.94347173586793 0.001360872640048445 
28.95547773886943 0.001489595212401161 
28.96748374187094 0.001630493872957889 
28.97948974487243 0.001784720419378777 
28.99149574787394 0.001953535607401382 
29.00350175087544 0.002138319458428046 
29.01550775387694 0.00234058254225671 
29.02751375687844 0.002561978327210947 
29.03951975987994 0.002804316698653278 
29.05152576288144 0.003069578756420004 
29.06353176588294 0.003359933012173901 
29.07553776888444 0.00367775311911866 
29.08754377188594 0.004025637279049652 
29.09954977488744 0.004406429485431837 
29.11155577788895 0.004823242776209617 
29.12356178089044 0.005279484686487977 
29.13556778389195 0.005778885109213751 
29.14757378689345 0.006325526791677344 
29.15957978989495 0.006923878717209996 
29.17158579289645 0.007578832645045629 
29.18359179589795 0.008295743107142857 
29.19559779889945 0.009080471189032636 
29.20760380190095 0.009939432452701961 
29.21960980490245 0.01087964939339654 
29.23161580790395 0.01190880885930314 
29.24362181090545 0.01303532490365792 
29.25562781390695 0.01426840758325287 
29.26763381690845 0.01561813826594195 
29.27963981990996 0.01709555206297866 
29.29164582291146 0.01871272806028405 
29.30365182591296 0.02048288808652397 
29.31565782891446 0.02242050482568927 
29.32766383191596 0.02454142015829327 
29.33966983491746 0.02686297469895174 
29.35167583791896 0.02940414958967756 
29.36368184092046 0.03218572170845153 
29.37568784392196 0.03523043356234545 
29.38769384692346 0.03856317925456778 
29.39969984992496 0.04221120804626075 
29.41170585292646 0.04620434717777418 
29.42371185592796 0.05057524577165353 
29.43571785892946 0.05535964181199577 
29.44772386193096 0.06059665438355601 
29.45972986493247 0.06632910356057653 
29.47173586793397 0.0726038605614439 
29.48374187093547 0.07947223103281253 
29.49574787393697 0.08699037459778763 
29.50775387693847 0.09521976409935098 
29.51975987993997 0.1042276882948704 
29.53176588294147 0.1140878021129088 
29.54377188594297 0.1248807289725492 
29.55577788894447 0.1366947200912648 
29.56778389194597 0.1496263761734603 
29.57978989494747 0.1637814373820193 
29.59179589794897 0.1792756480536712 
29.60380190095048 0.1962357032303193 
29.61580790395197 0.214800284747643 
29.62781390695348 0.2351211953547806 
29.63981990995498 0.2573646001407 
29.65182591295648 0.2817123854205357 
29.66383191595798 0.3083636461958962 
29.67583791895948 0.3375363143547681 
29.68784392196098 0.3694689409277847 
29.69984992496248 0.4044226469776914 
29.71185592796398 0.4426832590781331 
29.72386193096548 0.4845636468477058 
29.73586793396698 0.5304062816578911 
29.74787393696849 0.5805860374425577 
29.75987993996998 0.6355132565169603 
29.77188594297149 0.6956371054817991 
29.78389194597299 0.7614492486606439 
29.79589794897449 0.8334878691162971 
29.80790395197599 0.9123420701347073 
29.81990995497749 0.9986566931771053 
29.83191595797899 1.093137591707589 
29.84392196098049 1.196557404032276 
29.85592796398199 1.309761872367907 
29.86793396698349 1.433676759825763 
29.87993996998499 1.569315421887582 
29.89194597298649 1.717787094303734 
29.90395197598799 1.880305965204124 
29.9159579789895 2.058201105627028 
29.927963981991 2.252927339692824 
29.9399699849925 2.466077143335775 
29.951975987994 2.699393668920583 
29.9639819909955 2.954785002280133 
29.975987993997 3.234339768792052 
29.9879939969985 3.540344216146917 
30 3.875300913540366 
